1109.929	30773.000
1110.074	28853.000
1110.220	29919.000
1110.366	28135.000
1110.511	29113.000
1110.657	27503.000
1110.802	28288.000
1110.948	26680.000
1111.094	27474.000
1111.239	25960.000
1111.385	26692.000
1111.530	25386.000
1111.676	26066.000
1111.821	24660.000
1111.967	25430.000
1112.112	24319.000
1112.258	24741.000
1112.403	23609.000
1112.549	24300.000
1112.694	23161.000
1112.840	23766.000
1112.985	22534.000
1113.131	23335.000
1113.276	22127.000
1113.421	22724.000
1113.567	21675.000
1113.712	22365.000
1113.858	21222.000
1114.003	21864.000
1114.149	20934.000
1114.294	21572.000
1114.439	20688.000
1114.585	21232.000
1114.730	20341.000
1114.875	20815.000
1115.021	20071.000
1115.166	20710.000
1115.311	19858.000
1115.457	20531.000
1115.602	19808.000
1115.747	20406.000
1115.893	19688.000
1116.038	20271.000
1116.183	19673.000
1116.329	20183.000
1116.474	19532.000
1116.619	20234.000
1116.764	19501.000
1116.910	20246.000
1117.055	19654.000
1117.200	20357.000
1117.345	19656.000
1117.490	20557.000
1117.636	19995.000
1117.781	20728.000
1117.926	20163.000
1118.071	20913.000
1118.216	20429.000
1118.362	21196.000
1118.507	20745.000
1118.652	21645.000
1118.797	21143.000
1118.942	22038.000
1119.087	21616.000
1119.232	22648.000
1119.377	22141.000
1119.523	23295.000
1119.668	22571.000
1119.813	23955.000
1119.958	23507.000
1120.103	24779.000
1120.248	24226.000
1120.393	25749.000
1120.538	25279.000
1120.683	26811.000
1120.828	26319.000
1120.973	28007.000
1121.118	27519.000
1121.263	29389.000
1121.408	29088.000
1121.553	31013.000
1121.698	30702.000
1121.843	32895.000
1121.988	32334.000
1122.133	34782.000
1122.278	34366.000
1122.423	37094.000
1122.568	36549.000
1122.713	39620.000
1122.858	38920.000
1123.002	42374.000
1123.147	41757.000
1123.292	45309.000
1123.437	44740.000
1123.582	48910.000
1123.727	47973.000
1123.872	52518.000
1124.017	51975.000
1124.161	56952.000
1124.306	56170.000
1124.451	62723.000
1124.596	62305.000
1124.741	62738.000
1124.885	62384.000
1125.030	62775.000
1125.175	62384.000
1125.320	62737.000
1125.465	62346.000
1125.609	62801.000
1125.754	62690.000
1125.899	62741.000
1126.044	62308.000
1126.188	62579.000
1126.333	62266.000
1126.478	62784.000
1126.622	62361.000
1126.767	62723.000
1126.912	62450.000
1127.056	62793.000
1127.201	62340.000
1127.346	62763.000
1127.490	62370.000
1127.635	62759.000
1127.780	62438.000
1127.924	63103.000
1128.069	62391.000
1128.214	62759.000
1128.358	62635.000
1128.503	62770.000
1128.647	62410.000
1128.792	62774.000
1128.937	62365.000
1129.081	62665.000
1129.226	62336.000
1129.370	62688.000
1129.515	62356.000
1129.659	62793.000
1129.804	62327.000
1129.948	62605.000
1130.093	62375.000
1130.237	62886.000
1130.382	62356.000
1130.526	62632.000
1130.671	62387.000
1130.815	62773.000
1130.960	62368.000
1131.104	62730.000
1131.249	62309.000
1131.393	62758.000
1131.537	62389.000
1131.682	62707.000
1131.826	62439.000
1131.971	62857.000
1132.115	62316.000
1132.260	62780.000
1132.404	62385.000
1132.548	62700.000
1132.693	62397.000
1132.837	62648.000
1132.981	62465.000
1133.126	62800.000
1133.270	62476.000
1133.414	62775.000
1133.559	62376.000
1133.703	62663.000
1133.847	62378.000
1133.992	62768.000
1134.136	62418.000
1134.280	62766.000
1134.424	62416.000
1134.569	62697.000
1134.713	62407.000
1134.857	62810.000
1135.001	62357.000
1135.146	62663.000
1135.290	62384.000
1135.434	62709.000
1135.578	62528.000
1135.722	62748.000
1135.867	62390.000
1136.011	62782.000
1136.155	62380.000
1136.299	62713.000
1136.443	62489.000
1136.587	62691.000
1136.732	62306.000
1136.876	62720.000
1137.020	62390.000
1137.164	62737.000
1137.308	62418.000
1137.452	62712.000
1137.596	62398.000
1137.740	62743.000
1137.884	62445.000
1138.028	62775.000
1138.172	62501.000
1138.316	62707.000
1138.461	62370.000
1138.605	62628.000
1138.749	62470.000
1138.893	62856.000
1139.037	62440.000
1139.181	62747.000
1139.325	62417.000
1139.469	63145.000
1139.613	62464.000
1139.757	62755.000
1139.900	62536.000
1140.044	62736.000
1140.188	62446.000
1140.332	62740.000
1140.476	62440.000
1140.620	62828.000
1140.764	62553.000
1140.908	62786.000
1141.052	62480.000
1141.196	62725.000
1141.340	62414.000
1141.484	62752.000
1141.627	62443.000
1141.771	62769.000
1141.915	62402.000
1142.059	62767.000
1142.203	62454.000
1142.347	62721.000
1142.490	62421.000
1142.634	62721.000
1142.778	62407.000
1142.922	62765.000
1143.066	62456.000
1143.209	62706.000
1143.353	62470.000
1143.497	62734.000
1143.641	62418.000
1143.784	62775.000
1143.928	62384.000
1144.072	62844.000
1144.216	62424.000
1144.359	63066.000
1144.503	62375.000
1144.647	62755.000
1144.790	62499.000
1144.934	62788.000
1145.078	62428.000
1145.221	62707.000
1145.365	62402.000
1145.509	62820.000
1145.652	62362.000
1145.796	62713.000
1145.940	62435.000
1146.083	62710.000
1146.227	62437.000
1146.370	62749.000
1146.514	62408.000
1146.657	62714.000
1146.801	62517.000
1146.945	62739.000
1147.088	62428.000
1147.232	62719.000
1147.375	62487.000
1147.519	62800.000
1147.662	62454.000
1147.806	62678.000
1147.949	62484.000
1148.093	62768.000
1148.236	62427.000
1148.380	62706.000
1148.523	62512.000
1148.667	62714.000
1148.810	62450.000
1148.954	62688.000
1149.097	62488.000
1149.241	62787.000
1149.384	62370.000
1149.527	62664.000
1149.671	62529.000
1149.814	62707.000
1149.958	62511.000
1150.101	62721.000
1150.244	62458.000
1150.388	62743.000
1150.531	62540.000
1150.674	62710.000
1150.818	62383.000
1150.961	62766.000
1151.104	62428.000
1151.248	62659.000
1151.391	62367.000
1151.534	62692.000
1151.678	62443.000
1151.821	62756.000
1151.964	62510.000
1152.108	62767.000
1152.251	62451.000
1152.394	62717.000
1152.537	62530.000
1152.681	62634.000
1152.824	62451.000
1152.967	62717.000
1153.110	62518.000
1153.253	62706.000
1153.397	62508.000
1153.540	62694.000
1153.683	62458.000
1153.826	62779.000
1153.969	62390.000
1154.113	62585.000
1154.256	62455.000
1154.399	62688.000
1154.542	62483.000
1154.685	62675.000
1154.828	62468.000
1154.971	62733.000
1155.114	62486.000
1155.258	62628.000
1155.401	62506.000
1155.544	62761.000
1155.687	62427.000
1155.830	62686.000
1155.973	62549.000
1156.116	62717.000
1156.259	62464.000
1156.402	62748.000
1156.545	62404.000
1156.688	62765.000
1156.831	62546.000
1156.974	62723.000
1157.117	62418.000
1157.260	62794.000
1157.403	62406.000
1157.546	62728.000
1157.689	62448.000
1157.832	62710.000
1157.975	62522.000
1158.118	62758.000
1158.261	62402.000
1158.404	62663.000
1158.547	62523.000
1158.689	62782.000
1158.832	62550.000
1158.975	62731.000
1159.118	62537.000
1159.261	62709.000
1159.404	62503.000
1159.547	62754.000
1159.690	62452.000
1159.832	62789.000
1159.975	62469.000
1160.118	62680.000
1160.261	62447.000
1160.404	62619.000
1160.546	62478.000
1160.689	62745.000
1160.832	57246.000
1160.975	57657.000
1161.118	54982.000
1161.260	55322.000
1161.403	52958.000
1161.546	53305.000
1161.689	51110.000
1161.831	51705.000
1161.974	49469.000
1162.117	49977.000
1162.259	48094.000
1162.402	48654.000
1162.545	46718.000
1162.687	47364.000
1162.830	45561.000
1162.973	46233.000
1163.115	44410.000
1163.258	45127.000
1163.401	43651.000
1163.543	44063.000
1163.686	42657.000
1163.829	43268.000
1163.971	41898.000
1164.114	42418.000
1164.256	41244.000
1164.399	41645.000
1164.541	40746.000
1164.684	40894.000
1164.827	40111.000
1164.969	40439.000
1165.112	39362.000
1165.254	39887.000
1165.397	38963.000
1165.539	39483.000
1165.682	38415.000
1165.824	39023.000
1165.967	38098.000
1166.109	38510.000
1166.252	37584.000
1166.394	38210.000
1166.537	37364.000
1166.679	37812.000
1166.822	36975.000
1166.964	37628.000
1167.106	36762.000
1167.249	37218.000
1167.391	36504.000
1167.534	36518.000
1167.676	36406.000
1167.818	36980.000
1167.961	36076.000
1168.103	36804.000
1168.246	35911.000
1168.388	36487.000
1168.530	35842.000
1168.673	36460.000
1168.815	35718.000
1168.957	36006.000
1169.100	35259.000
1169.242	35806.000
1169.384	35005.000
1169.526	35447.000
1169.669	34662.000
1169.811	35095.000
1169.953	34394.000
1170.095	34863.000
1170.238	34077.000
1170.380	34450.000
1170.522	33860.000
1170.664	34253.000
1170.807	33586.000
1170.949	33999.000
1171.091	33271.000
1171.233	33591.000
1171.375	32937.000
1171.518	33456.000
1171.660	32978.000
1171.802	33155.000
1171.944	32616.000
1172.086	32983.000
1172.228	32389.000
1172.371	32668.000
1172.513	32118.000
1172.655	32471.000
1172.797	31924.000
1172.939	32249.000
1173.081	31733.000
1173.223	32030.000
1173.365	31483.000
1173.507	31893.000
1173.649	31272.000
1173.791	31599.000
1173.933	30959.000
1174.075	31319.000
1174.217	30864.000
1174.359	31047.000
1174.501	30506.000
1174.643	30899.000
1174.785	30277.000
1174.927	30635.000
1175.069	30076.000
1175.211	30343.000
1175.353	29909.000
1175.495	30149.000
1175.637	29713.000
1175.779	30008.000
1175.921	29377.000
1176.063	29603.000
1176.205	29221.000
1176.347	29459.000
1176.489	28969.000
1176.631	29129.000
1176.772	28654.000
1176.914	28932.000
1177.056	28386.000
1177.198	28608.000
1177.340	28140.000
1177.482	28356.000
1177.624	27789.000
1177.765	28096.000
1177.907	27670.000
1178.049	27797.000
1178.191	27399.000
1178.333	27746.000
1178.474	27122.000
1178.616	27416.000
1178.758	26763.000
1178.900	27064.000
1179.041	26796.000
1179.183	26963.000
1179.325	26445.000
1179.467	26652.000
1179.608	26025.000
1179.750	26397.000
1179.892	25914.000
1180.033	26254.000
1180.175	25829.000
1180.317	25916.000
1180.458	25584.000
1180.600	25703.000
1180.742	25388.000
1180.883	25512.000
1181.025	25130.000
1181.167	25412.000
1181.308	24958.000
1181.450	25184.000
1181.591	24634.000
1181.733	24870.000
1181.875	24613.000
1182.016	24607.000
1182.158	24371.000
1182.299	24562.000
1182.441	24163.000
1182.582	24362.000
1182.724	24073.000
1182.866	24227.000
1183.007	23966.000
1183.149	23980.000
1183.290	23762.000
1183.432	23917.000
1183.573	23624.000
1183.715	23766.000
1183.856	23485.000
1183.998	23631.000
1184.139	23433.000
1184.280	23458.000
1184.422	23253.000
1184.563	23326.000
1184.705	23199.000
1184.846	23256.000
1184.988	23000.000
1185.129	23383.000
1185.270	23001.000
1185.412	23167.000
1185.553	22915.000
1185.694	23055.000
1185.836	22897.000
1185.977	22982.000
1186.119	22798.000
1186.260	22836.000
1186.401	22898.000
1186.543	22978.000
1186.684	22740.000
1186.825	22830.000
1186.966	22727.000
1187.108	22886.000
1187.249	22647.000
1187.390	22802.000
1187.532	22601.000
1187.673	22783.000
1187.814	22694.000
1187.955	22844.000
1188.097	22656.000
1188.238	22792.000
1188.379	22647.000
1188.520	22883.000
1188.661	22737.000
1188.803	22921.000
1188.944	22806.000
1189.085	22891.000
1189.226	22866.000
1189.367	22883.000
1189.508	22871.000
1189.650	23029.000
1189.791	23052.000
1189.932	23183.000
1190.073	22997.000
1190.214	23161.000
1190.355	22971.000
1190.496	23352.000
1190.637	23227.000
1190.778	23358.000
1190.919	23270.000
1191.061	23311.000
1191.202	23403.000
1191.343	23634.000
1191.484	23459.000
1191.625	23642.000
1191.766	23682.000
1191.907	23976.000
1192.048	23751.000
1192.189	24033.000
1192.330	24011.000
1192.471	24192.000
1192.612	24207.000
1192.753	24301.000
1192.894	24336.000
1193.035	24442.000
1193.175	24487.000
1193.316	24573.000
1193.457	24601.000
1193.598	24883.000
1193.739	24786.000
1193.880	24959.000
1194.021	24950.000
1194.162	25292.000
1194.303	25282.000
1194.444	25448.000
1194.584	25385.000
1194.725	25511.000
1194.866	25497.000
1195.007	25610.000
1195.148	25619.000
1195.289	25801.000
1195.429	25798.000
1195.570	26100.000
1195.711	26049.000
1195.852	26319.000
1195.993	26231.000
1196.133	26449.000
1196.274	26359.000
1196.415	26525.000
1196.556	26520.000
1196.696	26757.000
1196.837	26582.000
1196.978	26865.000
1197.119	26881.000
1197.259	27256.000
1197.400	27035.000
1197.541	27363.000
1197.681	27293.000
1197.822	27609.000
1197.963	27559.000
1198.103	27776.000
1198.244	27749.000
1198.385	27982.000
1198.525	27966.000
1198.666	28087.000
1198.807	28264.000
1198.947	28425.000
1199.088	28215.000
1199.228	28640.000
1199.369	28347.000
1199.509	28647.000
1199.650	28481.000
1199.791	28800.000
1199.931	28810.000
1200.072	28974.000
1200.212	28805.000
1200.353	29007.000
1200.493	28880.000
1200.634	29067.000
1200.774	28811.000
1200.915	28964.000
1201.055	28938.000
1201.196	28943.000
1201.336	28899.000
1201.477	29131.000
1201.617	28891.000
1201.758	29169.000
1201.898	28909.000
1202.039	29125.000
1202.179	29057.000
1202.319	29268.000
1202.460	29161.000
1202.600	29364.000
1202.741	29368.000
1202.881	29480.000
1203.021	29485.000
1203.162	29828.000
1203.302	29709.000
1203.442	30011.000
1203.583	29828.000
1203.723	30146.000
1203.863	30060.000
1204.004	30396.000
1204.144	30403.000
1204.284	30745.000
1204.425	30681.000
1204.565	30916.000
1204.705	30938.000
1204.845	31379.000
1204.986	31493.000
1205.126	31774.000
1205.266	31730.000
1205.406	31916.000
1205.547	32126.000
1205.687	32373.000
1205.827	32429.000
1205.967	32643.000
1206.108	32763.000
1206.248	33026.000
1206.388	33033.000
1206.528	33391.000
1206.668	33379.000
1206.808	33574.000
1206.949	33618.000
1207.089	34055.000
1207.229	33896.000
1207.369	34393.000
1207.509	34134.000
1207.649	34746.000
1207.789	34739.000
1207.929	35006.000
1208.070	34984.000
1208.210	35273.000
1208.350	35410.000
1208.490	35816.000
1208.630	35760.000
1208.770	36154.000
1208.910	36140.000
1209.050	36662.000
1209.190	36721.000
1209.330	36916.000
1209.470	37066.000
1209.610	37517.000
1209.750	37443.000
1209.890	37884.000
1210.030	37937.000
1210.170	38434.000
1210.310	38383.000
1210.450	38853.000
1210.590	38835.000
1210.730	39221.000
1210.870	39161.000
1211.009	39742.000
1211.149	39676.000
1211.289	40054.000
1211.429	40019.000
1211.569	40707.000
1211.709	40491.000
1211.849	41045.000
1211.989	40883.000
1212.128	41391.000
1212.268	41482.000
1212.408	41741.000
1212.548	41710.000
1212.688	42195.000
1212.828	42260.000
1212.967	42971.000
1213.107	42473.000
1213.247	42983.000
1213.387	42927.000
1213.527	43059.000
1213.666	43302.000
1213.806	43617.000
1213.946	43563.000
1214.086	43899.000
1214.225	43584.000
1214.365	44201.000
1214.505	44058.000
1214.644	44408.000
1214.784	44225.000
1214.924	44586.000
1215.064	44607.000
1215.203	44806.000
1215.343	44545.000
1215.483	44912.000
1215.622	44695.000
1215.762	45062.000
1215.901	44842.000
1216.041	45168.000
1216.181	44870.000
1216.320	45217.000
1216.460	44910.000
1216.599	45243.000
1216.739	45107.000
1216.879	45311.000
1217.018	44874.000
1217.158	45127.000
1217.297	44731.000
1217.437	45058.000
1217.576	44640.000
1217.716	44838.000
1217.855	44301.000
1217.995	44651.000
1218.134	44362.000
1218.274	44391.000
1218.413	43980.000
1218.553	44096.000
1218.692	43695.000
1218.832	43897.000
1218.971	43629.000
1219.111	43648.000
1219.250	43129.000
1219.390	43499.000
1219.529	42766.000
1219.669	42964.000
1219.808	42478.000
1219.947	42504.000
1220.087	41993.000
1220.226	42088.000
1220.365	41511.000
1220.505	41685.000
1220.644	41037.000
1220.784	41183.000
1220.923	40528.000
1221.062	40548.000
1221.202	39991.000
1221.341	39869.000
1221.480	39544.000
1221.619	39350.000
1221.759	38887.000
1221.898	38747.000
1222.037	38214.000
1222.177	38238.000
1222.316	37623.000
1222.455	37491.000
1222.594	37077.000
1222.734	36923.000
1222.873	36495.000
1223.012	36209.000
1223.151	35946.000
1223.290	35567.000
1223.430	35154.000
1223.569	34934.000
1223.708	34483.000
1223.847	34190.000
1223.986	33816.000
1224.126	33608.000
1224.265	33144.000
1224.404	32898.000
1224.543	32521.000
1224.682	32106.000
1224.821	31805.000
1224.960	31590.000
1225.099	31302.000
1225.239	31053.000
1225.378	30556.000
1225.517	30466.000
1225.656	30030.000
1225.795	29798.000
1225.934	29266.000
1226.073	29128.000
1226.212	28825.000
1226.351	28479.000
1226.490	28101.000
1226.629	27969.000
1226.768	27673.000
1226.907	27266.000
1227.046	27052.000
1227.185	26756.000
1227.324	26582.000
1227.463	26423.000
1227.602	25907.000
1227.741	25674.000
1227.880	25424.000
1228.019	25149.000
1228.158	24897.000
1228.297	24663.000
1228.435	24507.000
1228.574	24235.000
1228.713	23952.000
1228.852	23728.000
1228.991	23506.000
1229.130	23388.000
1229.269	23082.000
1229.408	22916.000
1229.546	22774.000
1229.685	22480.000
1229.824	22316.000
1229.963	22096.000
1230.102	21949.000
1230.241	21605.000
1230.379	21592.000
1230.518	21400.000
1230.657	21088.000
1230.796	21010.000
1230.934	20915.000
1231.073	20758.000
1231.212	20588.000
1231.351	20450.000
1231.489	20283.000
1231.628	20028.000
1231.767	20000.000
1231.906	19863.000
1232.044	19707.000
1232.183	19636.000
1232.322	19463.000
1232.460	19458.000
1232.599	19319.000
1232.738	19085.000
1232.876	19186.000
1233.015	19095.000
1233.154	18909.000
1233.292	18879.000
1233.431	18755.000
1233.569	18587.000
1233.708	18552.000
1233.847	16351.000
1233.985	18394.000
1234.124	18306.000
1234.262	18163.000
1234.401	18066.000
1234.539	18099.000
1234.678	17924.000
1234.816	17882.000
1234.955	17802.000
1235.094	17877.000
1235.232	17611.000
1235.371	17615.000
1235.509	17471.000
1235.648	17636.000
1235.786	17459.000
1235.924	17447.000
1236.063	17226.000
1236.201	17357.000
1236.340	17123.000
1236.478	17129.000
1236.617	17188.000
1236.755	17078.000
1236.894	17066.000
1237.032	17057.000
1237.170	16920.000
1237.309	17108.000
1237.447	16921.000
1237.586	17037.000
1237.724	16839.000
1237.862	16856.000
1238.001	16881.000
1238.139	16753.000
1238.277	16663.000
1238.416	16666.000
1238.554	16603.000
1238.692	16524.000
1238.831	16631.000
1238.969	16648.000
1239.107	16610.000
1239.245	16616.000
1239.384	16442.000
1239.522	16568.000
1239.660	16424.000
1239.798	16482.000
1239.937	16346.000
1240.075	16471.000
1240.213	16326.000
1240.351	16380.000
1240.490	16292.000
1240.628	16412.000
1240.766	16389.000
1240.904	16346.000
1241.042	16274.000
1241.180	16437.000
1241.319	16185.000
1241.457	16204.000
1241.595	16255.000
1241.733	16338.000
1241.871	16161.000
1242.009	16356.000
1242.147	21943.000
1242.285	16341.000
1242.424	16139.000
1242.562	16167.000
1242.700	16157.000
1242.838	16235.000
1242.976	16090.000
1243.114	16173.000
1243.252	16183.000
1243.390	16269.000
1243.528	16188.000
1243.666	16153.000
1243.804	16074.000
1243.942	16173.000
1244.080	16169.000
1244.218	16176.000
1244.356	16111.000
1244.494	16167.000
1244.632	16014.000
1244.770	16145.000
1244.908	16054.000
1245.046	16186.000
1245.184	16023.000
1245.322	16136.000
1245.460	16025.000
1245.597	16061.000
1245.735	16011.000
1245.873	15931.000
1246.011	15956.000
1246.149	15995.000
1246.287	15872.000
1246.425	15968.000
1246.563	15825.000
1246.700	15994.000
1246.838	15827.000
1246.976	15929.000
1247.114	15765.000
1247.252	15867.000
1247.390	15620.000
1247.527	15805.000
1247.665	15658.000
1247.803	15846.000
1247.941	15620.000
1248.078	15845.000
1248.216	15683.000
1248.354	15752.000
1248.492	15608.000
1248.629	15708.000
1248.767	15524.000
1248.905	15783.000
1249.042	15668.000
1249.180	15545.000
1249.318	15546.000
1249.456	15689.000
1249.593	15607.000
1249.731	15557.000
1249.869	15483.000
1250.006	15558.000
1250.144	15594.000
1250.281	15555.000
1250.419	15539.000
1250.557	15569.000
1250.694	15476.000
1250.832	15562.000
1250.970	15441.000
1251.107	15518.000
1251.245	15338.000
1251.382	15498.000
1251.520	15464.000
1251.657	15610.000
1251.795	15346.000
1251.932	15403.000
1252.070	15424.000
1252.207	15508.000
1252.345	15377.000
1252.483	15464.000
1252.620	15317.000
1252.757	15478.000
1252.895	15330.000
1253.032	15298.000
1253.170	15331.000
1253.307	15390.000
1253.445	15291.000
1253.582	15271.000
1253.720	15267.000
1253.857	15475.000
1253.995	15345.000
1254.132	15297.000
1254.269	15302.000
1254.407	15222.000
1254.544	15297.000
1254.681	15290.000
