1389.877	12908.000
1390.026	12736.000
1390.174	12889.000
1390.323	12793.000
1390.472	12844.000
1390.621	12839.000
1390.770	12862.000
1390.919	12759.000
1391.067	12816.000
1391.216	12764.000
1391.365	12789.000
1391.514	12852.000
1391.662	12789.000
1391.811	12674.000
1391.960	12834.000
1392.109	12853.000
1392.257	12681.000
1392.406	12778.000
1392.555	12776.000
1392.703	12800.000
1392.852	12763.000
1393.000	12643.000
1393.149	12909.000
1393.298	12735.000
1393.446	12825.000
1393.595	12700.000
1393.743	12854.000
1393.892	12668.000
1394.040	12747.000
1394.189	12684.000
1394.337	12805.000
1394.486	12743.000
1394.634	12807.000
1394.783	12699.000
1394.931	12737.000
1395.079	12682.000
1395.228	12850.000
1395.376	12614.000
1395.525	12834.000
1395.673	12667.000
1395.821	12791.000
1395.970	12724.000
1396.118	12753.000
1396.266	12754.000
1396.414	12726.000
1396.563	12681.000
1396.711	12813.000
1396.859	12599.000
1397.007	12748.000
1397.156	12625.000
1397.304	12751.000
1397.452	12584.000
1397.600	12794.000
1397.748	12673.000
1397.896	12726.000
1398.045	12603.000
1398.193	12680.000
1398.341	12634.000
1398.489	12655.000
1398.637	12542.000
1398.785	12710.000
1398.933	12540.000
1399.081	12608.000
1399.229	12524.000
1399.377	12609.000
1399.525	12596.000
1399.673	12647.000
1399.821	12451.000
1399.969	12607.000
1400.117	12541.000
1400.265	12615.000
1400.413	12451.000
1400.561	12676.000
1400.708	12547.000
1400.856	12588.000
1401.004	12466.000
1401.152	12496.000
1401.300	12479.000
1401.448	12534.000
1401.595	12559.000
1401.743	12499.000
1401.891	12486.000
1402.039	12595.000
1402.186	12407.000
1402.334	12442.000
1402.482	12403.000
1402.629	12459.000
1402.777	12349.000
1402.925	12482.000
1403.072	12382.000
1403.220	12404.000
1403.368	12392.000
1403.515	12473.000
1403.663	12370.000
1403.810	12502.000
1403.958	12362.000
1404.105	12443.000
1404.253	12375.000
1404.400	12530.000
1404.548	12399.000
1404.695	12462.000
1404.843	12324.000
1404.990	12401.000
1405.138	12228.000
1405.285	12424.000
1405.433	12382.000
1405.580	12386.000
1405.727	12357.000
1405.875	12388.000
1406.022	12327.000
1406.170	12409.000
1406.317	12361.000
1406.464	12310.000
1406.611	12422.000
1406.759	12380.000
1406.906	12253.000
1407.053	12454.000
1407.201	12331.000
1407.348	12437.000
1407.495	12319.000
1407.642	12375.000
1407.789	12325.000
1407.937	12384.000
1408.084	12410.000
1408.231	12402.000
1408.378	12316.000
1408.525	12250.000
1408.672	12298.000
1408.819	12508.000
1408.966	12383.000
1409.113	12410.000
1409.260	12395.000
1409.407	12489.000
1409.554	12354.000
1409.701	12409.000
1409.848	12359.000
1409.995	12480.000
1410.142	12452.000
1410.289	12485.000
1410.436	12360.000
1410.583	12433.000
1410.730	12399.000
1410.877	12482.000
1411.024	12269.000
1411.171	12496.000
1411.318	12479.000
1411.464	12524.000
1411.611	12360.000
1411.758	12370.000
1411.905	12420.000
1412.052	12452.000
1412.198	12318.000
1412.345	12332.000
1412.492	12375.000
1412.638	12333.000
1412.785	12403.000
1412.932	12469.000
1413.079	12387.000
1413.225	12425.000
1413.372	12344.000
1413.518	12414.000
1413.665	12237.000
1413.812	12361.000
1413.958	12399.000
1414.105	12327.000
1414.251	12311.000
1414.398	12387.000
1414.544	12296.000
1414.691	12406.000
1414.838	12369.000
1414.984	12327.000
1415.130	12329.000
1415.277	12333.000
1415.423	12286.000
1415.570	12429.000
1415.716	12350.000
1415.863	12283.000
1416.009	12277.000
1416.155	12175.000
1416.302	12238.000
1416.448	12327.000
1416.594	12339.000
1416.741	12315.000
1416.887	12289.000
1417.033	12213.000
1417.180	12158.000
1417.326	12292.000
1417.472	12190.000
1417.618	12319.000
1417.765	12287.000
1417.911	12225.000
1418.057	12214.000
1418.203	12160.000
1418.349	12141.000
1418.495	12180.000
1418.642	12223.000
1418.788	12159.000
1418.934	12157.000
1419.080	12108.000
1419.226	12224.000
1419.372	12267.000
1419.518	12085.000
1419.664	12227.000
1419.810	12084.000
1419.956	12151.000
1420.102	12104.000
1420.248	12159.000
1420.394	12180.000
1420.540	12113.000
1420.686	12153.000
1420.832	12115.000
1420.978	12101.000
1421.124	12012.000
1421.270	12157.000
1421.415	12133.000
1421.561	12067.000
1421.707	12083.000
1421.853	12094.000
1421.999	12067.000
1422.144	12076.000
1422.290	12095.000
1422.436	12149.000
1422.582	12079.000
1422.727	12108.000
1422.873	11938.000
1423.019	12105.000
1423.165	12003.000
1423.310	12101.000
1423.456	12041.000
1423.602	12200.000
1423.747	12143.000
1423.893	12083.000
1424.038	12096.000
1424.184	12153.000
1424.330	12017.000
1424.475	12117.000
1424.621	12080.000
1424.766	12135.000
1424.912	12034.000
1425.057	11993.000
1425.203	12055.000
1425.348	12022.000
1425.494	12043.000
1425.639	12075.000
1425.785	12070.000
1425.930	12183.000
1426.075	12036.000
1426.221	12135.000
1426.366	12198.000
1426.512	12179.000
1426.657	12178.000
1426.802	11976.000
1426.948	12032.000
1427.093	12079.000
1427.238	12001.000
1427.383	12055.000
1427.529	12264.000
1427.674	12123.000
1427.819	12052.000
1427.964	12149.000
1428.110	12201.000
1428.255	12048.000
1428.400	12074.000
1428.545	12114.000
1428.690	12070.000
1428.835	12122.000
1428.981	12077.000
1429.126	12129.000
1429.271	12079.000
1429.416	12091.000
1429.561	12131.000
1429.706	12131.000
1429.851	12112.000
1429.996	12121.000
1430.141	12166.000
1430.286	12072.000
1430.431	12104.000
1430.576	12226.000
1430.721	12154.000
1430.866	12032.000
1431.011	12175.000
1431.156	12177.000
1431.301	12045.000
1431.445	12185.000
1431.590	12245.000
1431.735	12215.000
1431.880	12112.000
1432.025	12089.000
1432.170	12167.000
1432.314	12107.000
1432.459	12115.000
1432.604	12073.000
1432.749	12171.000
1432.893	12198.000
1433.038	12129.000
1433.183	12120.000
1433.328	11953.000
1433.472	12231.000
1433.617	12075.000
1433.762	12019.000
1433.906	12076.000
1434.051	12135.000
1434.195	12053.000
1434.340	12098.000
1434.485	12163.000
1434.629	12026.000
1434.774	12086.000
1434.918	12103.000
1435.063	12119.000
1435.207	12075.000
1435.352	12000.000
1435.496	12209.000
1435.641	12164.000
1435.785	12112.000
1435.930	12037.000
1436.074	12107.000
1436.219	12106.000
1436.363	12127.000
1436.507	12019.000
1436.652	12094.000
1436.796	12061.000
1436.940	11945.000
1437.085	12079.000
1437.229	12055.000
1437.373	11991.000
1437.518	12191.000
1437.662	11943.000
1437.806	11911.000
1437.950	11998.000
1438.095	12129.000
1438.239	12052.000
1438.383	11975.000
1438.527	11892.000
1438.671	12134.000
1438.815	11954.000
1438.960	12057.000
1439.104	11976.000
1439.248	12028.000
1439.392	11961.000
1439.536	12031.000
1439.680	12088.000
1439.824	12053.000
1439.968	11997.000
1440.112	12073.000
1440.256	11881.000
1440.400	11968.000
1440.544	12004.000
1440.688	12024.000
1440.832	11858.000
1440.976	12111.000
1441.120	11891.000
1441.264	11898.000
1441.408	11940.000
1441.552	12035.000
1441.696	11974.000
1441.839	12003.000
1441.983	11973.000
1442.127	11943.000
1442.271	11918.000
1442.415	11912.000
1442.559	12026.000
1442.702	11925.000
1442.846	11918.000
1442.990	11907.000
1443.133	11941.000
1443.277	11948.000
1443.421	11910.000
1443.565	11932.000
1443.708	11937.000
1443.852	11914.000
1443.996	11923.000
1444.139	11931.000
1444.283	11846.000
1444.426	11983.000
1444.570	11870.000
1444.714	11950.000
1444.857	11897.000
1445.001	12039.000
1445.144	11925.000
1445.288	12077.000
1445.431	11838.000
1445.575	12083.000
1445.718	11874.000
1445.862	11989.000
1446.005	11855.000
1446.148	11990.000
1446.292	11951.000
1446.435	11908.000
1446.579	11869.000
1446.722	11998.000
1446.865	11882.000
1447.009	11926.000
1447.152	11918.000
1447.295	11964.000
1447.439	11951.000
1447.582	11958.000
1447.725	11944.000
1447.869	11947.000
1448.012	11868.000
1448.155	11953.000
1448.298	11342.000
1448.441	12006.000
1448.585	11972.000
1448.728	11911.000
1448.871	12027.000
1449.014	11910.000
1449.157	11837.000
1449.300	11851.000
1449.443	11955.000
1449.586	12009.000
1449.730	11857.000
1449.873	11931.000
1450.016	11866.000
1450.159	11987.000
1450.302	11905.000
1450.445	11904.000
1450.588	11856.000
1450.731	11950.000
1450.874	11895.000
1451.017	11938.000
1451.160	11863.000
1451.302	11974.000
1451.445	11900.000
1451.588	12005.000
1451.731	11929.000
1451.874	11898.000
1452.017	11795.000
1452.160	11864.000
1452.302	11892.000
1452.445	12121.000
1452.588	11882.000
1452.731	11946.000
1452.874	11905.000
1453.016	11972.000
1453.159	11900.000
1453.302	12002.000
1453.444	11865.000
1453.587	11955.000
1453.730	11915.000
1453.872	11928.000
1454.015	11920.000
1454.158	12019.000
1454.300	11955.000
1454.443	11989.000
1454.586	11894.000
1454.728	11908.000
1454.871	11865.000
1455.013	12014.000
1455.156	11848.000
1455.298	11910.000
1455.441	11861.000
1455.583	11890.000
1455.726	11859.000
1455.868	11993.000
1456.011	11910.000
1456.153	11980.000
1456.296	11852.000
1456.438	11991.000
1456.580	11949.000
1456.723	11925.000
1456.865	11851.000
1457.007	11941.000
1457.150	11923.000
1457.292	11974.000
1457.434	11835.000
1457.577	11949.000
1457.719	11923.000
1457.861	11892.000
1458.003	11844.000
1458.146	11941.000
1458.288	11858.000
1458.430	11880.000
1458.572	11857.000
1458.714	11957.000
1458.857	11858.000
1458.999	11922.000
1459.141	11947.000
1459.283	11899.000
1459.425	11899.000
1459.567	11856.000
1459.709	11839.000
1459.851	12018.000
1459.993	11941.000
1460.135	11924.000
1460.277	11886.000
1460.419	11833.000
1460.561	11939.000
1460.703	11912.000
1460.845	11999.000
1460.987	12024.000
1461.129	11871.000
1461.271	11950.000
1461.413	11907.000
1461.555	11968.000
1461.697	11906.000
1461.839	11990.000
1461.981	12026.000
1462.122	12174.000
1462.264	12016.000
1462.406	11880.000
1462.548	11859.000
1462.690	12008.000
1462.831	11814.000
1462.973	11884.000
1463.115	11845.000
1463.257	11857.000
1463.398	11840.000
1463.540	11909.000
1463.682	11856.000
1463.823	12003.000
1463.965	11761.000
1464.107	11956.000
1464.248	11870.000
1464.390	11962.000
1464.531	11877.000
1464.673	11883.000
1464.815	11833.000
1464.956	11989.000
1465.098	11776.000
1465.239	11863.000
1465.381	11817.000
1465.522	11926.000
1465.664	11815.000
1465.805	11912.000
1465.947	12011.000
1466.088	11933.000
1466.229	11866.000
1466.371	11959.000
1466.512	11836.000
1466.654	11964.000
1466.795	11851.000
1466.936	11952.000
1467.078	11722.000
1467.219	12056.000
1467.360	11937.000
1467.502	12027.000
1467.643	11811.000
1467.784	11985.000
1467.925	11938.000
1468.067	11937.000
1468.208	11883.000
1468.349	11940.000
1468.490	11849.000
1468.631	11987.000
1468.773	11926.000
1468.914	11985.000
1469.055	11804.000
1469.196	11918.000
1469.337	11880.000
1469.478	11907.000
1469.619	11879.000
1469.760	11940.000
1469.901	11792.000
1470.042	11982.000
1470.183	11767.000
1470.324	11961.000
1470.465	11892.000
1470.606	12049.000
1470.747	11888.000
1470.888	11884.000
1471.029	11847.000
1471.170	11803.000
1471.311	11916.000
1471.452	11946.000
1471.593	11827.000
1471.734	11986.000
1471.875	11710.000
1472.015	11922.000
1472.156	11846.000
1472.297	11934.000
1472.438	11790.000
1472.579	11888.000
1472.719	11930.000
1472.860	11876.000
1473.001	11855.000
1473.142	11983.000
1473.282	11839.000
1473.423	11935.000
1473.564	11802.000
1473.704	11980.000
1473.845	11784.000
1473.986	11876.000
1474.126	11732.000
1474.267	11876.000
1474.408	11800.000
1474.548	11796.000
1474.689	11715.000
1474.829	11865.000
1474.970	11878.000
1475.110	11932.000
1475.251	11828.000
1475.391	11884.000
1475.532	11750.000
1475.672	11879.000
1475.813	11712.000
1475.953	11839.000
1476.094	11658.000
1476.234	11813.000
1476.374	11795.000
1476.515	11908.000
1476.655	11752.000
1476.796	11843.000
1476.936	11705.000
1477.076	11806.000
1477.217	11650.000
1477.357	11834.000
1477.497	11692.000
1477.637	11704.000
1477.778	11577.000
1477.918	11756.000
1478.058	11729.000
1478.198	11694.000
1478.338	11665.000
1478.479	11751.000
1478.619	11707.000
1478.759	11767.000
1478.899	11610.000
1479.039	11809.000
1479.179	11603.000
1479.319	11729.000
1479.460	11599.000
1479.600	11779.000
1479.740	11618.000
1479.880	11602.000
1480.020	11638.000
1480.160	11642.000
1480.300	11547.000
1480.440	11584.000
1480.580	11591.000
1480.720	11709.000
1480.860	11611.000
1481.000	11668.000
1481.139	11558.000
1481.279	11678.000
1481.419	11605.000
1481.559	11574.000
1481.699	11519.000
1481.839	11630.000
1481.979	11479.000
1482.118	11631.000
1482.258	11522.000
1482.398	11627.000
1482.538	11564.000
1482.678	11560.000
1482.817	11464.000
1482.957	11634.000
1483.097	11549.000
1483.236	11589.000
1483.376	11585.000
1483.516	11683.000
1483.655	11499.000
1483.795	11591.000
1483.935	11615.000
1484.074	11715.000
1484.214	11561.000
1484.354	11586.000
1484.493	11531.000
1484.633	11568.000
1484.772	11520.000
1484.912	11603.000
1485.051	11544.000
1485.191	11620.000
1485.330	11541.000
1485.470	11558.000
1485.609	11527.000
1485.749	11748.000
1485.888	11583.000
1486.027	11694.000
1486.167	11490.000
1486.306	11696.000
1486.446	11588.000
1486.585	11690.000
1486.724	11542.000
1486.864	11700.000
1487.003	11492.000
1487.142	11657.000
1487.282	11529.000
1487.421	11667.000
1487.560	11499.000
1487.699	11688.000
1487.839	11584.000
1487.978	11632.000
1488.117	11655.000
1488.256	11595.000
1488.395	11632.000
1488.535	11756.000
1488.674	11658.000
1488.813	11615.000
1488.952	11533.000
1489.091	11670.000
1489.230	11594.000
1489.369	11575.000
1489.508	11638.000
1489.647	11669.000
1489.786	11611.000
1489.925	11749.000
1490.064	11579.000
1490.203	11685.000
1490.342	11725.000
1490.481	11679.000
1490.620	11553.000
1490.759	11750.000
1490.898	11678.000
1491.037	11733.000
1491.176	11700.000
1491.315	11728.000
1491.454	11686.000
1491.592	11670.000
1491.731	11679.000
1491.870	11751.000
1492.009	11631.000
1492.148	11680.000
1492.286	11757.000
1492.425	11756.000
1492.564	11648.000
1492.703	11643.000
1492.841	11660.000
1492.980	11823.000
1493.119	11637.000
1493.257	11730.000
1493.396	11665.000
1493.535	11843.000
1493.673	12543.000
1493.812	11735.000
1493.951	11651.000
1494.089	11760.000
1494.228	11628.000
1494.366	11802.000
1494.505	11626.000
1494.643	11802.000
1494.782	11678.000
1494.920	11630.000
1495.059	11718.000
1495.197	11712.000
1495.336	11696.000
1495.474	11728.000
1495.613	11689.000
1495.751	11829.000
1495.890	11593.000
1496.028	11654.000
1496.166	11605.000
1496.305	11701.000
1496.443	11641.000
1496.581	11700.000
1496.720	11673.000
1496.858	11661.000
1496.996	11713.000
1497.135	11651.000
1497.273	11582.000
1497.411	11782.000
1497.549	11648.000
1497.688	11638.000
1497.826	11571.000
1497.964	11588.000
1498.102	11631.000
1498.240	11598.000
1498.378	11582.000
1498.517	11532.000
1498.655	11624.000
1498.793	11580.000
1498.931	11588.000
1499.069	11647.000
1499.207	11558.000
1499.345	11607.000
1499.483	11595.000
1499.621	11728.000
1499.759	11658.000
1499.897	11617.000
1500.035	11704.000
1500.173	11632.000
1500.311	11654.000
1500.449	11624.000
1500.587	11643.000
1500.725	11654.000
1500.863	11658.000
1501.001	11651.000
1501.138	11704.000
1501.276	11609.000
1501.414	11639.000
1501.552	11614.000
1501.690	11658.000
1501.828	11687.000
1501.965	11625.000
1502.103	11673.000
1502.241	11663.000
1502.379	11745.000
1502.516	11628.000
1502.654	11676.000
1502.792	11675.000
1502.929	11693.000
1503.067	11559.000
1503.205	11770.000
1503.342	11732.000
1503.480	11761.000
1503.618	11736.000
1503.755	11814.000
1503.893	11669.000
1504.030	11785.000
1504.168	11714.000
1504.305	11744.000
1504.443	11670.000
1504.580	11796.000
1504.718	11687.000
1504.855	11814.000
1504.993	11696.000
1505.130	11842.000
1505.268	11705.000
1505.405	11750.000
1505.543	11763.000
1505.680	11870.000
1505.817	11835.000
1505.955	11826.000
1506.092	11873.000
1506.229	11942.000
1506.367	11857.000
1506.504	11854.000
1506.641	11859.000
1506.779	11983.000
1506.916	11854.000
1507.053	11856.000
1507.190	11843.000
1507.328	11973.000
1507.465	11763.000
1507.602	11923.000
1507.739	11822.000
1507.876	12067.000
1508.014	11985.000
1508.151	11936.000
1508.288	11802.000
1508.425	11916.000
1508.562	11848.000
1508.699	11900.000
1508.836	11897.000
1508.973	11949.000
1509.110	11929.000
1509.247	11878.000
1509.384	11868.000
1509.521	11962.000
1509.658	11906.000
1509.795	11923.000
1509.932	11883.000
1510.069	12022.000
1510.206	11863.000
1510.343	11918.000
1510.480	11851.000
1510.617	11958.000
1510.754	11741.000
1510.890	11968.000
1511.027	11905.000
1511.164	11850.000
1511.301	11881.000
1511.438	11935.000
1511.575	11838.000
1511.711	11932.000
1511.848	11893.000
1511.985	11878.000
1512.121	11802.000
1512.258	11834.000
1512.395	11830.000
1512.532	11820.000
1512.668	11862.000
1512.805	11881.000
1512.942	11904.000
1513.078	11885.000
1513.215	11798.000
1513.351	11976.000
1513.488	11931.000
1513.625	11893.000
1513.761	11923.000
1513.898	11930.000
1514.034	11854.000
1514.171	11902.000
1514.307	9892.000
1514.444	11923.000
1514.580	11835.000
1514.717	11838.000
1514.853	11752.000
1514.989	11912.000
1515.126	11788.000
1515.262	11876.000
1515.399	11824.000
1515.535	11917.000
1515.671	11799.000
1515.808	11908.000
1515.944	11800.000
1516.080	11930.000
1516.217	11817.000
1516.353	11841.000
1516.489	11727.000
1516.625	11844.000
1516.762	11734.000
1516.898	11760.000
1517.034	11792.000
1517.170	11748.000
1517.307	11763.000
1517.443	11751.000
1517.579	11675.000
1517.715	11877.000
1517.851	11656.000
1517.987	11881.000
1518.123	11779.000
1518.259	11781.000
1518.396	11740.000
1518.532	11696.000
1518.668	11644.000
1518.804	11673.000
1518.940	11597.000
1519.076	11639.000
1519.212	11668.000
1519.348	11759.000
1519.484	11634.000
1519.620	11759.000
1519.755	11564.000
1519.891	11706.000
1520.027	11581.000
1520.163	11619.000
1520.299	11526.000
1520.435	11645.000
1520.571	11544.000
1520.707	11606.000
1520.842	11537.000
1520.978	11653.000
1521.114	11641.000
1521.250	11650.000
1521.385	11602.000
1521.521	11746.000
1521.657	11559.000
1521.793	11622.000
1521.928	11587.000
1522.064	11701.000
1522.200	11545.000
1522.335	11763.000
1522.471	17995.000
1522.607	11780.000
1522.742	11648.000
1522.878	11663.000
1523.013	11684.000
1523.149	11692.000
1523.285	11567.000
1523.420	11713.000
1523.556	11746.000
1523.691	11830.000
1523.827	11758.000
1523.962	11720.000
1524.098	11739.000
1524.233	11748.000
1524.369	11815.000
1524.504	11826.000
1524.639	11723.000
1524.775	11815.000
1524.910	11707.000
1525.046	11805.000
1525.181	11804.000
1525.316	11914.000
1525.452	11763.000
1525.587	11861.000
1525.722	11808.000
1525.858	11812.000
1525.993	11771.000
1526.128	11749.000
1526.263	11772.000
1526.399	11902.000
1526.534	11736.000
1526.669	11840.000
1526.804	11748.000
1526.939	11966.000
1527.074	11781.000
1527.210	11887.000
1527.345	11707.000
1527.480	11857.000
1527.615	11618.000
1527.750	11870.000
1527.885	11661.000
1528.020	11832.000
1528.155	11675.000
1528.290	11846.000
1528.425	11779.000
1528.560	11836.000
1528.695	11781.000
1528.830	11894.000
1528.965	11765.000
1529.100	11979.000
1529.235	11920.000
1529.370	11840.000
1529.505	11821.000
1529.640	11950.000
1529.775	11916.000
1529.910	11887.000
1530.044	11847.000
1530.179	11902.000
1530.314	11889.000
1530.449	11897.000
1530.584	11903.000
1530.718	11962.000
1530.853	11901.000
1530.988	11993.000
1531.123	11834.000
1531.257	11970.000
1531.392	11808.000
1531.527	11922.000
1531.661	11946.000
1531.796	12095.000
1531.931	11923.000
1532.065	11932.000
1532.200	12033.000
1532.335	12200.000
1532.469	12123.000
1532.604	12250.000
1532.738	12148.000
1532.873	12294.000
1533.007	12132.000
1533.142	12165.000
1533.276	12136.000
1533.411	12179.000
1533.545	12055.000
1533.680	11960.000
1533.814	12031.000
1533.949	12196.000
1534.083	12104.000
1534.218	12082.000
1534.352	12135.000
1534.486	12083.000
1534.621	12139.000
1534.755	12135.000
