1529.702	13000.000
1529.853	12881.000
1530.004	12968.000
1530.155	12892.000
1530.306	12867.000
1530.456	12819.000
1530.607	12800.000
1530.758	12727.000
1530.909	12757.000
1531.059	12686.000
1531.210	12711.000
1531.360	12756.000
1531.511	12770.000
1531.662	12612.000
1531.812	12801.000
1531.963	12796.000
1532.113	12655.000
1532.264	12743.000
1532.415	12746.000
1532.565	12738.000
1532.716	12747.000
1532.866	12621.000
1533.016	12849.000
1533.167	12698.000
1533.317	12724.000
1533.468	12638.000
1533.618	12785.000
1533.768	12605.000
1533.919	12716.000
1534.069	12655.000
1534.219	12778.000
1534.370	12680.000
1534.520	12744.000
1534.670	12645.000
1534.821	12642.000
1534.971	12613.000
1535.121	12776.000
1535.271	12519.000
1535.421	12753.000
1535.571	12627.000
1535.722	12722.000
1535.872	12659.000
1536.022	12702.000
1536.172	12679.000
1536.322	12637.000
1536.472	12597.000
1536.622	12713.000
1536.772	12563.000
1536.922	12689.000
1537.072	12564.000
1537.222	12700.000
1537.372	12520.000
1537.522	12750.000
1537.672	12613.000
1537.822	12661.000
1537.972	12553.000
1538.122	12617.000
1538.271	12529.000
1538.421	12591.000
1538.571	12492.000
1538.721	12662.000
1538.871	12492.000
1539.020	12587.000
1539.170	12471.000
1539.320	12568.000
1539.470	12516.000
1539.619	12573.000
1539.769	12375.000
1539.919	12520.000
1540.068	12454.000
1540.218	12543.000
1540.367	12389.000
1540.517	12552.000
1540.667	12456.000
1540.816	12447.000
1540.966	12388.000
1541.115	12409.000
1541.265	12364.000
1541.414	12463.000
1541.564	12431.000
1541.713	12387.000
1541.863	12388.000
1542.012	12479.000
1542.161	12306.000
1542.311	12340.000
1542.460	12314.000
1542.609	12345.000
1542.759	12272.000
1542.908	12362.000
1543.057	12277.000
1543.207	12377.000
1543.356	12262.000
1543.505	12352.000
1543.654	12262.000
1543.804	12401.000
1543.953	12219.000
1544.102	12289.000
1544.251	12247.000
1544.400	12329.000
1544.549	12243.000
1544.698	12295.000
1544.848	12181.000
1544.997	12274.000
1545.146	12112.000
1545.295	12275.000
1545.444	12286.000
1545.593	12209.000
1545.742	12226.000
1545.891	12243.000
1546.040	12174.000
1546.189	12252.000
1546.337	12226.000
1546.486	12148.000
1546.635	12256.000
1546.784	12231.000
1546.933	12089.000
1547.082	12288.000
1547.231	12161.000
1547.379	12254.000
1547.528	12151.000
1547.677	12234.000
1547.826	12173.000
1547.974	12193.000
1548.123	12243.000
1548.272	12185.000
1548.420	12202.000
1548.569	12058.000
1548.718	12103.000
1548.866	12319.000
1549.015	12187.000
1549.163	12204.000
1549.312	12192.000
1549.461	12279.000
1549.609	12150.000
1549.758	12209.000
1549.906	12160.000
1550.055	12298.000
1550.203	12239.000
1550.352	12247.000
1550.500	12201.000
1550.648	12247.000
1550.797	12217.000
1550.945	12271.000
1551.093	12087.000
1551.242	12227.000
1551.390	12216.000
1551.538	12294.000
1551.687	12165.000
1551.835	12163.000
1551.983	12211.000
1552.131	12242.000
1552.280	12125.000
1552.428	12093.000
1552.576	12180.000
1552.724	12083.000
1552.872	12205.000
1553.021	12247.000
1553.169	12176.000
1553.317	12220.000
1553.465	12105.000
1553.613	12181.000
1553.761	12057.000
1553.909	12098.000
1554.057	12140.000
1554.205	12080.000
1554.353	12109.000
1554.501	12190.000
1554.649	12099.000
1554.797	12161.000
1554.945	12144.000
1555.093	12072.000
1555.240	12065.000
1555.388	12093.000
1555.536	12055.000
1555.684	12195.000
1555.832	12134.000
1555.980	12063.000
1556.127	12092.000
1556.275	11959.000
1556.423	12023.000
1556.571	12051.000
1556.718	12144.000
1556.866	12080.000
1557.014	12028.000
1557.161	11984.000
1557.309	11967.000
1557.456	12024.000
1557.604	11992.000
1557.752	12080.000
1557.899	12072.000
1558.047	12009.000
1558.194	11961.000
1558.342	11907.000
1558.489	11977.000
1558.637	12008.000
1558.784	12024.000
1558.932	11934.000
1559.079	11997.000
1559.227	11883.000
1559.374	11992.000
1559.521	12092.000
1559.669	11918.000
1559.816	12011.000
1559.963	11884.000
1560.111	11935.000
1560.258	11919.000
1560.405	11955.000
1560.552	12010.000
1560.700	11946.000
1560.847	11927.000
1560.994	11949.000
1561.141	11891.000
1561.288	11835.000
1561.436	12013.000
1561.583	11936.000
1561.730	11897.000
1561.877	11898.000
1562.024	11935.000
1562.171	11814.000
1562.318	11909.000
1562.465	12000.000
1562.612	12039.000
1562.759	11925.000
1562.906	11955.000
1563.053	11778.000
1563.200	11981.000
1563.347	11828.000
1563.494	11939.000
1563.641	11884.000
1563.788	12004.000
1563.934	11919.000
1564.081	11936.000
1564.228	11907.000
1564.375	11977.000
1564.522	11868.000
1564.668	11927.000
1564.815	11908.000
1564.962	11942.000
1565.109	11880.000
1565.255	11871.000
1565.402	11915.000
1565.549	11876.000
1565.695	11922.000
1565.842	11903.000
1565.988	11897.000
1566.135	12024.000
1566.282	11924.000
1566.428	12001.000
1566.575	12044.000
1566.721	12030.000
1566.868	12016.000
1567.014	11850.000
1567.161	11870.000
1567.307	11931.000
1567.454	11878.000
1567.600	11961.000
1567.746	12121.000
1567.893	11996.000
1568.039	11930.000
1568.186	12048.000
1568.332	12084.000
1568.478	11925.000
1568.625	11925.000
1568.771	12013.000
1568.917	11967.000
1569.063	11979.000
1569.210	11947.000
1569.356	12026.000
1569.502	11933.000
1569.648	11953.000
1569.794	12001.000
1569.940	12003.000
1570.087	11950.000
1570.233	12034.000
1570.379	12015.000
1570.525	11956.000
1570.671	11959.000
1570.817	12111.000
1570.963	12032.000
1571.109	11903.000
1571.255	12040.000
1571.401	12003.000
1571.547	11907.000
1571.693	12040.000
1571.839	12101.000
1571.985	12051.000
1572.130	11979.000
1572.276	11995.000
1572.422	12035.000
1572.568	12001.000
1572.714	11943.000
1572.860	11970.000
1573.005	12010.000
1573.151	12049.000
1573.297	11994.000
1573.443	11989.000
1573.588	11815.000
1573.734	12103.000
1573.880	11971.000
1574.025	11938.000
1574.171	11946.000
1574.317	12004.000
1574.462	11931.000
1574.608	11950.000
1574.753	12076.000
1574.899	11898.000
1575.045	11921.000
1575.190	11986.000
1575.336	11970.000
1575.481	11940.000
1575.626	11855.000
1575.772	12091.000
1575.917	12002.000
1576.063	11939.000
1576.208	11918.000
1576.354	11961.000
1576.499	11951.000
1576.644	11991.000
1576.790	11822.000
1576.935	11980.000
1577.080	11909.000
1577.225	11825.000
1577.371	11929.000
1577.516	11939.000
1577.661	11869.000
1577.806	12051.000
1577.952	11862.000
1578.097	11791.000
1578.242	11851.000
1578.387	12055.000
1578.532	11909.000
1578.677	11860.000
1578.822	11794.000
1578.967	11988.000
1579.113	11827.000
1579.258	11975.000
1579.403	11887.000
1579.548	11970.000
1579.693	11887.000
1579.838	11931.000
1579.982	11994.000
1580.127	11972.000
1580.272	11844.000
1580.417	11985.000
1580.562	11772.000
1580.707	11866.000
1580.852	11918.000
1580.997	11947.000
1581.141	11762.000
1581.286	11999.000
1581.431	11775.000
1581.576	11813.000
1581.720	11835.000
1581.865	11939.000
1582.010	11869.000
1582.155	11925.000
1582.299	11891.000
1582.444	11847.000
1582.589	11803.000
1582.733	11814.000
1582.878	11936.000
1583.022	11830.000
1583.167	11828.000
1583.311	11751.000
1583.456	11848.000
1583.601	11859.000
1583.745	11820.000
1583.890	11792.000
1584.034	11822.000
1584.178	11859.000
1584.323	11822.000
1584.467	11837.000
1584.612	11745.000
1584.756	11898.000
1584.900	11791.000
1585.045	11835.000
1585.189	11811.000
1585.333	11915.000
1585.478	11797.000
1585.622	11989.000
1585.766	11741.000
1585.910	11979.000
1586.055	11811.000
1586.199	11882.000
1586.343	11813.000
1586.487	11900.000
1586.631	11845.000
1586.775	11811.000
1586.920	11811.000
1587.064	11873.000
1587.208	11826.000
1587.352	11816.000
1587.496	11828.000
1587.640	11857.000
1587.784	11869.000
1587.928	11824.000
1588.072	11861.000
1588.216	11864.000
1588.360	11774.000
1588.504	11858.000
1588.648	11208.000
1588.792	11966.000
1588.935	11852.000
1589.079	11806.000
1589.223	11919.000
1589.367	11829.000
1589.511	11760.000
1589.655	11817.000
1589.798	11832.000
1589.942	11955.000
1590.086	11753.000
1590.230	11812.000
1590.373	11771.000
1590.517	11912.000
1590.661	11799.000
1590.804	11770.000
1590.948	11721.000
1591.091	11896.000
1591.235	11834.000
1591.379	11864.000
1591.522	11742.000
1591.666	11886.000
1591.809	11784.000
1591.953	11907.000
1592.096	11828.000
1592.240	11841.000
1592.383	11695.000
1592.527	11810.000
1592.670	11812.000
1592.814	12058.000
1592.957	11744.000
1593.100	11853.000
1593.244	11806.000
1593.387	11910.000
1593.530	11807.000
1593.674	11902.000
1593.817	11807.000
1593.960	11914.000
1594.103	11843.000
1594.247	11828.000
1594.390	11810.000
1594.533	11914.000
1594.676	11862.000
1594.819	11887.000
1594.963	11784.000
1595.106	11792.000
1595.249	11755.000
1595.392	11870.000
1595.535	11749.000
1595.678	11800.000
1595.821	11722.000
1595.964	11790.000
1596.107	11784.000
1596.250	11890.000
1596.393	11816.000
1596.536	11906.000
1596.679	11778.000
1596.822	11932.000
1596.965	11847.000
1597.108	11814.000
1597.251	11755.000
1597.393	11859.000
1597.536	12094.000
1597.679	12312.000
1597.822	12085.000
1597.965	12023.000
1598.107	11909.000
1598.250	11888.000
1598.393	11803.000
1598.536	11884.000
1598.678	11817.000
1598.821	11812.000
1598.964	11775.000
1599.106	11912.000
1599.249	11745.000
1599.392	11823.000
1599.534	11869.000
1599.677	11789.000
1599.819	11783.000
1599.962	11735.000
1600.104	11739.000
1600.247	11899.000
1600.389	11873.000
1600.532	11783.000
1600.674	11781.000
1600.817	11716.000
1600.959	11780.000
1601.102	11791.000
1601.244	11873.000
1601.386	11899.000
1601.529	11728.000
1601.671	11850.000
1601.813	11723.000
1601.956	11845.000
1602.098	11733.000
1602.240	11851.000
1602.382	11850.000
1602.525	11859.000
1602.667	11800.000
1602.809	11725.000
1602.951	11695.000
1603.093	11862.000
1603.236	11642.000
1603.378	11774.000
1603.520	11667.000
1603.662	11726.000
1603.804	11677.000
1603.946	11719.000
1604.088	11684.000
1604.230	11830.000
1604.372	11609.000
1604.514	11825.000
1604.656	11730.000
1604.798	11766.000
1604.940	11709.000
1605.082	11720.000
1605.224	11655.000
1605.366	11771.000
1605.507	11632.000
1605.649	11719.000
1605.791	11684.000
1605.933	11773.000
1606.075	11609.000
1606.217	11721.000
1606.358	11803.000
1606.500	11748.000
1606.642	11700.000
1606.783	11765.000
1606.925	11635.000
1607.067	11780.000
1607.209	11643.000
1607.350	11771.000
1607.492	11565.000
1607.633	11885.000
1607.775	11734.000
1607.917	11854.000
1608.058	11654.000
1608.200	11802.000
1608.341	11737.000
1608.483	11753.000
1608.624	11657.000
1608.766	11746.000
1608.907	11656.000
1609.049	11777.000
1609.190	11724.000
1609.331	11761.000
1609.473	11651.000
1609.614	11720.000
1609.755	11703.000
1609.897	11717.000
1610.038	11677.000
1610.179	11769.000
1610.321	11542.000
1610.462	11756.000
1610.603	11548.000
1610.744	11770.000
1610.886	11658.000
1611.027	11825.000
1611.168	11628.000
1611.309	11681.000
1611.450	11631.000
1611.591	11620.000
1611.732	11687.000
1611.874	11743.000
1612.015	11618.000
1612.156	11747.000
1612.297	11480.000
1612.438	11701.000
1612.579	11630.000
1612.720	11718.000
1612.861	11564.000
1613.002	11674.000
1613.143	11720.000
1613.283	11635.000
1613.424	11624.000
1613.565	11769.000
1613.706	11585.000
1613.847	11698.000
1613.988	11535.000
1614.129	11741.000
1614.269	11552.000
1614.410	11635.000
1614.551	11510.000
1614.692	11644.000
1614.832	11563.000
1614.973	11627.000
1615.114	11497.000
1615.254	11630.000
1615.395	11647.000
1615.536	11711.000
1615.676	11599.000
1615.817	11680.000
1615.958	11518.000
1616.098	11671.000
1616.239	11494.000
1616.379	11610.000
1616.520	11410.000
1616.660	11586.000
1616.801	11579.000
1616.941	11673.000
1617.082	11538.000
1617.222	11626.000
1617.362	11481.000
1617.503	11614.000
1617.643	11434.000
1617.784	11571.000
1617.924	11448.000
1618.064	11458.000
1618.205	11363.000
1618.345	11510.000
1618.485	11506.000
1618.625	11446.000
1618.766	11458.000
1618.906	11502.000
1619.046	11462.000
1619.186	11519.000
1619.326	11412.000
1619.467	11574.000
1619.607	11418.000
1619.747	11472.000
1619.887	11335.000
1620.027	11591.000
1620.167	11420.000
1620.307	11438.000
1620.447	11404.000
1620.587	11454.000
1620.727	11361.000
1620.867	11346.000
1621.007	11345.000
1621.147	11515.000
1621.287	11388.000
1621.427	11468.000
1621.567	11359.000
1621.707	11475.000
1621.847	11358.000
1621.986	11328.000
1622.126	11286.000
1622.266	11442.000
1622.406	11263.000
1622.546	11424.000
1622.685	11293.000
1622.825	11423.000
1622.965	11371.000
1623.105	11377.000
1623.244	11282.000
1623.384	11452.000
1623.524	11347.000
1623.663	11395.000
1623.803	11378.000
1623.942	11467.000
1624.082	11286.000
1624.222	11371.000
1624.361	11414.000
1624.501	11508.000
1624.640	11363.000
1624.780	11392.000
1624.919	11332.000
1625.059	11384.000
1625.198	11303.000
1625.337	11430.000
1625.477	11309.000
1625.616	11403.000
1625.756	11303.000
1625.895	11363.000
1626.034	11299.000
1626.174	11551.000
1626.313	11372.000
1626.452	11494.000
1626.591	11294.000
1626.731	11513.000
1626.870	11340.000
1627.009	11491.000
1627.148	11328.000
1627.288	11478.000
1627.427	11357.000
1627.566	11415.000
1627.705	11348.000
1627.844	11463.000
1627.983	11313.000
1628.122	11510.000
1628.261	11410.000
1628.400	11448.000
1628.539	11428.000
1628.678	11385.000
1628.817	11450.000
1628.956	11525.000
1629.095	11387.000
1629.234	11441.000
1629.373	11316.000
1629.512	11471.000
1629.651	11359.000
1629.790	11390.000
1629.929	11390.000
1630.068	11471.000
1630.206	11392.000
1630.345	11550.000
1630.484	11372.000
1630.623	11475.000
1630.762	11494.000
1630.900	11476.000
1631.039	11373.000
1631.178	11544.000
1631.316	11477.000
1631.455	11519.000
1631.594	11499.000
1631.732	11526.000
1631.871	11467.000
1632.010	11478.000
1632.148	11489.000
1632.287	11558.000
1632.425	11421.000
1632.564	11496.000
1632.702	11547.000
1632.841	11523.000
1632.979	11445.000
1633.118	11471.000
1633.256	11428.000
1633.395	11630.000
1633.533	11439.000
1633.671	11486.000
1633.810	11465.000
1633.948	11622.000
1634.086	12280.000
1634.225	11504.000
1634.363	11442.000
1634.501	11526.000
1634.640	11408.000
1634.778	11594.000
1634.916	11402.000
1635.054	11574.000
1635.192	11450.000
1635.331	11373.000
1635.469	11526.000
1635.607	11542.000
1635.745	11478.000
1635.883	11512.000
1636.021	11460.000
1636.159	11618.000
1636.297	11393.000
1636.435	11432.000
1636.573	11400.000
1636.711	11471.000
1636.849	11399.000
1636.987	11482.000
1637.125	11449.000
1637.263	11424.000
1637.401	11477.000
1637.539	11439.000
1637.677	11364.000
1637.815	11566.000
1637.953	11433.000
1638.091	11436.000
1638.228	11383.000
1638.366	11364.000
1638.504	11376.000
1638.642	11390.000
1638.779	11356.000
1638.917	11329.000
1639.055	11346.000
1639.193	11344.000
1639.330	11376.000
1639.468	11425.000
1639.606	11343.000
1639.743	11445.000
1639.881	11394.000
1640.018	11525.000
1640.156	11405.000
1640.294	11410.000
1640.431	11447.000
1640.569	11393.000
1640.706	11414.000
1640.844	11421.000
1640.981	11376.000
1641.119	11400.000
1641.256	11401.000
1641.393	11402.000
1641.531	11504.000
1641.668	11415.000
1641.806	11439.000
1641.943	11373.000
1642.080	11409.000
1642.218	11412.000
1642.355	11373.000
1642.492	11467.000
1642.629	11404.000
1642.767	11523.000
1642.904	11416.000
1643.041	11432.000
1643.178	11429.000
1643.315	11473.000
1643.453	11349.000
1643.590	11545.000
1643.727	11453.000
1643.864	11552.000
1644.001	11474.000
1644.138	11550.000
1644.275	11408.000
1644.412	11571.000
1644.549	11447.000
1644.686	11495.000
1644.823	11395.000
1644.960	11589.000
1645.097	11410.000
1645.234	11584.000
1645.371	11440.000
1645.508	11598.000
1645.645	11438.000
1645.782	11531.000
1645.918	11492.000
1646.055	11648.000
1646.192	11591.000
1646.329	11572.000
1646.466	11626.000
1646.602	11686.000
1646.739	11591.000
1646.876	11582.000
1647.013	11613.000
1647.149	11692.000
1647.286	11583.000
1647.423	11569.000
1647.559	11646.000
1647.696	11733.000
1647.833	11520.000
1647.969	11699.000
1648.106	11563.000
1648.242	11757.000
1648.379	11729.000
1648.515	11701.000
1648.652	11582.000
1648.788	11662.000
1648.925	11573.000
1649.061	11651.000
1649.198	11608.000
1649.334	11709.000
1649.470	11630.000
1649.607	11653.000
1649.743	11614.000
1649.879	11725.000
1650.016	11650.000
1650.152	11665.000
1650.288	11625.000
1650.425	11761.000
1650.561	11580.000
1650.697	11651.000
1650.833	11576.000
1650.970	11681.000
1651.106	11453.000
1651.242	11695.000
1651.378	11655.000
1651.514	11607.000
1651.650	11624.000
1651.787	11682.000
1651.923	11579.000
1652.059	11691.000
1652.195	11633.000
1652.331	11634.000
1652.467	11537.000
1652.603	11615.000
1652.739	11549.000
1652.875	11553.000
1653.011	11612.000
1653.147	11624.000
1653.282	11618.000
1653.418	11618.000
1653.554	11516.000
1653.690	11719.000
1653.826	11687.000
1653.962	11654.000
1654.098	11682.000
1654.233	11686.000
1654.369	11563.000
1654.505	11647.000
1654.641	9610.000
1654.776	11664.000
1654.912	11586.000
1655.048	11529.000
1655.183	11516.000
1655.319	11670.000
1655.455	11537.000
1655.590	11636.000
1655.726	11573.000
1655.862	11635.000
1655.997	11543.000
1656.133	11610.000
1656.268	11539.000
1656.404	11703.000
1656.539	11596.000
1656.675	11619.000
1656.810	11501.000
1656.946	11592.000
1657.081	11466.000
1657.216	11490.000
1657.352	11560.000
1657.487	11475.000
1657.623	11476.000
1657.758	11494.000
1657.893	11433.000
1658.029	11642.000
1658.164	11413.000
1658.299	11635.000
1658.434	11513.000
1658.570	11545.000
1658.705	11508.000
1658.840	11442.000
1658.975	11400.000
1659.110	11414.000
1659.245	11354.000
1659.381	11395.000
1659.516	11431.000
1659.651	11504.000
1659.786	11404.000
1659.921	11549.000
1660.056	11354.000
1660.191	11438.000
1660.326	11344.000
1660.461	11421.000
1660.596	11264.000
1660.731	11393.000
1660.866	11278.000
1661.001	11389.000
1661.136	11288.000
1661.271	11439.000
1661.406	11405.000
1661.540	11394.000
1661.675	11356.000
1661.810	11503.000
1661.945	11270.000
1662.080	11363.000
1662.214	11371.000
1662.349	11461.000
1662.484	11285.000
1662.619	11529.000
1662.753	17494.000
1662.888	11565.000
1663.023	11403.000
1663.157	11451.000
1663.292	11433.000
1663.427	11484.000
1663.561	11318.000
1663.696	11468.000
1663.830	11512.000
1663.965	11619.000
1664.099	11495.000
1664.234	11507.000
1664.368	11433.000
1664.503	11540.000
1664.637	11514.000
1664.772	11599.000
1664.906	11493.000
1665.041	11632.000
1665.175	11445.000
1665.309	11565.000
1665.444	11520.000
1665.578	11619.000
1665.712	11530.000
1665.847	11635.000
1665.981	11538.000
1666.115	11566.000
1666.249	11497.000
1666.384	11515.000
1666.518	11475.000
1666.652	11630.000
1666.786	11488.000
1666.920	11591.000
1667.055	11480.000
1667.189	11674.000
1667.323	11506.000
1667.457	11641.000
1667.591	11475.000
1667.725	11636.000
1667.859	11365.000
1667.993	11584.000
1668.127	11472.000
1668.261	11606.000
1668.395	11409.000
1668.529	11614.000
1668.663	11544.000
1668.797	11591.000
1668.931	11496.000
1669.065	11609.000
1669.199	11425.000
1669.332	11690.000
1669.466	11597.000
1669.600	11502.000
1669.734	11525.000
1669.868	11658.000
1670.001	11538.000
1670.135	11587.000
1670.269	11559.000
1670.403	11622.000
1670.536	11606.000
1670.670	11595.000
1670.804	11619.000
1670.937	11656.000
1671.071	11581.000
1671.205	11695.000
1671.338	11548.000
1671.472	11674.000
1671.605	11496.000
1671.739	11644.000
1671.872	11682.000
1672.006	11792.000
1672.139	11615.000
1672.273	11602.000
1672.406	11663.000
1672.540	11781.000
1672.673	11633.000
1672.807	11757.000
1672.940	11630.000
1673.073	11785.000
1673.207	11587.000
1673.340	11640.000
1673.473	11684.000
1673.607	11787.000
1673.740	11651.000
1673.873	11619.000
1674.006	11677.000
1674.140	11876.000
1674.273	11726.000
1674.406	11668.000
1674.539	11704.000
1674.672	11673.000
1674.805	11773.000
1674.939	11803.000
