829.593	12828.000
829.736	12685.000
829.879	12788.000
830.022	12733.000
830.166	12747.000
830.309	12766.000
830.452	12765.000
830.595	12676.000
830.738	12771.000
830.881	12673.000
831.024	12719.000
831.167	12716.000
831.310	12744.000
831.453	12616.000
831.597	12779.000
831.740	12777.000
831.883	12663.000
832.026	12692.000
832.169	12770.000
832.312	12718.000
832.455	12728.000
832.598	12593.000
832.741	12880.000
832.884	12674.000
833.027	12739.000
833.170	12619.000
833.314	12750.000
833.457	12570.000
833.600	12674.000
833.743	12608.000
833.886	12752.000
834.029	12641.000
834.172	12714.000
834.315	12624.000
834.458	12665.000
834.601	12579.000
834.744	12759.000
834.887	12521.000
835.030	12785.000
835.173	12618.000
835.316	12719.000
835.459	12643.000
835.602	12702.000
835.745	12618.000
835.889	12637.000
836.032	12563.000
836.175	12748.000
836.318	12498.000
836.461	12664.000
836.604	12528.000
836.747	12672.000
836.890	12505.000
837.033	12722.000
837.176	12605.000
837.319	12649.000
837.462	12545.000
837.605	12619.000
837.748	12546.000
837.891	12628.000
838.034	12451.000
838.177	12656.000
838.320	12450.000
838.463	12581.000
838.606	12454.000
838.749	12558.000
838.892	12495.000
839.035	12567.000
839.178	12320.000
839.321	12535.000
839.464	12459.000
839.607	12543.000
839.750	12361.000
839.893	12583.000
840.036	12457.000
840.179	12492.000
840.322	12372.000
840.465	12427.000
840.608	12349.000
840.751	12415.000
840.894	12474.000
841.037	12425.000
841.180	12410.000
841.323	12507.000
841.465	12307.000
841.608	12330.000
841.751	12299.000
841.894	12343.000
842.037	12245.000
842.180	12378.000
842.323	12279.000
842.466	12345.000
842.609	12250.000
842.752	12359.000
842.895	12271.000
843.038	12425.000
843.181	12228.000
843.324	12325.000
843.467	12288.000
843.610	12384.000
843.753	12252.000
843.896	12296.000
844.039	12166.000
844.181	12299.000
844.324	12088.000
844.467	12276.000
844.610	12267.000
844.753	12249.000
844.896	12226.000
845.039	12254.000
845.182	12188.000
845.325	12288.000
845.468	12217.000
845.611	12193.000
845.753	12305.000
845.896	12205.000
846.039	12113.000
846.182	12305.000
846.325	12158.000
846.468	12270.000
846.611	12194.000
846.754	12263.000
846.897	12187.000
847.040	12217.000
847.182	12203.000
847.325	12243.000
847.468	12194.000
847.611	12078.000
847.754	12142.000
847.897	12379.000
848.040	12195.000
848.183	12268.000
848.325	12211.000
848.468	12318.000
848.611	12183.000
848.754	12263.000
848.897	12139.000
849.040	12316.000
849.183	12271.000
849.326	12288.000
849.468	12243.000
849.611	12283.000
849.754	12242.000
849.897	12294.000
850.040	12094.000
850.183	12254.000
850.325	12245.000
850.468	12307.000
850.611	12158.000
850.754	12220.000
850.897	12237.000
851.040	12266.000
851.183	12117.000
851.325	12159.000
851.468	12181.000
851.611	12148.000
851.754	12225.000
851.897	12291.000
852.039	12231.000
852.182	12253.000
852.325	12149.000
852.468	12227.000
852.611	12062.000
852.754	12194.000
852.896	12167.000
853.039	12162.000
853.182	12115.000
853.325	12248.000
853.468	12100.000
853.610	12177.000
853.753	12173.000
853.896	12129.000
854.039	12156.000
854.182	12117.000
854.324	12071.000
854.467	12235.000
854.610	12116.000
854.753	12132.000
854.895	12139.000
855.038	12044.000
855.181	12034.000
855.324	12093.000
855.467	12133.000
855.609	12152.000
855.752	12081.000
855.895	12011.000
856.038	12039.000
856.180	12110.000
856.323	12026.000
856.466	12101.000
856.609	12126.000
856.752	12059.000
856.894	11991.000
857.037	11953.000
857.180	12016.000
857.323	12029.000
857.465	12070.000
857.608	12016.000
857.751	12000.000
857.894	11961.000
858.036	12102.000
858.179	12155.000
858.322	11941.000
858.464	12092.000
858.607	11968.000
858.750	11977.000
858.893	11961.000
859.035	12010.000
859.178	12047.000
859.321	11988.000
859.464	12049.000
859.606	11988.000
859.749	12006.000
859.892	11948.000
860.034	12030.000
860.177	12022.000
860.320	11963.000
860.463	11953.000
860.605	11940.000
860.748	11898.000
860.891	11971.000
861.033	12030.000
861.176	12068.000
861.319	11980.000
861.461	12022.000
861.604	11878.000
861.747	12026.000
861.890	11895.000
862.032	12014.000
862.175	11942.000
862.318	12097.000
862.460	12044.000
862.603	12001.000
862.746	12009.000
862.888	12016.000
863.031	11920.000
863.174	11982.000
863.316	11980.000
863.459	12063.000
863.602	11963.000
863.744	11960.000
863.887	11973.000
864.030	11960.000
864.172	11964.000
864.315	12001.000
864.458	11976.000
864.600	12094.000
864.743	11986.000
864.886	12082.000
865.028	12097.000
865.171	12088.000
865.314	12119.000
865.456	11952.000
865.599	11955.000
865.741	11986.000
865.884	11968.000
866.027	12005.000
866.169	12156.000
866.312	12051.000
866.455	11999.000
866.597	12103.000
866.740	12148.000
866.882	11981.000
867.025	12029.000
867.168	12045.000
867.310	12005.000
867.453	12067.000
867.596	12023.000
867.738	12110.000
867.881	11995.000
868.023	12028.000
868.166	12090.000
868.309	12030.000
868.451	12063.000
868.594	12076.000
868.736	12152.000
868.879	12012.000
869.022	12062.000
869.164	12179.000
869.307	12115.000
869.449	11991.000
869.592	12139.000
869.735	12126.000
869.877	12004.000
870.020	12104.000
870.162	12187.000
870.305	12157.000
870.447	12087.000
870.590	12078.000
870.733	12098.000
870.875	12047.000
871.018	12068.000
871.160	12039.000
871.303	12091.000
871.445	12094.000
871.588	12081.000
871.731	12052.000
871.873	11911.000
872.016	12150.000
872.158	12034.000
872.301	12008.000
872.443	12048.000
872.586	12086.000
872.728	12013.000
872.871	12034.000
873.013	12170.000
873.156	11983.000
873.299	12040.000
873.441	12052.000
873.584	12073.000
873.726	12026.000
873.869	11967.000
874.011	12192.000
874.154	12156.000
874.296	12054.000
874.439	12048.000
874.581	12086.000
874.724	12087.000
874.866	12135.000
875.009	11964.000
875.151	12091.000
875.294	12037.000
875.436	11960.000
875.579	12060.000
875.721	12066.000
875.864	12004.000
876.006	12167.000
876.149	11974.000
876.291	11892.000
876.434	12016.000
876.576	12169.000
876.719	12087.000
876.861	12004.000
877.004	11901.000
877.146	12110.000
877.289	11993.000
877.431	12101.000
877.574	12042.000
877.716	12085.000
877.859	12038.000
878.001	12059.000
878.144	12151.000
878.286	12135.000
878.429	12037.000
878.571	12142.000
878.714	12007.000
878.856	12058.000
878.998	12063.000
879.141	12080.000
879.283	12000.000
879.426	12200.000
879.568	11966.000
879.711	11971.000
879.853	12043.000
879.996	12128.000
880.138	12081.000
880.281	12134.000
880.423	12082.000
880.565	11975.000
880.708	11975.000
880.850	11969.000
880.993	12150.000
881.135	11970.000
881.278	11991.000
881.420	11948.000
881.562	12051.000
881.705	12031.000
881.847	12005.000
881.990	11960.000
882.132	11991.000
882.275	11956.000
882.417	11993.000
882.559	12013.000
882.702	11923.000
882.844	12046.000
882.987	11972.000
883.129	11985.000
883.271	11990.000
883.414	12088.000
883.556	11961.000
883.699	12120.000
883.841	11894.000
883.983	12142.000
884.126	11947.000
884.268	12023.000
884.411	11974.000
884.553	12050.000
884.695	12027.000
884.838	11949.000
884.980	11977.000
885.122	12022.000
885.265	11982.000
885.407	12007.000
885.550	11998.000
885.692	12029.000
885.834	12040.000
885.977	11989.000
886.119	12005.000
886.261	12039.000
886.404	11980.000
886.546	12024.000
886.689	11417.000
886.831	12115.000
886.973	12043.000
887.116	12009.000
887.258	12065.000
887.400	11983.000
887.543	11928.000
887.685	11944.000
887.827	12042.000
887.970	12102.000
888.112	11903.000
888.254	11954.000
888.397	11938.000
888.539	12035.000
888.681	11963.000
888.824	11986.000
888.966	11921.000
889.108	12034.000
889.251	12015.000
889.393	12020.000
889.535	11962.000
889.678	12079.000
889.820	11963.000
889.962	12079.000
890.105	12011.000
890.247	11996.000
890.389	11880.000
890.531	11972.000
890.674	12046.000
890.816	12224.000
890.958	11962.000
891.101	12041.000
891.243	12006.000
891.385	12028.000
891.528	12000.000
891.670	12086.000
891.812	12008.000
891.954	12067.000
892.097	12054.000
892.239	12041.000
892.381	11998.000
892.524	12073.000
892.666	12055.000
892.808	12078.000
892.950	11990.000
893.093	12003.000
893.235	11965.000
893.377	12073.000
893.519	11938.000
893.662	11995.000
893.804	11985.000
893.946	11993.000
894.088	11997.000
894.231	12047.000
894.373	12020.000
894.515	12094.000
894.657	11998.000
894.800	12115.000
894.942	12035.000
895.084	12019.000
895.226	11960.000
895.369	12021.000
895.511	12068.000
895.653	12088.000
895.795	11935.000
895.938	12056.000
896.080	12045.000
896.222	11989.000
896.364	11965.000
896.507	12019.000
896.649	11958.000
896.791	11977.000
896.933	11941.000
897.075	12061.000
897.218	11953.000
897.360	12048.000
897.502	12080.000
897.644	12022.000
897.787	11986.000
897.929	11967.000
898.071	11965.000
898.213	12097.000
898.355	12024.000
898.498	12037.000
898.640	11984.000
898.782	11954.000
898.924	12028.000
899.066	11991.000
899.208	12130.000
899.351	12126.000
899.493	11996.000
899.635	12043.000
899.777	11981.000
899.919	12071.000
900.062	12009.000
900.204	12088.000
900.346	12081.000
900.488	12146.000
900.630	12059.000
900.772	11937.000
900.915	11976.000
901.057	12104.000
901.199	11914.000
901.341	11985.000
901.483	11953.000
901.625	11988.000
901.768	11942.000
901.910	11977.000
902.052	12011.000
902.194	12102.000
902.336	11909.000
902.478	12093.000
902.620	11996.000
902.763	12023.000
902.905	11972.000
903.047	12003.000
903.189	11983.000
903.331	12081.000
903.473	11947.000
903.615	11989.000
903.758	11988.000
903.900	12060.000
904.042	11936.000
904.184	12019.000
904.326	12152.000
904.468	12056.000
904.610	12028.000
904.752	12057.000
904.895	12020.000
905.037	12093.000
905.179	11991.000
905.321	12080.000
905.463	11923.000
905.605	12216.000
905.747	12088.000
905.889	12192.000
906.031	12030.000
906.173	12121.000
906.316	12084.000
906.458	12118.000
906.600	12054.000
906.742	12099.000
906.884	12010.000
907.026	12161.000
907.168	12120.000
907.310	12138.000
907.452	12009.000
907.594	12076.000
907.736	12071.000
907.878	12082.000
908.021	12087.000
908.163	12125.000
908.305	11963.000
908.447	12111.000
908.589	11982.000
908.731	12140.000
908.873	12076.000
909.015	12207.000
909.157	12087.000
909.299	12063.000
909.441	12068.000
909.583	12031.000
909.725	12090.000
909.867	12137.000
910.009	12045.000
910.151	12144.000
910.293	11894.000
910.435	12122.000
910.577	12093.000
910.719	12151.000
910.862	12044.000
911.004	12124.000
911.146	12164.000
911.288	12049.000
911.430	12098.000
911.572	12125.000
911.714	12055.000
911.856	12133.000
911.998	12025.000
912.140	12212.000
912.282	12020.000
912.424	12076.000
912.566	11992.000
912.708	12098.000
912.850	12066.000
912.992	12054.000
913.134	11971.000
913.276	12135.000
913.418	12110.000
913.560	12189.000
913.702	12070.000
913.844	12162.000
913.986	12026.000
914.128	12122.000
914.270	11987.000
914.412	12073.000
914.554	11906.000
914.696	12074.000
914.838	12033.000
914.980	12128.000
915.122	12062.000
915.264	12118.000
915.406	11936.000
915.548	12065.000
915.690	11873.000
915.831	12018.000
915.973	11962.000
916.115	11918.000
916.257	11828.000
916.399	11989.000
916.541	12024.000
916.683	11968.000
916.825	11926.000
916.967	11984.000
917.109	11952.000
917.251	12027.000
917.393	11921.000
917.535	12039.000
917.677	11919.000
917.819	11932.000
917.961	11853.000
918.103	12060.000
918.245	11885.000
918.387	11868.000
918.528	11936.000
918.670	11928.000
918.812	11857.000
918.954	11851.000
919.096	11866.000
919.238	11996.000
919.380	11918.000
919.522	11935.000
919.664	11886.000
919.806	11987.000
919.948	11898.000
920.090	11853.000
920.231	11820.000
920.373	11927.000
920.515	11787.000
920.657	11893.000
920.799	11815.000
920.941	11894.000
921.083	11895.000
921.225	11809.000
921.367	11784.000
921.509	11921.000
921.650	11846.000
921.792	11887.000
921.934	11852.000
922.076	11990.000
922.218	11798.000
922.360	11904.000
922.502	11924.000
922.644	11960.000
922.785	11874.000
922.927	11849.000
923.069	11874.000
923.211	11819.000
923.353	11813.000
923.495	11920.000
923.637	11805.000
923.779	11919.000
923.920	11829.000
924.062	11834.000
924.204	11794.000
924.346	12010.000
924.488	11876.000
924.630	11950.000
924.771	11809.000
924.913	11951.000
925.055	11853.000
925.197	11978.000
925.339	11805.000
925.481	11978.000
925.623	11812.000
925.764	11937.000
925.906	11782.000
926.048	11938.000
926.190	11786.000
926.332	11930.000
926.473	11894.000
926.615	11884.000
926.757	11894.000
926.899	11878.000
927.041	11907.000
927.183	11972.000
927.324	11895.000
927.466	11852.000
927.608	11803.000
927.750	11939.000
927.892	11861.000
928.033	11813.000
928.175	11839.000
928.317	11905.000
928.459	11862.000
928.601	11966.000
928.742	11828.000
928.884	11920.000
929.026	11931.000
929.168	11935.000
929.310	11838.000
929.451	12013.000
929.593	11966.000
929.735	11998.000
929.877	11986.000
930.018	11967.000
930.160	11943.000
930.302	11907.000
930.444	11908.000
930.585	11998.000
930.727	11890.000
930.869	11944.000
931.011	11997.000
931.153	12001.000
931.294	11911.000
931.436	11896.000
931.578	11869.000
931.720	12079.000
931.861	11865.000
932.003	11939.000
932.145	11918.000
932.287	12073.000
932.428	12803.000
932.570	11937.000
932.712	11895.000
932.854	11994.000
932.995	11840.000
933.137	12009.000
933.279	11812.000
933.420	12001.000
933.562	11886.000
933.704	11799.000
933.846	11971.000
933.987	11949.000
934.129	11881.000
934.271	11932.000
934.412	11895.000
934.554	12038.000
934.696	11830.000
934.838	11851.000
934.979	11852.000
935.121	11855.000
935.263	11852.000
935.404	11913.000
935.546	11855.000
935.688	11837.000
935.830	11898.000
935.971	11814.000
936.113	11779.000
936.255	12018.000
936.396	11822.000
936.538	11802.000
936.680	11804.000
936.821	11786.000
936.963	11809.000
937.105	11836.000
937.246	11821.000
937.388	11732.000
937.530	11850.000
937.671	11773.000
937.813	11828.000
937.955	11820.000
938.096	11749.000
938.238	11849.000
938.380	11831.000
938.521	11939.000
938.663	11824.000
938.805	11797.000
938.946	11873.000
939.088	11799.000
939.230	11863.000
939.371	11854.000
939.513	11819.000
939.655	11815.000
939.796	11880.000
939.938	11851.000
940.080	11935.000
940.221	11857.000
940.363	11827.000
940.504	11807.000
940.646	11844.000
940.788	11868.000
940.929	11791.000
941.071	11904.000
941.213	11811.000
941.354	11943.000
941.496	11856.000
941.637	11847.000
941.779	11838.000
941.921	11880.000
942.062	11783.000
942.204	11916.000
942.346	11834.000
942.487	11959.000
942.629	11932.000
942.770	12001.000
942.912	11852.000
943.054	11971.000
943.195	11862.000
943.337	11888.000
943.478	11806.000
943.620	12015.000
943.761	11835.000
943.903	11980.000
944.045	11875.000
944.186	12007.000
944.328	11878.000
944.469	11938.000
944.611	11912.000
944.753	12015.000
944.894	12016.000
945.036	12004.000
945.177	12058.000
945.319	12109.000
945.460	12003.000
945.602	12009.000
945.744	12032.000
945.885	12108.000
946.027	12005.000
946.168	11996.000
946.310	12052.000
946.451	12138.000
946.593	11931.000
946.734	12130.000
946.876	11955.000
947.018	12224.000
947.159	12155.000
947.301	12085.000
947.442	11968.000
947.584	12069.000
947.725	12002.000
947.867	12046.000
948.008	12035.000
948.150	12119.000
948.291	12080.000
948.433	12039.000
948.574	12049.000
948.716	12122.000
948.857	12096.000
948.999	12072.000
949.140	12022.000
949.282	12161.000
949.424	11992.000
949.565	12065.000
949.707	11993.000
949.848	12098.000
949.990	11897.000
950.131	12097.000
950.273	12071.000
950.414	11984.000
950.556	12038.000
950.697	12080.000
950.839	11994.000
950.980	12082.000
951.122	12027.000
951.263	12009.000
951.404	11965.000
951.546	11992.000
951.687	11968.000
951.829	11975.000
951.970	12033.000
952.112	12035.000
952.253	12035.000
952.395	12024.000
952.536	11997.000
952.678	12095.000
952.819	12086.000
952.961	12031.000
953.102	12099.000
953.244	12089.000
953.385	11992.000
953.527	12099.000
953.668	10011.000
953.809	12060.000
953.951	12009.000
954.092	11953.000
954.234	11905.000
954.375	12061.000
954.517	11933.000
954.658	12047.000
954.800	12006.000
954.941	12035.000
955.082	11956.000
955.224	12013.000
955.365	11947.000
955.507	12091.000
955.648	12023.000
955.790	11999.000
955.931	11917.000
956.072	11986.000
956.214	11894.000
956.355	11894.000
956.497	11987.000
956.638	11897.000
956.780	11897.000
956.921	11907.000
957.062	11844.000
957.204	11998.000
957.345	11816.000
957.487	12027.000
957.628	11937.000
957.769	11898.000
957.911	11923.000
958.052	11848.000
958.194	11843.000
958.335	11818.000
958.476	11788.000
958.618	11767.000
958.759	11838.000
958.901	11868.000
959.042	11800.000
959.183	11932.000
959.325	11746.000
959.466	11798.000
959.607	11716.000
959.749	11776.000
959.890	11679.000
960.032	11799.000
960.173	11698.000
960.314	11745.000
960.456	11702.000
960.597	11771.000
960.738	11811.000
960.880	11800.000
961.021	11754.000
961.162	11892.000
961.304	11703.000
961.445	11782.000
961.586	11767.000
961.728	11858.000
961.869	11715.000
962.011	11951.000
962.152	17879.000
962.293	11963.000
962.435	11803.000
962.576	11840.000
962.717	11846.000
962.859	11857.000
963.000	11729.000
963.141	11872.000
963.283	11932.000
963.424	12016.000
963.565	11916.000
963.706	11913.000
963.848	11890.000
963.989	11917.000
964.130	11918.000
964.272	11996.000
964.413	11896.000
964.554	11965.000
964.696	11843.000
964.837	11975.000
964.978	11979.000
965.120	12017.000
965.261	11939.000
965.402	12025.000
965.543	11995.000
965.685	11988.000
965.826	11909.000
965.967	11907.000
966.109	11967.000
966.250	12063.000
966.391	11934.000
966.532	12007.000
966.674	11910.000
966.815	12084.000
966.956	11925.000
967.098	12059.000
967.239	11895.000
967.380	12019.000
967.521	11789.000
967.663	12009.000
967.804	11873.000
967.945	12016.000
968.086	11845.000
968.228	12035.000
968.369	11919.000
968.510	11975.000
968.651	11915.000
968.793	12025.000
968.934	11850.000
969.075	12072.000
969.216	12017.000
969.358	11868.000
969.499	11911.000
969.640	12050.000
969.781	11959.000
969.923	11990.000
970.064	11931.000
970.205	11960.000
970.346	11975.000
970.488	11960.000
970.629	11996.000
970.770	12080.000
970.911	11978.000
971.053	12067.000
971.194	11963.000
971.335	12104.000
971.476	11859.000
971.617	11995.000
971.759	12039.000
971.900	12142.000
972.041	11974.000
972.182	11990.000
972.323	12030.000
972.465	12161.000
972.606	12039.000
972.747	12091.000
972.888	12011.000
973.029	12143.000
973.171	12000.000
973.312	12046.000
973.453	12057.000
973.594	12143.000
973.735	12007.000
973.877	11983.000
974.018	12034.000
974.159	12238.000
974.300	12079.000
974.441	12062.000
974.582	12124.000
974.724	12076.000
974.865	12165.000
975.006	12180.000
