1249.954	15643.000
1250.101	15261.000
1250.248	15585.000
1250.395	15270.000
1250.542	15492.000
1250.689	15313.000
1250.836	15569.000
1250.983	15208.000
1251.130	15521.000
1251.278	15175.000
1251.425	15448.000
1251.572	15254.000
1251.719	15469.000
1251.866	15153.000
1252.013	15464.000
1252.160	15232.000
1252.307	15290.000
1252.454	15179.000
1252.601	15405.000
1252.748	15175.000
1252.895	15343.000
1253.042	14990.000
1253.188	15501.000
1253.335	15087.000
1253.482	15354.000
1253.629	15022.000
1253.776	15367.000
1253.923	14987.000
1254.070	15263.000
1254.217	14986.000
1254.364	15318.000
1254.510	15023.000
1254.657	15322.000
1254.804	14997.000
1254.951	15254.000
1255.098	14912.000
1255.244	15319.000
1255.391	14783.000
1255.538	15281.000
1255.685	14900.000
1255.831	15166.000
1255.978	14893.000
1256.125	15146.000
1256.271	14944.000
1256.418	15089.000
1256.565	14854.000
1256.711	15178.000
1256.858	14763.000
1257.005	15105.000
1257.151	14759.000
1257.298	15048.000
1257.445	14741.000
1257.591	15177.000
1257.738	14747.000
1257.884	15042.000
1258.031	14686.000
1258.177	15015.000
1258.324	14755.000
1258.470	14946.000
1258.617	14594.000
1258.763	14998.000
1258.910	14614.000
1259.056	14914.000
1259.203	14615.000
1259.349	14865.000
1259.496	14619.000
1259.642	14922.000
1259.789	14514.000
1259.935	14807.000
1260.082	14595.000
1260.228	14840.000
1260.374	14497.000
1260.521	14832.000
1260.667	14523.000
1260.813	14714.000
1260.960	14419.000
1261.106	14697.000
1261.252	14397.000
1261.399	14663.000
1261.545	14535.000
1261.691	14678.000
1261.837	14433.000
1261.984	14739.000
1262.130	14393.000
1262.276	14518.000
1262.422	14339.000
1262.569	14606.000
1262.715	14279.000
1262.861	14613.000
1263.007	14319.000
1263.153	14541.000
1263.300	14321.000
1263.446	14549.000
1263.592	14263.000
1263.738	14592.000
1263.884	14264.000
1264.030	14520.000
1264.176	14239.000
1264.322	14534.000
1264.468	14317.000
1264.614	14447.000
1264.761	14191.000
1264.907	14437.000
1265.053	14076.000
1265.199	14435.000
1265.345	14232.000
1265.491	14371.000
1265.637	14195.000
1265.783	14400.000
1265.928	14174.000
1266.074	14404.000
1266.220	14211.000
1266.366	14258.000
1266.512	14227.000
1266.658	14328.000
1266.804	14068.000
1266.950	14426.000
1267.096	14116.000
1267.242	14399.000
1267.387	14127.000
1267.533	14349.000
1267.679	14135.000
1267.825	14324.000
1267.971	14171.000
1268.117	14377.000
1268.262	14146.000
1268.408	14224.000
1268.554	14107.000
1268.700	14410.000
1268.845	14159.000
1268.991	14366.000
1269.137	14156.000
1269.282	14417.000
1269.428	14145.000
1269.574	14333.000
1269.719	14117.000
1269.865	14354.000
1270.011	14189.000
1270.156	14397.000
1270.302	14176.000
1270.448	14389.000
1270.593	14157.000
1270.739	14365.000
1270.884	14031.000
1271.030	14361.000
1271.176	14162.000
1271.321	14382.000
1271.467	14151.000
1271.612	14311.000
1271.758	14157.000
1271.903	14356.000
1272.049	14119.000
1272.194	14277.000
1272.340	14128.000
1272.485	14268.000
1272.630	14202.000
1272.776	14383.000
1272.921	14138.000
1273.067	14352.000
1273.212	14063.000
1273.358	14308.000
1273.503	14074.000
1273.648	14306.000
1273.794	14146.000
1273.939	14274.000
1274.084	14121.000
1274.230	14347.000
1274.375	14046.000
1274.520	14327.000
1274.666	14137.000
1274.811	14253.000
1274.956	14115.000
1275.101	14251.000
1275.247	14059.000
1275.392	14363.000
1275.537	14174.000
1275.682	14246.000
1275.827	14146.000
1275.973	14148.000
1276.118	14052.000
1276.263	14273.000
1276.408	14151.000
1276.553	14266.000
1276.698	14121.000
1276.844	14183.000
1276.989	14058.000
1277.134	14231.000
1277.279	14089.000
1277.424	14310.000
1277.569	14140.000
1277.714	14235.000
1277.859	14043.000
1278.004	14178.000
1278.149	14053.000
1278.294	14268.000
1278.439	14156.000
1278.584	14215.000
1278.729	14099.000
1278.874	14122.000
1279.019	14141.000
1279.164	14370.000
1279.309	14062.000
1279.454	14298.000
1279.599	14065.000
1279.744	14267.000
1279.888	14086.000
1280.033	14292.000
1280.178	14169.000
1280.323	14226.000
1280.468	14139.000
1280.613	14218.000
1280.758	14157.000
1280.902	14199.000
1281.047	14226.000
1281.192	14283.000
1281.337	14129.000
1281.481	14203.000
1281.626	14138.000
1281.771	14241.000
1281.916	14143.000
1282.060	14370.000
1282.205	14208.000
1282.350	14291.000
1282.495	14199.000
1282.639	14199.000
1282.784	14233.000
1282.929	14229.000
1283.073	14191.000
1283.218	14238.000
1283.362	14305.000
1283.507	14380.000
1283.652	14253.000
1283.796	14408.000
1283.941	14255.000
1284.085	14307.000
1284.230	14267.000
1284.374	14403.000
1284.519	14277.000
1284.663	14375.000
1284.808	14162.000
1284.952	14344.000
1285.097	14187.000
1285.241	14397.000
1285.386	14289.000
1285.530	14372.000
1285.675	14394.000
1285.819	14406.000
1285.964	14390.000
1286.108	14540.000
1286.252	14384.000
1286.397	14528.000
1286.541	14251.000
1286.686	14408.000
1286.830	14311.000
1286.974	14394.000
1287.119	14315.000
1287.263	14665.000
1287.407	14404.000
1287.552	14481.000
1287.696	14425.000
1287.840	14606.000
1287.984	14304.000
1288.129	14469.000
1288.273	14367.000
1288.417	14492.000
1288.561	14363.000
1288.705	14469.000
1288.850	14469.000
1288.994	14493.000
1289.138	14401.000
1289.282	14572.000
1289.426	14437.000
1289.570	14604.000
1289.715	14406.000
1289.859	14584.000
1290.003	14335.000
1290.147	14501.000
1290.291	14562.000
1290.435	14544.000
1290.579	14351.000
1290.723	14607.000
1290.867	14470.000
1291.011	14478.000
1291.155	14454.000
1291.299	14649.000
1291.443	14507.000
1291.587	14584.000
1291.731	14385.000
1291.875	14540.000
1292.019	14437.000
1292.163	14562.000
1292.307	14403.000
1292.451	14560.000
1292.595	14411.000
1292.739	14523.000
1292.883	14399.000
1293.027	14367.000
1293.170	14467.000
1293.314	14436.000
1293.458	14347.000
1293.602	14462.000
1293.746	14365.000
1293.890	14460.000
1294.033	14287.000
1294.177	14473.000
1294.321	14266.000
1294.465	14419.000
1294.608	14355.000
1294.752	14400.000
1294.896	14308.000
1295.040	14295.000
1295.183	14426.000
1295.327	14449.000
1295.471	14229.000
1295.614	14311.000
1295.758	14275.000
1295.902	14337.000
1296.045	14297.000
1296.189	14208.000
1296.332	14247.000
1296.476	14246.000
1296.620	14061.000
1296.763	14269.000
1296.907	14139.000
1297.050	14237.000
1297.194	14243.000
1297.337	14152.000
1297.481	13991.000
1297.625	14161.000
1297.768	14198.000
1297.912	14198.000
1298.055	14018.000
1298.198	14050.000
1298.342	14089.000
1298.485	14083.000
1298.629	14063.000
1298.772	14086.000
1298.916	14050.000
1299.059	14082.000
1299.202	13983.000
1299.346	14117.000
1299.489	14026.000
1299.633	14065.000
1299.776	14017.000
1299.919	13955.000
1300.063	13848.000
1300.206	13971.000
1300.349	13915.000
1300.492	13836.000
1300.636	13990.000
1300.779	13844.000
1300.922	13772.000
1301.066	13908.000
1301.209	13934.000
1301.352	13892.000
1301.495	13852.000
1301.638	13944.000
1301.782	13721.000
1301.925	13781.000
1302.068	13696.000
1302.211	13970.000
1302.354	13694.000
1302.497	13770.000
1302.641	13648.000
1302.784	13816.000
1302.927	13750.000
1303.070	13742.000
1303.213	13583.000
1303.356	13745.000
1303.499	13672.000
1303.642	13701.000
1303.785	13659.000
1303.928	13650.000
1304.071	13699.000
1304.214	13659.000
1304.357	13642.000
1304.500	13646.000
1304.643	13713.000
1304.786	13648.000
1304.929	13725.000
1305.072	13519.000
1305.215	13716.000
1305.358	13596.000
1305.501	13621.000
1305.644	13655.000
1305.786	13642.000
1305.929	13687.000
1306.072	13509.000
1306.215	13560.000
1306.358	13603.000
1306.501	13571.000
1306.644	13522.000
1306.786	13606.000
1306.929	13546.000
1307.072	13641.000
1307.215	13536.000
1307.357	13544.000
1307.500	13489.000
1307.643	13468.000
1307.786	13535.000
1307.928	12978.000
1308.071	13564.000
1308.214	13551.000
1308.356	13425.000
1308.499	13575.000
1308.642	13437.000
1308.784	13391.000
1308.927	13366.000
1309.070	13527.000
1309.212	13513.000
1309.355	13461.000
1309.497	13400.000
1309.640	13446.000
1309.783	13489.000
1309.925	13430.000
1310.068	13368.000
1310.210	13386.000
1310.353	13476.000
1310.495	13435.000
1310.638	13399.000
1310.780	13376.000
1310.923	13437.000
1311.065	13418.000
1311.208	13425.000
1311.350	13415.000
1311.493	13365.000
1311.635	13284.000
1311.777	13335.000
1311.920	13428.000
1312.062	13607.000
1312.205	13379.000
1312.347	13436.000
1312.489	13445.000
1312.632	13386.000
1312.774	13372.000
1312.916	13439.000
1313.059	13365.000
1313.201	13425.000
1313.343	13414.000
1313.485	13372.000
1313.628	13375.000
1313.770	13386.000
1313.912	13465.000
1314.054	13410.000
1314.197	13405.000
1314.339	13320.000
1314.481	13365.000
1314.623	13417.000
1314.765	13315.000
1314.908	13287.000
1315.050	13343.000
1315.192	13265.000
1315.334	13369.000
1315.476	13363.000
1315.618	13361.000
1315.760	13382.000
1315.902	13348.000
1316.045	13372.000
1316.187	13405.000
1316.329	13283.000
1316.471	13347.000
1316.613	13304.000
1316.755	13383.000
1316.897	13323.000
1317.039	13232.000
1317.181	13366.000
1317.323	13416.000
1317.465	13283.000
1317.607	13275.000
1317.749	13263.000
1317.890	13284.000
1318.032	13235.000
1318.174	13258.000
1318.316	13364.000
1318.458	13264.000
1318.600	13246.000
1318.742	13360.000
1318.884	13216.000
1319.026	13235.000
1319.167	13182.000
1319.309	13239.000
1319.451	13325.000
1319.593	13352.000
1319.735	13202.000
1319.876	13230.000
1320.018	13121.000
1320.160	13257.000
1320.302	13212.000
1320.443	13336.000
1320.585	13280.000
1320.727	13190.000
1320.868	13211.000
1321.010	13182.000
1321.152	13258.000
1321.294	13170.000
1321.435	13187.000
1321.577	13254.000
1321.718	13226.000
1321.860	13223.000
1322.002	13057.000
1322.143	13155.000
1322.285	13218.000
1322.426	13090.000
1322.568	13073.000
1322.710	13054.000
1322.851	13029.000
1322.993	13055.000
1323.134	13055.000
1323.276	13051.000
1323.417	13123.000
1323.559	12932.000
1323.700	13135.000
1323.842	13008.000
1323.983	13041.000
1324.124	13022.000
1324.266	12959.000
1324.407	12978.000
1324.549	13053.000
1324.690	12933.000
1324.832	12941.000
1324.973	13013.000
1325.114	12993.000
1325.256	12905.000
1325.397	12975.000
1325.538	13064.000
1325.680	12983.000
1325.821	12952.000
1325.962	12959.000
1326.103	12905.000
1326.245	12947.000
1326.386	12898.000
1326.527	12903.000
1326.669	12780.000
1326.810	13056.000
1326.951	12962.000
1327.092	12962.000
1327.233	12887.000
1327.375	12919.000
1327.516	12920.000
1327.657	12889.000
1327.798	12837.000
1327.939	12868.000
1328.080	12831.000
1328.221	12948.000
1328.363	12916.000
1328.504	12890.000
1328.645	12777.000
1328.786	12783.000
1328.927	12883.000
1329.068	12819.000
1329.209	12782.000
1329.350	12832.000
1329.491	12695.000
1329.632	12793.000
1329.773	12655.000
1329.914	12828.000
1330.055	12769.000
1330.196	12860.000
1330.337	12768.000
1330.478	12723.000
1330.619	12740.000
1330.760	12655.000
1330.901	12728.000
1331.041	12744.000
1331.182	12724.000
1331.323	12778.000
1331.464	12534.000
1331.605	12731.000
1331.746	12701.000
1331.887	12728.000
1332.027	12664.000
1332.168	12694.000
1332.309	12749.000
1332.450	12578.000
1332.591	12706.000
1332.731	12722.000
1332.872	12589.000
1333.013	12674.000
1333.154	12554.000
1333.294	12697.000
1333.435	12550.000
1333.576	12588.000
1333.716	12529.000
1333.857	12649.000
1333.998	12604.000
1334.138	12552.000
1334.279	12459.000
1334.420	12601.000
1334.560	12621.000
1334.701	12637.000
1334.841	12547.000
1334.982	12635.000
1335.123	12531.000
1335.263	12588.000
1335.404	12425.000
1335.544	12538.000
1335.685	12409.000
1335.825	12524.000
1335.966	12559.000
1336.106	12616.000
1336.247	12529.000
1336.387	12571.000
1336.528	12408.000
1336.668	12478.000
1336.809	12370.000
1336.949	12484.000
1337.089	12473.000
1337.230	12345.000
1337.370	12310.000
1337.511	12452.000
1337.651	12445.000
1337.791	12362.000
1337.932	12386.000
1338.072	12441.000
1338.212	12412.000
1338.353	12427.000
1338.493	12379.000
1338.633	12445.000
1338.773	12331.000
1338.914	12398.000
1339.054	12258.000
1339.194	12516.000
1339.335	12361.000
1339.475	12303.000
1339.615	12363.000
1339.755	12332.000
1339.895	12308.000
1340.036	12287.000
1340.176	12261.000
1340.316	12436.000
1340.456	12328.000
1340.596	12341.000
1340.736	12283.000
1340.876	12353.000
1341.016	12311.000
1341.157	12279.000
1341.297	12246.000
1341.437	12326.000
1341.577	12239.000
1341.717	12321.000
1341.857	12196.000
1341.997	12313.000
1342.137	12286.000
1342.277	12257.000
1342.417	12230.000
1342.557	12343.000
1342.697	12293.000
1342.837	12268.000
1342.977	12273.000
1343.117	12411.000
1343.257	12206.000
1343.397	12292.000
1343.536	12319.000
1343.676	12381.000
1343.816	12256.000
1343.956	12227.000
1344.096	12278.000
1344.236	12221.000
1344.376	12190.000
1344.515	12307.000
1344.655	12207.000
1344.795	12331.000
1344.935	12228.000
1345.075	12213.000
1345.214	12171.000
1345.354	12434.000
1345.494	12264.000
1345.634	12386.000
1345.773	12207.000
1345.913	12356.000
1346.053	12335.000
1346.192	12344.000
1346.332	12242.000
1346.472	12394.000
1346.611	12209.000
1346.751	12289.000
1346.891	12221.000
1347.030	12320.000
1347.170	12163.000
1347.310	12339.000
1347.449	12268.000
1347.589	12248.000
1347.728	12283.000
1347.868	12227.000
1348.007	12294.000
1348.147	12366.000
1348.286	12274.000
1348.426	12226.000
1348.565	12205.000
1348.705	12303.000
1348.844	12225.000
1348.984	12212.000
1349.123	12273.000
1349.263	12343.000
1349.402	12215.000
1349.542	12325.000
1349.681	12235.000
1349.821	12268.000
1349.960	12318.000
1350.099	12275.000
1350.239	12205.000
1350.378	12327.000
1350.517	12299.000
1350.657	12335.000
1350.796	12334.000
1350.935	12321.000
1351.075	12290.000
1351.214	12244.000
1351.353	12260.000
1351.492	12314.000
1351.632	12212.000
1351.771	12223.000
1351.910	12311.000
1352.049	12279.000
1352.189	12207.000
1352.328	12215.000
1352.467	12215.000
1352.606	12384.000
1352.745	12181.000
1352.885	12236.000
1353.024	12221.000
1353.163	12379.000
1353.302	13047.000
1353.441	12239.000
1353.580	12207.000
1353.719	12296.000
1353.858	12143.000
1353.997	12314.000
1354.136	12092.000
1354.275	12315.000
1354.414	12108.000
1354.554	12083.000
1354.693	12221.000
1354.832	12193.000
1354.970	12181.000
1355.109	12189.000
1355.248	12183.000
1355.387	12280.000
1355.526	12079.000
1355.665	12069.000
1355.804	12038.000
1355.943	12118.000
1356.082	12089.000
1356.221	12138.000
1356.360	12085.000
1356.499	12075.000
1356.637	12150.000
1356.776	12061.000
1356.915	12029.000
1357.054	12219.000
1357.193	12090.000
1357.332	12039.000
1357.470	12040.000
1357.609	12019.000
1357.748	12067.000
1357.887	12035.000
1358.025	12052.000
1358.164	11958.000
1358.303	12081.000
1358.442	12010.000
1358.580	12038.000
1358.719	12006.000
1358.858	11968.000
1358.996	12057.000
1359.135	12018.000
1359.274	12155.000
1359.412	12073.000
1359.551	12010.000
1359.689	12053.000
1359.828	12036.000
1359.967	12023.000
1360.105	12031.000
1360.244	12029.000
1360.382	12025.000
1360.521	12065.000
1360.659	11973.000
1360.798	12110.000
1360.936	11984.000
1361.075	12025.000
1361.213	11952.000
1361.352	12046.000
1361.490	12013.000
1361.629	11983.000
1361.767	12063.000
1361.906	11990.000
1362.044	12076.000
1362.183	12013.000
1362.321	11988.000
1362.459	11997.000
1362.598	11986.000
1362.736	11947.000
1362.874	12064.000
1363.013	12058.000
1363.151	12112.000
1363.289	12083.000
1363.428	12147.000
1363.566	12041.000
1363.704	12181.000
1363.843	12033.000
1363.981	12074.000
1364.119	12028.000
1364.257	12150.000
1364.396	11985.000
1364.534	12116.000
1364.672	12027.000
1364.810	12150.000
1364.948	11979.000
1365.087	12088.000
1365.225	12087.000
1365.363	12174.000
1365.501	12156.000
1365.639	12124.000
1365.777	12192.000
1365.915	12242.000
1366.053	12176.000
1366.192	12181.000
1366.330	12234.000
1366.468	12278.000
1366.606	12239.000
1366.744	12175.000
1366.882	12203.000
1367.020	12277.000
1367.158	12122.000
1367.296	12258.000
1367.434	12105.000
1367.572	12366.000
1367.710	12325.000
1367.848	12255.000
1367.986	12166.000
1368.124	12212.000
1368.261	12200.000
1368.399	12210.000
1368.537	12223.000
1368.675	12243.000
1368.813	12244.000
1368.951	12208.000
1369.089	12237.000
1369.227	12260.000
1369.364	12288.000
1369.502	12263.000
1369.640	12215.000
1369.778	12319.000
1369.916	12207.000
1370.053	12258.000
1370.191	12163.000
1370.329	12324.000
1370.467	12080.000
1370.604	12344.000
1370.742	12297.000
1370.880	12185.000
1371.017	12200.000
1371.155	12268.000
1371.293	12182.000
1371.430	12268.000
1371.568	12242.000
1371.706	12221.000
1371.843	12219.000
1371.981	12211.000
1372.119	12181.000
1372.256	12130.000
1372.394	12244.000
1372.531	12253.000
1372.669	12243.000
1372.806	12206.000
1372.944	12155.000
1373.082	12301.000
1373.219	12306.000
1373.357	12250.000
1373.494	12301.000
1373.632	12277.000
1373.769	12242.000
1373.906	12269.000
1374.044	10221.000
1374.181	12253.000
1374.319	12197.000
1374.456	12148.000
1374.594	12116.000
1374.731	12268.000
1374.868	12133.000
1375.006	12224.000
1375.143	12214.000
1375.280	12213.000
1375.418	12158.000
1375.555	12212.000
1375.692	12171.000
1375.830	12265.000
1375.967	12177.000
1376.104	12175.000
1376.242	12156.000
1376.379	12178.000
1376.516	12105.000
1376.653	12066.000
1376.791	12149.000
1376.928	12137.000
1377.065	12104.000
1377.202	12115.000
1377.339	11974.000
1377.477	12192.000
1377.614	12006.000
1377.751	12212.000
1377.888	12157.000
1378.025	12106.000
1378.162	12115.000
1378.299	12007.000
1378.436	12008.000
1378.574	12023.000
1378.711	11940.000
1378.848	11985.000
1378.985	12028.000
1379.122	12041.000
1379.259	11949.000
1379.396	12093.000
1379.533	11923.000
1379.670	12001.000
1379.807	11890.000
1379.944	11918.000
1380.081	11815.000
1380.218	11925.000
1380.355	11821.000
1380.491	11872.000
1380.628	11826.000
1380.765	11894.000
1380.902	11929.000
1381.039	11967.000
1381.176	11899.000
1381.313	12031.000
1381.450	11805.000
1381.586	11936.000
1381.723	11926.000
1381.860	11957.000
1381.997	11857.000
1382.134	12081.000
1382.271	18264.000
1382.407	12082.000
1382.544	11920.000
1382.681	11952.000
1382.818	11955.000
1382.954	11943.000
1383.091	11799.000
1383.228	11940.000
1383.364	11986.000
1383.501	12099.000
1383.638	12031.000
1383.774	12018.000
1383.911	11981.000
1384.048	11994.000
1384.184	12099.000
1384.321	12103.000
1384.457	12010.000
1384.594	12143.000
1384.731	11979.000
1384.867	12068.000
1385.004	12087.000
1385.140	12126.000
1385.277	12045.000
1385.413	12104.000
1385.550	12054.000
1385.686	12076.000
1385.823	12007.000
1385.959	12054.000
1386.096	12038.000
1386.232	12144.000
1386.369	12030.000
1386.505	12072.000
1386.642	11967.000
1386.778	12176.000
1386.914	12006.000
1387.051	12138.000
1387.187	11925.000
1387.324	12114.000
1387.460	11862.000
1387.596	12085.000
1387.733	11928.000
1387.869	12100.000
1388.005	11939.000
1388.142	12086.000
1388.278	12031.000
1388.414	12063.000
1388.550	12011.000
1388.687	12142.000
1388.823	11926.000
1388.959	12190.000
1389.095	12110.000
1389.232	12044.000
1389.368	12012.000
1389.504	12214.000
1389.640	12062.000
1389.776	12088.000
1389.912	12085.000
1390.049	12141.000
1390.185	12066.000
1390.321	12057.000
1390.457	12110.000
1390.593	12164.000
1390.729	12112.000
1390.865	12200.000
1391.001	12048.000
1391.137	12200.000
1391.273	11990.000
1391.409	12108.000
1391.545	12209.000
1391.681	12249.000
1391.817	12156.000
1391.953	12102.000
1392.089	12146.000
1392.225	12259.000
1392.361	12186.000
1392.497	12265.000
1392.633	12151.000
1392.769	12262.000
1392.905	12112.000
1393.041	12149.000
1393.177	12204.000
1393.313	12300.000
1393.449	12139.000
1393.584	12119.000
1393.720	12197.000
1393.856	12339.000
1393.992	12197.000
1394.128	12175.000
1394.264	12266.000
1394.399	12218.000
1394.535	12312.000
1394.671	12337.000
