1249.954	6811.000
1250.101	6089.000
1250.248	6818.000
1250.395	6215.000
1250.542	6772.000
1250.689	6233.000
1250.836	6912.000
1250.983	6255.000
1251.130	6872.000
1251.278	6276.000
1251.425	6840.000
1251.572	6258.000
1251.719	6854.000
1251.866	6144.000
1252.013	6902.000
1252.160	6299.000
1252.307	6874.000
1252.454	6298.000
1252.601	6949.000
1252.748	6349.000
1252.895	6950.000
1253.042	6270.000
1253.188	7127.000
1253.335	6226.000
1253.482	6959.000
1253.629	6231.000
1253.776	7058.000
1253.923	6198.000
1254.070	6978.000
1254.217	6258.000
1254.364	7092.000
1254.510	6320.000
1254.657	7095.000
1254.804	6264.000
1254.951	7030.000
1255.098	6228.000
1255.244	7112.000
1255.391	6232.000
1255.538	7161.000
1255.685	6331.000
1255.831	7127.000
1255.978	6361.000
1256.125	7100.000
1256.271	6357.000
1256.418	7141.000
1256.565	6359.000
1256.711	7158.000
1256.858	6289.000
1257.005	7115.000
1257.151	6233.000
1257.298	7094.000
1257.445	6281.000
1257.591	7164.000
1257.738	6389.000
1257.884	7155.000
1258.031	6399.000
1258.177	7205.000
1258.324	6383.000
1258.470	7236.000
1258.617	6308.000
1258.763	7311.000
1258.910	6379.000
1259.056	7257.000
1259.203	6360.000
1259.349	7262.000
1259.496	6439.000
1259.642	7328.000
1259.789	6344.000
1259.935	7369.000
1260.082	6421.000
1260.228	7543.000
1260.374	6426.000
1260.521	7430.000
1260.667	6454.000
1260.813	7412.000
1260.960	6471.000
1261.106	7440.000
1261.252	6475.000
1261.399	7531.000
1261.545	6642.000
1261.691	7521.000
1261.837	6586.000
1261.984	7620.000
1262.130	6590.000
1262.276	7639.000
1262.422	6600.000
1262.569	7639.000
1262.715	6578.000
1262.861	7641.000
1263.007	6594.000
1263.153	7675.000
1263.300	6658.000
1263.446	7758.000
1263.592	6691.000
1263.738	7937.000
1263.884	6731.000
1264.030	7871.000
1264.176	6794.000
1264.322	7957.000
1264.468	6914.000
1264.614	7923.000
1264.761	6721.000
1264.907	7927.000
1265.053	6785.000
1265.199	7941.000
1265.345	6956.000
1265.491	8009.000
1265.637	6936.000
1265.783	8074.000
1265.928	6933.000
1266.074	8161.000
1266.220	7057.000
1266.366	8048.000
1266.512	7051.000
1266.658	8183.000
1266.804	7045.000
1266.950	8207.000
1267.096	7103.000
1267.242	8345.000
1267.387	7153.000
1267.533	8282.000
1267.679	7196.000
1267.825	8389.000
1267.971	7311.000
1268.117	8425.000
1268.262	7289.000
1268.408	8430.000
1268.554	7144.000
1268.700	8588.000
1268.845	7353.000
1268.991	8579.000
1269.137	7358.000
1269.282	8599.000
1269.428	7362.000
1269.574	8629.000
1269.719	7362.000
1269.865	8677.000
1270.011	7486.000
1270.156	8599.000
1270.302	7464.000
1270.448	8685.000
1270.593	7498.000
1270.739	8716.000
1270.884	7399.000
1271.030	8764.000
1271.176	7483.000
1271.321	8777.000
1271.467	7489.000
1271.612	8761.000
1271.758	7520.000
1271.903	8827.000
1272.049	7561.000
1272.194	8752.000
1272.340	7519.000
1272.485	8698.000
1272.630	7547.000
1272.776	8797.000
1272.921	7633.000
1273.067	8908.000
1273.212	7655.000
1273.358	8993.000
1273.503	7659.000
1273.648	8960.000
1273.794	7708.000
1273.939	8954.000
1274.084	7768.000
1274.230	9129.000
1274.375	7756.000
1274.520	9152.000
1274.666	7847.000
1274.811	9138.000
1274.956	7880.000
1275.101	9211.000
1275.247	7799.000
1275.392	9291.000
1275.537	7983.000
1275.682	9278.000
1275.827	8070.000
1275.973	9306.000
1276.118	8028.000
1276.263	9363.000
1276.408	8096.000
1276.553	9416.000
1276.698	8179.000
1276.844	9408.000
1276.989	8078.000
1277.134	9520.000
1277.279	8187.000
1277.424	9586.000
1277.569	8317.000
1277.714	9558.000
1277.859	8279.000
1278.004	9594.000
1278.149	8317.000
1278.294	9694.000
1278.439	8446.000
1278.584	9663.000
1278.729	8384.000
1278.874	9642.000
1279.019	8519.000
1279.164	9874.000
1279.309	8419.000
1279.454	9852.000
1279.599	8479.000
1279.744	9860.000
1279.888	8603.000
1280.033	9904.000
1280.178	8670.000
1280.323	9918.000
1280.468	8623.000
1280.613	9939.000
1280.758	8614.000
1280.902	9908.000
1281.047	8662.000
1281.192	10044.000
1281.337	8705.000
1281.481	9969.000
1281.626	8669.000
1281.771	9948.000
1281.916	8697.000
1282.060	10005.000
1282.205	8677.000
1282.350	9960.000
1282.495	8739.000
1282.639	9913.000
1282.784	8765.000
1282.929	9985.000
1283.073	8796.000
1283.218	10022.000
1283.362	8892.000
1283.507	10049.000
1283.652	8847.000
1283.796	10103.000
1283.941	8888.000
1284.085	10131.000
1284.230	8872.000
1284.374	10121.000
1284.519	8932.000
1284.663	10006.000
1284.808	8825.000
1284.952	10119.000
1285.097	8946.000
1285.241	10180.000
1285.386	9009.000
1285.530	10199.000
1285.675	8950.000
1285.819	10164.000
1285.964	9033.000
1286.108	10321.000
1286.252	9106.000
1286.397	10298.000
1286.541	9072.000
1286.686	10264.000
1286.830	9084.000
1286.974	10232.000
1287.119	9189.000
1287.263	10438.000
1287.407	9160.000
1287.552	10293.000
1287.696	9195.000
1287.840	10395.000
1287.984	9161.000
1288.129	10317.000
1288.273	9277.000
1288.417	10438.000
1288.561	9289.000
1288.705	10411.000
1288.850	9292.000
1288.994	10422.000
1289.138	9323.000
1289.282	10514.000
1289.426	9342.000
1289.570	10444.000
1289.715	9338.000
1289.859	10500.000
1290.003	9474.000
1290.147	10436.000
1290.291	9463.000
1290.435	10503.000
1290.579	9376.000
1290.723	10463.000
1290.867	9434.000
1291.011	10364.000
1291.155	9446.000
1291.299	10526.000
1291.443	9468.000
1291.587	10499.000
1291.731	9436.000
1291.875	10463.000
1292.019	9429.000
1292.163	10503.000
1292.307	9487.000
1292.451	10560.000
1292.595	9607.000
1292.739	10552.000
1292.883	9588.000
1293.027	10425.000
1293.170	9705.000
1293.314	10496.000
1293.458	9561.000
1293.602	10505.000
1293.746	9685.000
1293.890	10465.000
1294.033	9592.000
1294.177	10609.000
1294.321	9591.000
1294.465	10442.000
1294.608	9689.000
1294.752	10585.000
1294.896	9752.000
1295.040	10570.000
1295.183	9848.000
1295.327	10655.000
1295.471	9809.000
1295.614	10631.000
1295.758	9846.000
1295.902	10650.000
1296.045	9721.000
1296.189	10472.000
1296.332	9760.000
1296.476	10538.000
1296.620	9650.000
1296.763	10562.000
1296.907	9742.000
1297.050	10555.000
1297.194	9831.000
1297.337	10450.000
1297.481	9528.000
1297.625	10402.000
1297.768	9697.000
1297.912	10404.000
1298.055	9575.000
1298.198	10352.000
1298.342	9686.000
1298.485	10324.000
1298.629	9601.000
1298.772	10258.000
1298.916	9620.000
1299.059	10293.000
1299.202	9617.000
1299.346	10372.000
1299.489	9645.000
1299.633	10288.000
1299.776	9686.000
1299.919	10300.000
1300.063	9662.000
1300.206	10394.000
1300.349	9756.000
1300.492	10303.000
1300.636	9863.000
1300.779	10371.000
1300.922	9876.000
1301.066	10446.000
1301.209	9916.000
1301.352	10601.000
1301.495	10030.000
1301.638	10569.000
1301.782	9955.000
1301.925	10625.000
1302.068	10123.000
1302.211	10736.000
1302.354	10057.000
1302.497	10675.000
1302.641	10082.000
1302.784	10680.000
1302.927	10134.000
1303.070	10659.000
1303.213	9988.000
1303.356	10597.000
1303.499	10002.000
1303.642	10505.000
1303.785	10034.000
1303.928	10519.000
1304.071	10209.000
1304.214	10795.000
1304.357	10756.000
1304.500	11821.000
1304.643	12467.000
1304.786	12573.000
1304.929	12793.000
1305.072	11389.000
1305.215	12063.000
1305.358	13659.000
1305.501	13417.000
1305.644	11537.000
1305.786	9742.000
1305.929	9915.000
1306.072	9405.000
1306.215	9907.000
1306.358	9476.000
1306.501	9810.000
1306.644	9431.000
1306.786	9855.000
1306.929	9472.000
1307.072	9956.000
1307.215	9589.000
1307.357	9947.000
1307.500	9550.000
1307.643	9909.000
1307.786	9649.000
1307.928	9805.000
1308.071	9683.000
1308.214	10069.000
1308.356	9714.000
1308.499	10097.000
1308.642	9690.000
1308.784	9919.000
1308.927	9650.000
1309.070	9951.000
1309.212	9760.000
1309.355	9889.000
1309.497	9508.000
1309.640	9668.000
1309.783	9459.000
1309.925	9641.000
1310.068	9366.000
1310.210	9456.000
1310.353	9306.000
1310.495	9427.000
1310.638	9121.000
1310.780	9300.000
1310.923	9167.000
1311.065	9192.000
1311.208	9052.000
1311.350	9297.000
1311.493	9012.000
1311.635	9027.000
1311.777	8986.000
1311.920	9125.000
1312.062	9086.000
1312.205	9138.000
1312.347	9033.000
1312.489	9115.000
1312.632	8958.000
1312.774	9168.000
1312.916	9094.000
1313.059	9108.000
1313.201	9067.000
1313.343	9119.000
1313.485	8987.000
1313.628	9126.000
1313.770	9123.000
1313.912	9165.000
1314.054	9089.000
1314.197	9129.000
1314.339	8985.000
1314.481	9043.000
1314.623	8960.000
1314.765	8981.000
1314.908	8872.000
1315.050	8866.000
1315.192	8694.000
1315.334	8765.000
1315.476	8621.000
1315.618	8739.000
1315.760	8623.000
1315.902	8660.000
1316.045	8680.000
1316.187	8559.000
1316.329	8477.000
1316.471	8465.000
1316.613	8492.000
1316.755	8491.000
1316.897	8407.000
1317.039	8422.000
1317.181	8436.000
1317.323	8322.000
1317.465	8297.000
1317.607	8296.000
1317.749	8350.000
1317.890	8321.000
1318.032	8290.000
1318.174	8247.000
1318.316	8269.000
1318.458	8217.000
1318.600	8158.000
1318.742	8235.000
1318.884	8111.000
1319.026	8039.000
1319.167	8098.000
1319.309	7960.000
1319.451	8012.000
1319.593	8019.000
1319.735	7956.000
1319.876	7857.000
1320.018	7775.000
1320.160	7804.000
1320.302	7747.000
1320.443	7719.000
1320.585	7727.000
1320.727	7639.000
1320.868	7718.000
1321.010	7625.000
1321.152	7685.000
1321.294	7581.000
1321.435	7753.000
1321.577	7677.000
1321.718	7682.000
1321.860	7672.000
1322.002	7592.000
1322.143	7573.000
1322.285	7756.000
1322.426	7597.000
1322.568	7720.000
1322.710	7701.000
1322.851	7792.000
1322.993	7707.000
1323.134	7763.000
1323.276	7693.000
1323.417	7826.000
1323.559	7580.000
1323.700	7767.000
1323.842	7629.000
1323.983	7652.000
1324.124	7547.000
1324.266	7561.000
1324.407	7436.000
1324.549	7442.000
1324.690	7313.000
1324.832	7370.000
1324.973	7265.000
1325.114	7309.000
1325.256	7096.000
1325.397	7198.000
1325.538	7203.000
1325.680	7179.000
1325.821	7111.000
1325.962	7141.000
1326.103	6912.000
1326.245	7023.000
1326.386	6843.000
1326.527	6985.000
1326.669	6779.000
1326.810	7087.000
1326.951	6881.000
1327.092	6999.000
1327.233	6820.000
1327.375	7010.000
1327.516	6816.000
1327.657	6999.000
1327.798	6756.000
1327.939	6926.000
1328.080	6750.000
1328.221	6951.000
1328.363	6766.000
1328.504	6954.000
1328.645	6639.000
1328.786	6822.000
1328.927	6642.000
1329.068	6764.000
1329.209	6591.000
1329.350	6747.000
1329.491	6519.000
1329.632	6742.000
1329.773	6447.000
1329.914	6666.000
1330.055	6489.000
1330.196	6680.000
1330.337	6487.000
1330.478	6590.000
1330.619	6355.000
1330.760	6577.000
1330.901	6501.000
1331.041	6751.000
1331.182	6486.000
1331.323	6713.000
1331.464	6451.000
1331.605	6722.000
1331.746	6657.000
1331.887	6857.000
1332.027	6685.000
1332.168	6886.000
1332.309	6887.000
1332.450	6922.000
1332.591	6811.000
1332.731	7050.000
1332.872	6947.000
1333.013	7151.000
1333.154	7000.000
1333.294	7273.000
1333.435	7082.000
1333.576	7218.000
1333.716	7155.000
1333.857	7293.000
1333.998	7161.000
1334.138	7245.000
1334.279	7104.000
1334.420	7289.000
1334.560	7226.000
1334.701	7302.000
1334.841	7166.000
1334.982	7316.000
1335.123	7072.000
1335.263	7226.000
1335.404	7065.000
1335.544	7172.000
1335.685	6948.000
1335.825	7143.000
1335.966	7068.000
1336.106	7204.000
1336.247	6945.000
1336.387	7111.000
1336.528	6857.000
1336.668	7058.000
1336.809	6783.000
1336.949	6971.000
1337.089	6760.000
1337.230	6891.000
1337.370	6612.000
1337.511	6806.000
1337.651	6729.000
1337.791	6785.000
1337.932	6547.000
1338.072	6746.000
1338.212	6482.000
1338.353	6660.000
1338.493	6425.000
1338.633	6665.000
1338.773	6345.000
1338.914	6496.000
1339.054	6224.000
1339.194	6416.000
1339.335	6177.000
1339.475	6328.000
1339.615	6095.000
1339.755	6224.000
1339.895	5999.000
1340.036	6168.000
1340.176	5953.000
1340.316	6230.000
1340.456	6049.000
1340.596	6121.000
1340.736	5951.000
1340.876	6184.000
1341.016	5999.000
1341.157	6152.000
1341.297	5960.000
1341.437	6220.000
1341.577	6013.000
1341.717	6230.000
1341.857	6049.000
1341.997	6276.000
1342.137	6108.000
1342.277	6275.000
1342.417	6085.000
1342.557	6388.000
1342.697	6153.000
1342.837	6364.000
1342.977	6259.000
1343.117	6447.000
1343.257	6190.000
1343.397	6462.000
1343.536	6402.000
1343.676	6578.000
1343.816	6411.000
1343.956	6555.000
1344.096	6492.000
1344.236	6613.000
1344.376	6491.000
1344.515	6720.000
1344.655	6555.000
1344.795	6726.000
1344.935	6525.000
1345.075	6720.000
1345.214	6526.000
1345.354	6789.000
1345.494	6552.000
1345.634	6754.000
1345.773	6452.000
1345.913	6697.000
1346.053	6438.000
1346.192	6598.000
1346.332	6329.000
1346.472	6535.000
1346.611	6220.000
1346.751	6397.000
1346.891	6164.000
1347.030	6312.000
1347.170	6081.000
1347.310	6299.000
1347.449	6098.000
1347.589	6238.000
1347.728	6060.000
1347.868	6124.000
1348.007	6056.000
1348.147	6187.000
1348.286	6005.000
1348.426	6164.000
1348.565	6052.000
1348.705	6191.000
1348.844	6138.000
1348.984	6291.000
1349.123	6166.000
1349.263	6342.000
1349.402	6203.000
1349.542	6392.000
1349.681	6140.000
1349.821	6294.000
1349.960	6170.000
1350.099	6252.000
1350.239	6096.000
1350.378	6383.000
1350.517	6115.000
1350.657	6272.000
1350.796	6125.000
1350.935	6222.000
1351.075	6006.000
1351.214	6149.000
1351.353	5955.000
1351.492	6168.000
1351.632	5961.000
1351.771	6043.000
1351.910	5935.000
1352.049	6052.000
1352.189	5831.000
1352.328	5983.000
1352.467	5769.000
1352.606	6051.000
1352.745	5793.000
1352.885	5987.000
1353.024	5860.000
1353.163	6084.000
1353.302	5963.000
1353.441	5974.000
1353.580	5750.000
1353.719	5961.000
1353.858	5740.000
1353.997	6028.000
1354.136	5710.000
1354.275	5995.000
1354.414	5733.000
1354.554	5925.000
1354.693	5819.000
1354.832	5988.000
1354.970	5824.000
1355.109	6025.000
1355.248	5858.000
1355.387	6125.000
1355.526	5873.000
1355.665	6081.000
1355.804	5995.000
1355.943	6124.000
1356.082	5986.000
1356.221	6233.000
1356.360	6068.000
1356.499	6188.000
1356.637	6099.000
1356.776	6177.000
1356.915	5983.000
1357.054	6271.000
1357.193	6029.000
1357.332	6179.000
1357.470	5936.000
1357.609	6072.000
1357.748	5897.000
1357.887	6051.000
1358.025	5867.000
1358.164	5948.000
1358.303	5842.000
1358.442	5911.000
1358.580	5744.000
1358.719	5941.000
1358.858	5720.000
1358.996	5930.000
1359.135	5765.000
1359.274	6029.000
1359.412	5706.000
1359.551	5898.000
1359.689	5766.000
1359.828	5875.000
1359.967	5748.000
1360.105	5851.000
1360.244	5721.000
1360.382	5823.000
1360.521	5771.000
1360.659	5917.000
1360.798	5764.000
1360.936	5874.000
1361.075	5696.000
1361.213	5761.000
1361.352	5648.000
1361.490	5778.000
1361.629	5665.000
1361.767	5874.000
1361.906	5631.000
1362.044	5812.000
1362.183	5634.000
1362.321	5806.000
1362.459	5634.000
1362.598	5812.000
1362.736	5556.000
1362.874	5867.000
1363.013	5551.000
1363.151	5844.000
1363.289	5592.000
1363.428	5834.000
1363.566	5535.000
1363.704	5778.000
1363.843	5527.000
1363.981	5742.000
1364.119	5511.000
1364.257	5735.000
1364.396	5503.000
1364.534	5815.000
1364.672	5591.000
1364.810	5762.000
1364.948	5528.000
1365.087	5772.000
1365.225	5612.000
1365.363	5819.000
1365.501	5649.000
1365.639	5811.000
1365.777	5703.000
1365.915	5810.000
1366.053	5720.000
1366.192	5755.000
1366.330	5743.000
1366.468	5919.000
1366.606	5675.000
1366.744	5800.000
1366.882	5639.000
1367.020	5799.000
1367.158	5720.000
1367.296	6322.000
1367.434	6296.000
1367.572	5938.000
1367.710	5695.000
1367.848	5760.000
1367.986	5551.000
1368.124	5694.000
1368.261	5505.000
1368.399	5655.000
1368.537	5616.000
1368.675	5709.000
1368.813	5568.000
1368.951	5680.000
1369.089	5579.000
1369.227	5697.000
1369.364	5524.000
1369.502	5679.000
1369.640	5475.000
1369.778	5697.000
1369.916	5475.000
1370.053	5679.000
1370.191	5450.000
1370.329	5701.000
1370.467	5401.000
1370.604	5701.000
1370.742	5513.000
1370.880	5614.000
1371.017	5550.000
1371.155	5756.000
1371.293	5449.000
1371.430	5675.000
1371.568	5506.000
1371.706	5607.000
1371.843	5431.000
1371.981	5555.000
1372.119	5426.000
1372.256	5595.000
1372.394	5495.000
1372.531	5583.000
1372.669	5404.000
1372.806	5564.000
1372.944	5376.000
1373.082	5606.000
1373.219	5427.000
1373.357	5499.000
1373.494	5389.000
1373.632	5453.000
1373.769	5335.000
1373.906	5465.000
1374.044	4983.000
1374.181	5401.000
1374.319	5278.000
1374.456	5377.000
1374.594	5207.000
1374.731	5383.000
1374.868	5196.000
1375.006	5420.000
1375.143	5325.000
1375.280	5504.000
1375.418	5325.000
1375.555	5442.000
1375.692	5323.000
1375.830	5550.000
1375.967	5324.000
1376.104	5503.000
1376.242	5221.000
1376.379	5566.000
1376.516	5315.000
1376.653	5520.000
1376.791	5316.000
1376.928	5460.000
1377.065	5324.000
1377.202	5490.000
1377.339	5245.000
1377.477	5521.000
1377.614	5202.000
1377.751	5491.000
1377.888	5304.000
1378.025	5385.000
1378.162	5300.000
1378.299	5406.000
1378.436	5253.000
1378.574	5351.000
1378.711	5163.000
1378.848	5326.000
1378.985	5160.000
1379.122	5409.000
1379.259	5182.000
1379.396	5406.000
1379.533	5138.000
1379.670	5363.000
1379.807	5131.000
1379.944	5297.000
1380.081	5084.000
1380.218	5329.000
1380.355	5031.000
1380.491	5301.000
1380.628	5061.000
1380.765	5323.000
1380.902	5172.000
1381.039	5344.000
1381.176	5117.000
1381.313	5495.000
1381.450	5125.000
1381.586	5464.000
1381.723	5762.000
1381.860	6944.000
1381.997	8325.000
1382.134	8803.000
1382.271	8342.000
1382.407	7349.000
1382.544	7172.000
1382.681	6781.000
1382.818	6300.000
1382.954	6275.000
1383.091	5861.000
1383.228	5827.000
1383.364	5530.000
1383.501	5705.000
1383.638	5458.000
1383.774	5489.000
1383.911	5216.000
1384.048	5434.000
1384.184	5223.000
1384.321	5381.000
1384.457	5129.000
1384.594	5281.000
1384.731	5059.000
1384.867	5268.000
1385.004	5057.000
1385.140	5219.000
1385.277	4991.000
1385.413	5190.000
1385.550	5034.000
1385.686	5194.000
1385.823	4987.000
1385.959	5129.000
1386.096	4936.000
1386.232	5240.000
1386.369	5015.000
1386.505	5217.000
1386.642	4988.000
1386.778	5279.000
1386.914	5059.000
1387.051	5285.000
1387.187	5106.000
1387.324	5271.000
1387.460	5003.000
1387.596	5240.000
1387.733	4996.000
1387.869	5262.000
1388.005	4991.000
1388.142	5286.000
1388.278	5085.000
1388.414	5241.000
1388.550	5060.000
1388.687	5267.000
1388.823	4989.000
1388.959	5266.000
1389.095	5113.000
1389.232	5180.000
1389.368	5049.000
1389.504	5281.000
1389.640	5089.000
1389.776	5272.000
1389.912	5178.000
1390.049	5353.000
1390.185	5253.000
1390.321	5346.000
1390.457	5286.000
1390.593	5371.000
1390.729	5229.000
1390.865	5408.000
1391.001	5111.000
1391.137	5327.000
1391.273	5078.000
1391.409	5243.000
1391.545	5128.000
1391.681	5271.000
1391.817	4945.000
1391.953	5122.000
1392.089	4934.000
1392.225	5160.000
1392.361	4909.000
1392.497	5192.000
1392.633	4942.000
1392.769	5203.000
1392.905	5002.000
1393.041	5183.000
1393.177	5074.000
1393.313	5314.000
1393.449	5148.000
1393.584	5264.000
1393.720	5220.000
1393.856	5477.000
1393.992	5283.000
1394.128	5410.000
1394.264	5224.000
1394.399	5311.000
1394.535	5260.000
1394.671	5404.000
