969.812	4009.000
969.956	3956.000
970.101	3966.000
970.245	4134.000
970.389	3997.000
970.533	4022.000
970.678	4021.000
970.822	4040.000
970.966	4053.000
971.110	4018.000
971.255	3944.000
971.399	4084.000
971.543	4011.000
971.687	3961.000
971.831	4009.000
971.976	4056.000
972.120	3934.000
972.264	4055.000
972.408	3879.000
972.552	4033.000
972.697	3935.000
972.841	4005.000
972.985	4153.000
973.129	4090.000
973.273	4100.000
973.417	3987.000
973.562	3999.000
973.706	4029.000
973.850	4026.000
973.994	4004.000
974.138	4012.000
974.282	4039.000
974.426	4070.000
974.570	3993.000
974.715	3998.000
974.859	4019.000
975.003	4077.000
975.147	3980.000
975.291	4049.000
975.435	4080.000
975.579	4013.000
975.723	4058.000
975.867	3969.000
976.011	4077.000
976.155	3988.000
976.299	4099.000
976.444	4037.000
976.588	4021.000
976.732	4006.000
976.876	4033.000
977.020	3926.000
977.164	3994.000
977.308	4041.000
977.452	4046.000
977.596	3969.000
977.740	4046.000
977.884	3964.000
978.028	4053.000
978.172	3946.000
978.316	3989.000
978.460	4009.000
978.604	3994.000
978.748	3974.000
978.892	3970.000
979.036	3921.000
979.180	4072.000
979.323	4011.000
979.467	4017.000
979.611	3916.000
979.755	3986.000
979.899	4015.000
980.043	4030.000
980.187	4004.000
980.331	4040.000
980.475	3943.000
980.619	3984.000
980.763	3928.000
980.907	3980.000
981.050	3969.000
981.194	4096.000
981.338	3964.000
981.482	4001.000
981.626	4023.000
981.770	4050.000
981.914	3936.000
982.058	4020.000
982.201	3975.000
982.345	4011.000
982.489	4023.000
982.633	4012.000
982.777	3928.000
982.921	4023.000
983.064	4006.000
983.208	3989.000
983.352	3976.000
983.496	4025.000
983.640	3983.000
983.783	4015.000
983.927	3932.000
984.071	4045.000
984.215	3926.000
984.359	3927.000
984.502	3914.000
984.646	3880.000
984.790	3983.000
984.934	4063.000
985.077	3982.000
985.221	3997.000
985.365	3979.000
985.509	4003.000
985.652	3991.000
985.796	4011.000
985.940	3860.000
986.084	4017.000
986.227	3924.000
986.371	3957.000
986.515	3951.000
986.658	3992.000
986.802	3952.000
986.946	3985.000
987.089	3972.000
987.233	3977.000
987.377	3947.000
987.520	4061.000
987.664	3922.000
987.808	3929.000
987.951	3885.000
988.095	3934.000
988.239	3998.000
988.382	3999.000
988.526	3953.000
988.670	3975.000
988.813	3897.000
988.957	3949.000
989.100	3920.000
989.244	3934.000
989.388	3949.000
989.531	3991.000
989.675	3939.000
989.818	4015.000
989.962	4023.000
990.106	3972.000
990.249	3890.000
990.393	3924.000
990.536	3927.000
990.680	3998.000
990.823	3952.000
990.967	3944.000
991.110	3911.000
991.254	3966.000
991.398	3911.000
991.541	3978.000
991.685	3940.000
991.828	3942.000
991.972	3890.000
992.115	4001.000
992.259	3957.000
992.402	4025.000
992.546	3911.000
992.689	4008.000
992.833	3963.000
992.976	3982.000
993.120	3947.000
993.263	3967.000
993.406	3861.000
993.550	3976.000
993.693	3935.000
993.837	3936.000
993.980	3992.000
994.124	4065.000
994.267	3898.000
994.411	3980.000
994.554	3939.000
994.697	3922.000
994.841	3938.000
994.984	4000.000
995.128	3863.000
995.271	4058.000
995.414	3875.000
995.558	3958.000
995.701	3929.000
995.845	3967.000
995.988	3942.000
996.131	4045.000
996.275	3849.000
996.418	3888.000
996.561	3855.000
996.705	3952.000
996.848	3913.000
996.991	3993.000
997.135	3877.000
997.278	3957.000
997.421	3847.000
997.565	3974.000
997.708	3930.000
997.851	4039.000
997.995	3840.000
998.138	3916.000
998.281	3761.000
998.424	3997.000
998.568	4007.000
998.711	3947.000
998.854	3928.000
998.998	3941.000
999.141	3876.000
999.284	3962.000
999.427	3869.000
999.571	4037.000
999.714	3789.000
999.857	3931.000
1000.000	3842.000
1000.143	3952.000
1000.287	3873.000
1000.430	4085.000
1000.573	3871.000
1000.716	3991.000
1000.860	3848.000
1001.003	3932.000
1001.146	3866.000
1001.289	3927.000
1001.432	3921.000
1001.575	3997.000
1001.719	3848.000
1001.862	3971.000
1002.005	3766.000
1002.148	3949.000
1002.291	3823.000
1002.434	3902.000
1002.578	3789.000
1002.721	3975.000
1002.864	3810.000
1003.007	3957.000
1003.150	3819.000
1003.293	3984.000
1003.436	3806.000
1003.579	3893.000
1003.723	3836.000
1003.866	3939.000
1004.009	3787.000
1004.152	3861.000
1004.295	3801.000
1004.438	3915.000
1004.581	3864.000
1004.724	3947.000
1004.867	3776.000
1005.010	3969.000
1005.153	3823.000
1005.296	3934.000
1005.439	3885.000
1005.582	3990.000
1005.725	3874.000
1005.868	3901.000
1006.012	3827.000
1006.155	3930.000
1006.298	3805.000
1006.441	3936.000
1006.584	3914.000
1006.727	3953.000
1006.870	3793.000
1007.013	4010.000
1007.156	3926.000
1007.298	3875.000
1007.441	3813.000
1007.584	3958.000
1007.727	3796.000
1007.870	3928.000
1008.013	3766.000
1008.156	3965.000
1008.299	3789.000
1008.442	3889.000
1008.585	3785.000
1008.728	3907.000
1008.871	3829.000
1009.014	3921.000
1009.157	3829.000
1009.300	3877.000
1009.443	3760.000
1009.585	4014.000
1009.728	3853.000
1009.871	3908.000
1010.014	3836.000
1010.157	3975.000
1010.300	3698.000
1010.443	3892.000
1010.586	3878.000
1010.728	3934.000
1010.871	3801.000
1011.014	3827.000
1011.157	3754.000
1011.300	3867.000
1011.443	3829.000
1011.585	3891.000
1011.728	3799.000
1011.871	3888.000
1012.014	3756.000
1012.157	3919.000
1012.300	3691.000
1012.442	3948.000
1012.585	3738.000
1012.728	3886.000
1012.871	3770.000
1013.013	3927.000
1013.156	3786.000
1013.299	3905.000
1013.442	3870.000
1013.585	3828.000
1013.727	3705.000
1013.870	3878.000
1014.013	3763.000
1014.156	3903.000
1014.298	3726.000
1014.441	3970.000
1014.584	3843.000
1014.726	3907.000
1014.869	3684.000
1015.012	3884.000
1015.155	3792.000
1015.297	3875.000
1015.440	3656.000
1015.583	3913.000
1015.725	3691.000
1015.868	3775.000
1016.011	3742.000
1016.153	3834.000
1016.296	3762.000
1016.439	3975.000
1016.581	3693.000
1016.724	3724.000
1016.867	3714.000
1017.009	3903.000
1017.152	3770.000
1017.295	3814.000
1017.437	3645.000
1017.580	3896.000
1017.722	3745.000
1017.865	3876.000
1018.008	3754.000
1018.150	3920.000
1018.293	3779.000
1018.435	3924.000
1018.578	3830.000
1018.721	3884.000
1018.863	3700.000
1019.006	3864.000
1019.148	3666.000
1019.291	3801.000
1019.433	3746.000
1019.576	3867.000
1019.718	3663.000
1019.861	3869.000
1020.003	3599.000
1020.146	3796.000
1020.289	3735.000
1020.431	3917.000
1020.574	3704.000
1020.716	3865.000
1020.859	3722.000
1021.001	3764.000
1021.144	3702.000
1021.286	3822.000
1021.429	3841.000
1021.571	3746.000
1021.713	3708.000
1021.856	3768.000
1021.998	3705.000
1022.141	3882.000
1022.283	3677.000
1022.426	3772.000
1022.568	3683.000
1022.711	3818.000
1022.853	3659.000
1022.996	3851.000
1023.138	3621.000
1023.280	3879.000
1023.423	3607.000
1023.565	3820.000
1023.708	3659.000
1023.850	3858.000
1023.992	3678.000
1024.135	3891.000
1024.277	3591.000
1024.420	3896.000
1024.562	3666.000
1024.704	3827.000
1024.847	3702.000
1024.989	3872.000
1025.131	3750.000
1025.274	3817.000
1025.416	3756.000
1025.558	3951.000
1025.701	3879.000
1025.843	4009.000
1025.985	3840.000
1026.128	4084.000
1026.270	3944.000
1026.412	4028.000
1026.555	3821.000
1026.697	4061.000
1026.839	3721.000
1026.982	3950.000
1027.124	3972.000
1027.266	4085.000
1027.408	4232.000
1027.551	4158.000
1027.693	3870.000
1027.835	3782.000
1027.977	3586.000
1028.120	3733.000
1028.262	3646.000
1028.404	3851.000
1028.546	3686.000
1028.689	3763.000
1028.831	3606.000
1028.973	3825.000
1029.115	3675.000
1029.257	3784.000
1029.400	3665.000
1029.542	3900.000
1029.684	3763.000
1029.826	3844.000
1029.968	3680.000
1030.111	3827.000
1030.253	3613.000
1030.395	3829.000
1030.537	3653.000
1030.679	3746.000
1030.821	3553.000
1030.964	3776.000
1031.106	3635.000
1031.248	3928.000
1031.390	3607.000
1031.532	3840.000
1031.674	3624.000
1031.816	3763.000
1031.958	3630.000
1032.101	3827.000
1032.243	3634.000
1032.385	3796.000
1032.527	3679.000
1032.669	3814.000
1032.811	3656.000
1032.953	3848.000
1033.095	3631.000
1033.237	3837.000
1033.379	3650.000
1033.521	3731.000
1033.663	3634.000
1033.805	3837.000
1033.948	3576.000
1034.090	3754.000
1034.232	3600.000
1034.374	3712.000
1034.516	3618.000
1034.658	3758.000
1034.800	3657.000
1034.942	3788.000
1035.084	3633.000
1035.226	3808.000
1035.368	3703.000
1035.510	3804.000
1035.652	3635.000
1035.794	3861.000
1035.936	3707.000
1036.078	3801.000
1036.220	3577.000
1036.362	3822.000
1036.503	3637.000
1036.645	3791.000
1036.787	3647.000
1036.929	3787.000
1037.071	3681.000
1037.213	3824.000
1037.355	3689.000
1037.497	3871.000
1037.639	3637.000
1037.781	3765.000
1037.923	3704.000
1038.065	3772.000
1038.207	3587.000
1038.348	3809.000
1038.490	3554.000
1038.632	3845.000
1038.774	3675.000
1038.916	3748.000
1039.058	3595.000
1039.200	3756.000
1039.342	3685.000
1039.483	3845.000
1039.625	3671.000
1039.767	3836.000
1039.909	3610.000
1040.051	3782.000
1040.193	3659.000
1040.334	3833.000
1040.476	3625.000
1040.618	3842.000
1040.760	3663.000
1040.902	3848.000
1041.043	3681.000
1041.185	3714.000
1041.327	3567.000
1041.469	3791.000
1041.611	3608.000
1041.752	3819.000
1041.894	3604.000
1042.036	3744.000
1042.178	3616.000
1042.319	3766.000
1042.461	3607.000
1042.603	3837.000
1042.745	3514.000
1042.886	3846.000
1043.028	3592.000
1043.170	3758.000
1043.311	3689.000
1043.453	3843.000
1043.595	3661.000
1043.737	3755.000
1043.878	3606.000
1044.020	3778.000
1044.162	3694.000
1044.303	3793.000
1044.445	3569.000
1044.587	3767.000
1044.728	3725.000
1044.870	3786.000
1045.012	3607.000
1045.153	3796.000
1045.295	3558.000
1045.437	3758.000
1045.578	3573.000
1045.720	3802.000
1045.861	3615.000
1046.003	3946.000
1046.145	3601.000
1046.286	3828.000
1046.428	3591.000
1046.569	3789.000
1046.711	3625.000
1046.853	3821.000
1046.994	3591.000
1047.136	3802.000
1047.277	3612.000
1047.419	3826.000
1047.561	3636.000
1047.702	3790.000
1047.844	3563.000
1047.985	3797.000
1048.127	3643.000
1048.268	3722.000
1048.410	3607.000
1048.551	3806.000
1048.693	3540.000
1048.834	3778.000
1048.976	3552.000
1049.117	3820.000
1049.259	3659.000
1049.400	3888.000
1049.542	3643.000
1049.683	3803.000
1049.825	3662.000
1049.966	3852.000
1050.108	3675.000
1050.249	3862.000
1050.391	3607.000
1050.532	3781.000
1050.674	3496.000
1050.815	3754.000
1050.957	3620.000
1051.098	3781.000
1051.239	3628.000
1051.381	3747.000
1051.522	3658.000
1051.664	3718.000
1051.805	3581.000
1051.947	3766.000
1052.088	3541.000
1052.229	3725.000
1052.371	3529.000
1052.512	3807.000
1052.654	3592.000
1052.795	3695.000
1052.936	3579.000
1053.078	3751.000
1053.219	3579.000
1053.360	3669.000
1053.502	3501.000
1053.643	3744.000
1053.784	3675.000
1053.926	3773.000
1054.067	3614.000
1054.208	3791.000
1054.350	3549.000
1054.491	3762.000
1054.632	3537.000
1054.774	3774.000
1054.915	3487.000
1055.056	3713.000
1055.198	3596.000
1055.339	3767.000
1055.480	3490.000
1055.622	3695.000
1055.763	3531.000
1055.904	3724.000
1056.045	3417.000
1056.187	3712.000
1056.328	3579.000
1056.469	3621.000
1056.610	3483.000
1056.752	3665.000
1056.893	3613.000
1057.034	3665.000
1057.175	3483.000
1057.316	3680.000
1057.458	3546.000
1057.599	3727.000
1057.740	3525.000
1057.881	3737.000
1058.023	3539.000
1058.164	3675.000
1058.305	3530.000
1058.446	3745.000
1058.587	3531.000
1058.728	3732.000
1058.870	3541.000
1059.011	3720.000
1059.152	3501.000
1059.293	3663.000
1059.434	3485.000
1059.575	3741.000
1059.716	3563.000
1059.858	3671.000
1059.999	3513.000
1060.140	3698.000
1060.281	3499.000
1060.422	3680.000
1060.563	3476.000
1060.704	3666.000
1060.845	3455.000
1060.986	3695.000
1061.128	3523.000
1061.269	3716.000
1061.410	3539.000
1061.551	3812.000
1061.692	3891.000
1061.833	4389.000
1061.974	3944.000
1062.115	4079.000
1062.256	3735.000
1062.397	3996.000
1062.538	3759.000
1062.679	3871.000
1062.820	3714.000
1062.961	3897.000
1063.102	3629.000
1063.243	3808.000
1063.384	3596.000
1063.525	3675.000
1063.666	3530.000
1063.807	3746.000
1063.948	3516.000
1064.089	3758.000
1064.230	3535.000
1064.371	3742.000
1064.512	3531.000
1064.653	3799.000
1064.794	3589.000
1064.935	3773.000
1065.076	3479.000
1065.217	3739.000
1065.358	3525.000
1065.499	3693.000
1065.640	3508.000
1065.781	3741.000
1065.922	3483.000
1066.062	3688.000
1066.203	3521.000
1066.344	3668.000
1066.485	3496.000
1066.626	3761.000
1066.767	3515.000
1066.908	3714.000
1067.049	3551.000
1067.190	3704.000
1067.330	3577.000
1067.471	3757.000
1067.612	3547.000
1067.753	3656.000
1067.894	3514.000
1068.035	3732.000
1068.176	3615.000
1068.316	3645.000
1068.457	3556.000
1068.598	3725.000
1068.739	3577.000
1068.880	3769.000
1069.020	3532.000
1069.161	3662.000
1069.302	3564.000
1069.443	3704.000
1069.584	3521.000
1069.724	3769.000
1069.865	3531.000
1070.006	3727.000
1070.147	3582.000
1070.287	3750.000
1070.428	3583.000
1070.569	3706.000
1070.710	3514.000
1070.850	3760.000
1070.991	3538.000
1071.132	3653.000
1071.273	3545.000
1071.413	3728.000
1071.554	3517.000
1071.695	3649.000
1071.836	3521.000
1071.976	3795.000
1072.117	3538.000
1072.258	3751.000
1072.398	3584.000
1072.539	3845.000
1072.680	3760.000
1072.820	3750.000
1072.961	3583.000
1073.102	3724.000
1073.242	3567.000
1073.383	3813.000
1073.524	3554.000
1073.664	3831.000
1073.805	3543.000
1073.946	3640.000
1074.086	3543.000
1074.227	3706.000
1074.367	3550.000
1074.508	3756.000
1074.649	3594.000
1074.789	3755.000
1074.930	3591.000
1075.070	3763.000
1075.211	3580.000
1075.352	3698.000
1075.492	3550.000
1075.633	3717.000
1075.773	3527.000
1075.914	3689.000
1076.054	3587.000
1076.195	3695.000
1076.335	3466.000
1076.476	3776.000
1076.617	3528.000
1076.757	3715.000
1076.898	3566.000
1077.038	3662.000
1077.179	3592.000
1077.319	3737.000
1077.460	3643.000
1077.600	3701.000
1077.741	3606.000
1077.881	3685.000
1078.022	3603.000
1078.162	3759.000
1078.303	3594.000
1078.443	3732.000
1078.584	3575.000
1078.724	3847.000
1078.864	3636.000
1079.005	3734.000
1079.145	3574.000
1079.286	3741.000
1079.426	3636.000
1079.567	3789.000
1079.707	3632.000
1079.848	3670.000
1079.988	3576.000
1080.128	3750.000
1080.269	3639.000
1080.409	3687.000
1080.550	3580.000
1080.690	3677.000
1080.830	3530.000
1080.971	3684.000
1081.111	3529.000
1081.252	3771.000
1081.392	3581.000
1081.532	3806.000
1081.673	3604.000
1081.813	3765.000
1081.953	3624.000
1082.094	3765.000
1082.234	3552.000
1082.374	3783.000
1082.515	3567.000
1082.655	3794.000
1082.795	3612.000
1082.936	3801.000
1083.076	3531.000
1083.216	3815.000
1083.356	3550.000
1083.497	3726.000
1083.637	3543.000
1083.777	3800.000
1083.918	3523.000
1084.058	3782.000
1084.198	3592.000
1084.338	3801.000
1084.479	3526.000
1084.619	3750.000
1084.759	3622.000
1084.899	3834.000
1085.040	3617.000
1085.180	3873.000
1085.320	3693.000
1085.460	3885.000
1085.601	3727.000
1085.741	3902.000
1085.881	3956.000
1086.021	4340.000
1086.161	4238.000
1086.302	4438.000
1086.442	4146.000
1086.582	4947.000
1086.722	4974.000
1086.862	4923.000
1087.002	4575.000
1087.143	4494.000
1087.283	4735.000
1087.423	4949.000
1087.563	4367.000
1087.703	5293.000
1087.843	5980.000
1087.984	5304.000
1088.124	4045.000
1088.264	3941.000
1088.404	3672.000
1088.544	3781.000
1088.684	3629.000
1088.824	3801.000
1088.964	3602.000
1089.104	3758.000
1089.244	3549.000
1089.385	3798.000
1089.525	3533.000
1089.665	3743.000
1089.805	3566.000
1089.945	3779.000
1090.085	3502.000
1090.225	3825.000
1090.365	3663.000
1090.505	3749.000
1090.645	3634.000
1090.785	3863.000
1090.925	3584.000
1091.065	3863.000
1091.205	3674.000
1091.345	3765.000
1091.485	3651.000
1091.625	3777.000
1091.765	3647.000
1091.905	3723.000
1092.045	3620.000
1092.185	3814.000
1092.325	3670.000
1092.465	3794.000
1092.605	3610.000
1092.745	3823.000
1092.885	3673.000
1093.025	3828.000
1093.165	3731.000
1093.305	3834.000
1093.445	3637.000
1093.585	3780.000
1093.725	3284.000
1093.865	3787.000
1094.005	3589.000
1094.144	3738.000
1094.284	3591.000
1094.424	3801.000
1094.564	3530.000
1094.704	3813.000
1094.844	3648.000
1094.984	3731.000
1095.124	3593.000
1095.264	3739.000
1095.403	3650.000
1095.543	3781.000
1095.683	3643.000
1095.823	3785.000
1095.963	3592.000
1096.103	3822.000
1096.243	3586.000
1096.382	3757.000
1096.522	3654.000
1096.662	3826.000
1096.802	3727.000
1096.942	3922.000
1097.081	3671.000
1097.221	3892.000
1097.361	3598.000
1097.501	3859.000
1097.641	3690.000
1097.780	3717.000
1097.920	3626.000
1098.060	3715.000
1098.200	3561.000
1098.339	3654.000
1098.479	3509.000
1098.619	3722.000
1098.759	3572.000
1098.899	3804.000
1099.038	3566.000
1099.178	3790.000
1099.318	3521.000
1099.457	3656.000
1099.597	3517.000
1099.737	3696.000
1099.877	3462.000
1100.016	3708.000
1100.156	3458.000
1100.296	3668.000
1100.435	3496.000
1100.575	3707.000
1100.715	3581.000
1100.854	3730.000
1100.994	3529.000
1101.134	3834.000
1101.273	3484.000
1101.413	3767.000
1101.553	3589.000
1101.692	3736.000
1101.832	3554.000
1101.972	3839.000
1102.111	5146.000
1102.251	3815.000
1102.390	3595.000
1102.530	3762.000
1102.670	3663.000
1102.809	3729.000
1102.949	3478.000
1103.088	3743.000
1103.228	3671.000
1103.368	3879.000
1103.507	3637.000
1103.647	3726.000
1103.786	3607.000
1103.926	3739.000
1104.066	3672.000
1104.205	3879.000
1104.345	3585.000
1104.484	3764.000
1104.624	3571.000
1104.763	3817.000
1104.903	3644.000
1105.042	3752.000
1105.182	3536.000
1105.321	3720.000
1105.461	3600.000
1105.600	3715.000
1105.740	3527.000
1105.879	3702.000
1106.019	3499.000
1106.158	3855.000
1106.298	3541.000
1106.437	3741.000
1106.577	3540.000
1106.716	3783.000
1106.856	3521.000
1106.995	3829.000
1107.135	3530.000
1107.274	3739.000
1107.413	3432.000
1107.553	3777.000
1107.692	3505.000
1107.832	3785.000
1107.971	3559.000
1108.111	3763.000
1108.250	3559.000
1108.389	3765.000
1108.529	3556.000
1108.668	3826.000
1108.808	3502.000
1108.947	3785.000
1109.086	3599.000
1109.226	3731.000
1109.365	3494.000
1109.504	3766.000
1109.644	3558.000
1109.783	3771.000
1109.922	3622.000
1110.062	3793.000
1110.201	3561.000
1110.340	3686.000
1110.480	3587.000
1110.619	3743.000
1110.758	3577.000
1110.898	3815.000
1111.037	3519.000
1111.176	3817.000
1111.316	3523.000
1111.455	3690.000
1111.594	3606.000
1111.734	3802.000
1111.873	3594.000
1112.012	3730.000
1112.151	3642.000
1112.291	3877.000
1112.430	3701.000
1112.569	3920.000
1112.708	3677.000
1112.848	3862.000
1112.987	3563.000
1113.126	3710.000
1113.265	3539.000
1113.405	3731.000
1113.544	3540.000
1113.683	3632.000
1113.822	3603.000
1113.961	3763.000
1114.101	3593.000
1114.240	3674.000
1114.379	3510.000
1114.518	3663.000
1114.657	3594.000
1114.797	3797.000
