1389.877	3374.000
1390.026	3509.000
1390.174	3368.000
1390.323	3626.000
1390.472	3378.000
1390.621	3612.000
1390.770	3365.000
1390.919	3575.000
1391.067	3386.000
1391.216	3561.000
1391.365	3335.000
1391.514	3625.000
1391.662	3384.000
1391.811	3536.000
1391.960	3360.000
1392.109	3637.000
1392.257	3305.000
1392.406	3638.000
1392.555	3356.000
1392.703	3637.000
1392.852	3327.000
1393.000	3531.000
1393.149	3482.000
1393.298	3575.000
1393.446	3408.000
1393.595	3562.000
1393.743	3407.000
1393.892	3525.000
1394.040	3358.000
1394.189	3544.000
1394.337	3396.000
1394.486	3616.000
1394.634	3432.000
1394.783	3584.000
1394.931	3346.000
1395.079	3567.000
1395.228	3428.000
1395.376	3560.000
1395.525	3413.000
1395.673	3623.000
1395.821	3388.000
1395.970	3642.000
1396.118	3367.000
1396.266	3688.000
1396.414	3394.000
1396.563	3627.000
1396.711	3478.000
1396.859	3554.000
1397.007	3427.000
1397.156	3615.000
1397.304	3425.000
1397.452	3559.000
1397.600	3388.000
1397.748	3613.000
1397.896	3334.000
1398.045	3585.000
1398.193	3341.000
1398.341	3550.000
1398.489	3316.000
1398.637	3518.000
1398.785	3417.000
1398.933	3514.000
1399.081	3331.000
1399.229	3488.000
1399.377	3309.000
1399.525	3567.000
1399.673	3354.000
1399.821	3502.000
1399.969	3358.000
1400.117	3520.000
1400.265	3342.000
1400.413	3515.000
1400.561	3366.000
1400.708	3546.000
1400.856	3281.000
1401.004	3512.000
1401.152	3332.000
1401.300	3503.000
1401.448	3380.000
1401.595	3592.000
1401.743	3300.000
1401.891	3490.000
1402.039	3322.000
1402.186	3507.000
1402.334	3304.000
1402.482	3498.000
1402.629	3299.000
1402.777	3491.000
1402.925	3351.000
1403.072	3477.000
1403.220	3308.000
1403.368	3528.000
1403.515	3365.000
1403.663	3496.000
1403.810	3360.000
1403.958	3502.000
1404.105	3292.000
1404.253	3501.000
1404.400	3339.000
1404.548	3525.000
1404.695	3310.000
1404.843	3433.000
1404.990	3276.000
1405.138	3440.000
1405.285	3292.000
1405.433	3554.000
1405.580	3290.000
1405.727	3495.000
1405.875	3289.000
1406.022	3467.000
1406.170	3313.000
1406.317	3496.000
1406.464	3192.000
1406.611	3513.000
1406.759	3247.000
1406.906	3467.000
1407.053	3302.000
1407.201	3503.000
1407.348	3334.000
1407.495	3468.000
1407.642	3316.000
1407.789	3469.000
1407.937	3289.000
1408.084	3526.000
1408.231	3260.000
1408.378	3484.000
1408.525	3237.000
1408.672	3403.000
1408.819	3374.000
1408.966	3496.000
1409.113	3299.000
1409.260	3498.000
1409.407	3305.000
1409.554	3399.000
1409.701	3282.000
1409.848	3452.000
1409.995	3324.000
1410.142	3508.000
1410.289	3272.000
1410.436	3468.000
1410.583	3335.000
1410.730	3493.000
1410.877	3244.000
1411.024	3416.000
1411.171	3279.000
1411.318	3510.000
1411.464	3325.000
1411.611	3438.000
1411.758	3283.000
1411.905	3514.000
1412.052	3327.000
1412.198	3469.000
1412.345	3292.000
1412.492	3444.000
1412.638	3279.000
1412.785	3539.000
1412.932	3325.000
1413.079	3515.000
1413.225	3307.000
1413.372	3496.000
1413.518	3329.000
1413.665	3430.000
1413.812	3304.000
1413.958	3501.000
1414.105	3270.000
1414.251	3472.000
1414.398	3309.000
1414.544	3471.000
1414.691	3310.000
1414.838	3506.000
1414.984	3219.000
1415.130	3476.000
1415.277	3310.000
1415.423	3425.000
1415.570	3304.000
1415.716	3501.000
1415.863	3236.000
1416.009	3482.000
1416.155	3174.000
1416.302	3409.000
1416.448	3256.000
1416.594	3499.000
1416.741	3295.000
1416.887	3500.000
1417.033	3215.000
1417.180	3385.000
1417.326	3300.000
1417.472	3477.000
1417.618	3346.000
1417.765	3509.000
1417.911	3292.000
1418.057	3471.000
1418.203	3256.000
1418.349	3509.000
1418.495	3278.000
1418.642	3510.000
1418.788	3249.000
1418.934	3414.000
1419.080	3189.000
1419.226	3512.000
1419.372	3366.000
1419.518	3403.000
1419.664	3315.000
1419.810	3435.000
1419.956	3223.000
1420.102	3449.000
1420.248	3270.000
1420.394	3530.000
1420.540	3215.000
1420.686	3444.000
1420.832	3242.000
1420.978	3464.000
1421.124	3214.000
1421.270	3527.000
1421.415	3239.000
1421.561	3451.000
1421.707	3211.000
1421.853	3417.000
1421.999	3218.000
1422.144	3414.000
1422.290	3273.000
1422.436	3477.000
1422.582	3251.000
1422.727	3454.000
1422.873	3131.000
1423.019	3477.000
1423.165	3195.000
1423.310	3448.000
1423.456	3235.000
1423.602	3503.000
1423.747	3291.000
1423.893	3447.000
1424.038	3223.000
1424.184	3448.000
1424.330	3231.000
1424.475	3400.000
1424.621	3247.000
1424.766	3463.000
1424.912	3207.000
1425.057	3410.000
1425.203	3246.000
1425.348	3461.000
1425.494	3263.000
1425.639	3447.000
1425.785	3201.000
1425.930	3476.000
1426.075	3286.000
1426.221	3471.000
1426.366	3303.000
1426.512	3513.000
1426.657	3305.000
1426.802	3410.000
1426.948	3241.000
1427.093	3456.000
1427.238	3216.000
1427.383	3462.000
1427.529	3324.000
1427.674	3488.000
1427.819	3241.000
1427.964	3536.000
1428.110	3361.000
1428.255	3424.000
1428.400	3234.000
1428.545	3506.000
1428.690	3254.000
1428.835	3454.000
1428.981	3240.000
1429.126	3499.000
1429.271	3261.000
1429.416	3448.000
1429.561	3274.000
1429.706	3455.000
1429.851	3292.000
1429.996	3500.000
1430.141	3280.000
1430.286	3485.000
1430.431	3280.000
1430.576	3559.000
1430.721	3332.000
1430.866	3440.000
1431.011	3288.000
1431.156	3484.000
1431.301	3229.000
1431.445	3472.000
1431.590	3307.000
1431.735	3468.000
1431.880	3235.000
1432.025	3429.000
1432.170	3253.000
1432.314	3450.000
1432.459	3257.000
1432.604	3437.000
1432.749	3284.000
1432.893	3456.000
1433.038	3275.000
1433.183	3464.000
1433.328	3137.000
1433.472	3535.000
1433.617	3274.000
1433.762	3491.000
1433.906	3266.000
1434.051	3549.000
1434.195	3294.000
1434.340	3497.000
1434.485	3347.000
1434.629	3435.000
1434.774	3323.000
1434.918	3543.000
1435.063	3295.000
1435.207	3457.000
1435.352	3200.000
1435.496	3499.000
1435.641	3314.000
1435.785	3460.000
1435.930	3265.000
1436.074	3462.000
1436.219	3300.000
1436.363	3465.000
1436.507	3180.000
1436.652	3492.000
1436.796	3242.000
1436.940	3372.000
1437.085	3291.000
1437.229	3424.000
1437.373	3227.000
1437.518	3519.000
1437.662	3214.000
1437.806	3345.000
1437.950	3269.000
1438.095	3496.000
1438.239	3334.000
1438.383	3433.000
1438.527	3160.000
1438.671	3477.000
1438.815	3261.000
1438.960	3436.000
1439.104	3248.000
1439.248	3475.000
1439.392	3235.000
1439.536	3449.000
1439.680	3297.000
1439.824	3451.000
1439.968	3271.000
1440.112	3496.000
1440.256	3226.000
1440.400	3402.000
1440.544	3294.000
1440.688	3432.000
1440.832	3156.000
1440.976	3471.000
1441.120	3155.000
1441.264	3392.000
1441.408	3244.000
1441.552	3448.000
1441.696	3266.000
1441.839	3437.000
1441.983	3277.000
1442.127	3326.000
1442.271	3190.000
1442.415	3435.000
1442.559	3320.000
1442.702	3387.000
1442.846	3239.000
1442.990	3411.000
1443.133	3264.000
1443.277	3443.000
1443.421	3218.000
1443.565	3364.000
1443.708	3241.000
1443.852	3416.000
1443.996	3224.000
1444.139	3421.000
1444.283	3175.000
1444.426	3477.000
1444.570	3181.000
1444.714	3456.000
1444.857	3213.000
1445.001	3452.000
1445.144	3226.000
1445.288	3521.000
1445.431	3200.000
1445.575	3544.000
1445.718	3248.000
1445.862	3480.000
1446.005	3311.000
1446.148	3532.000
1446.292	3523.000
1446.435	3669.000
1446.579	3683.000
1446.722	4036.000
1446.865	3716.000
1447.009	3683.000
1447.152	3788.000
1447.295	4336.000
1447.439	3722.000
1447.582	3532.000
1447.725	3310.000
1447.869	3433.000
1448.012	3187.000
1448.155	3505.000
1448.298	3137.000
1448.441	3465.000
1448.585	3296.000
1448.728	3407.000
1448.871	3307.000
1449.014	3392.000
1449.157	3157.000
1449.300	3374.000
1449.443	3287.000
1449.586	3518.000
1449.730	3242.000
1449.873	3437.000
1450.016	3175.000
1450.159	3480.000
1450.302	3262.000
1450.445	3409.000
1450.588	3167.000
1450.731	3475.000
1450.874	3272.000
1451.017	3425.000
1451.160	3230.000
1451.302	3464.000
1451.445	3214.000
1451.588	3482.000
1451.731	3281.000
1451.874	3396.000
1452.017	3170.000
1452.160	3430.000
1452.302	3245.000
1452.445	3506.000
1452.588	3218.000
1452.731	3469.000
1452.874	3238.000
1453.016	3413.000
1453.159	3278.000
1453.302	3455.000
1453.444	3247.000
1453.587	3460.000
1453.730	3271.000
1453.872	3447.000
1454.015	3283.000
1454.158	3488.000
1454.300	3267.000
1454.443	3465.000
1454.586	3237.000
1454.728	3393.000
1454.871	3186.000
1455.013	3486.000
1455.156	3204.000
1455.298	3391.000
1455.441	3223.000
1455.583	3396.000
1455.726	3193.000
1455.868	3395.000
1456.011	3256.000
1456.153	3443.000
1456.296	3243.000
1456.438	3460.000
1456.580	3289.000
1456.723	3404.000
1456.865	3232.000
1457.007	3473.000
1457.150	3316.000
1457.292	3445.000
1457.434	3217.000
1457.577	3488.000
1457.719	3226.000
1457.861	3402.000
1458.003	3232.000
1458.146	3461.000
1458.288	3300.000
1458.430	3484.000
1458.572	3218.000
1458.714	3436.000
1458.857	3211.000
1458.999	3409.000
1459.141	3327.000
1459.283	3393.000
1459.425	3188.000
1459.567	3431.000
1459.709	3188.000
1459.851	3507.000
1459.993	3309.000
1460.135	3416.000
1460.277	3225.000
1460.419	3381.000
1460.561	3288.000
1460.703	3446.000
1460.845	3288.000
1460.987	3485.000
1461.129	3241.000
1461.271	3460.000
1461.413	3261.000
1461.555	3472.000
1461.697	3219.000
1461.839	3472.000
1461.981	3283.000
1462.122	3484.000
1462.264	3260.000
1462.406	3347.000
1462.548	3172.000
1462.690	3466.000
1462.831	3168.000
1462.973	3408.000
1463.115	3227.000
1463.257	3433.000
1463.398	3238.000
1463.540	3419.000
1463.682	3235.000
1463.823	3443.000
1463.965	3123.000
1464.107	3478.000
1464.248	3235.000
1464.390	3421.000
1464.531	3262.000
1464.673	3459.000
1464.815	3234.000
1464.956	3412.000
1465.098	3234.000
1465.239	3416.000
1465.381	3265.000
1465.522	3422.000
1465.664	3186.000
1465.805	3435.000
1465.947	3356.000
1466.088	3447.000
1466.229	3246.000
1466.371	3481.000
1466.512	3213.000
1466.654	3416.000
1466.795	3199.000
1466.936	3454.000
1467.078	3183.000
1467.219	3534.000
1467.360	3231.000
1467.502	3481.000
1467.643	3247.000
1467.784	3431.000
1467.925	3226.000
1468.067	3458.000
1468.208	3150.000
1468.349	3394.000
1468.490	3222.000
1468.631	3463.000
1468.773	3261.000
1468.914	3423.000
1469.055	3141.000
1469.196	3399.000
1469.337	3245.000
1469.478	3421.000
1469.619	3214.000
1469.760	3427.000
1469.901	3195.000
1470.042	3428.000
1470.183	3171.000
1470.324	3466.000
1470.465	3246.000
1470.606	3505.000
1470.747	3219.000
1470.888	3404.000
1471.029	3192.000
1471.170	3362.000
1471.311	3248.000
1471.452	3535.000
1471.593	3231.000
1471.734	3433.000
1471.875	3145.000
1472.015	3424.000
1472.156	3249.000
1472.297	3462.000
1472.438	3234.000
1472.579	3430.000
1472.719	3338.000
1472.860	3423.000
1473.001	3268.000
1473.142	3515.000
1473.282	3345.000
1473.423	3505.000
1473.564	3305.000
1473.704	3537.000
1473.845	3267.000
1473.986	3358.000
1474.126	3226.000
1474.267	3426.000
1474.408	3204.000
1474.548	3338.000
1474.689	3155.000
1474.829	3399.000
1474.970	3263.000
1475.110	3433.000
1475.251	3229.000
1475.391	3499.000
1475.532	3230.000
1475.672	3414.000
1475.813	3239.000
1475.953	3416.000
1476.094	3114.000
1476.234	3393.000
1476.374	3273.000
1476.515	3431.000
1476.655	3179.000
1476.796	3434.000
1476.936	3214.000
1477.076	3446.000
1477.217	3148.000
1477.357	3417.000
1477.497	3185.000
1477.637	3350.000
1477.778	3154.000
1477.918	3367.000
1478.058	3265.000
1478.198	3377.000
1478.338	3168.000
1478.479	3407.000
1478.619	3232.000
1478.759	3393.000
1478.899	3192.000
1479.039	3403.000
1479.179	3188.000
1479.319	3379.000
1479.460	3192.000
1479.600	3425.000
1479.740	3174.000
1479.880	3370.000
1480.020	3196.000
1480.160	3373.000
1480.300	3148.000
1480.440	3332.000
1480.580	3130.000
1480.720	3400.000
1480.860	3262.000
1481.000	3350.000
1481.139	3173.000
1481.279	3399.000
1481.419	3219.000
1481.559	3343.000
1481.699	3144.000
1481.839	3394.000
1481.979	3134.000
1482.118	3368.000
1482.258	3194.000
1482.398	3346.000
1482.538	3168.000
1482.678	3358.000
1482.817	3136.000
1482.957	3395.000
1483.097	3177.000
1483.236	3358.000
1483.376	3207.000
1483.516	3365.000
1483.655	3092.000
1483.795	3341.000
1483.935	3240.000
1484.074	3429.000
1484.214	3195.000
1484.354	3360.000
1484.493	3211.000
1484.633	3326.000
1484.772	3132.000
1484.912	3382.000
1485.051	3200.000
1485.191	3339.000
1485.330	3120.000
1485.470	3366.000
1485.609	3143.000
1485.749	3394.000
1485.888	3206.000
1486.027	3397.000
1486.167	3131.000
1486.306	3387.000
1486.446	3164.000
1486.585	3403.000
1486.724	3154.000
1486.864	3434.000
1487.003	3142.000
1487.142	3357.000
1487.282	3183.000
1487.421	3372.000
1487.560	3151.000
1487.699	3426.000
1487.839	3179.000
1487.978	3341.000
1488.117	3200.000
1488.256	3336.000
1488.395	3190.000
1488.535	3397.000
1488.674	3195.000
1488.813	3333.000
1488.952	3191.000
1489.091	3419.000
1489.230	3238.000
1489.369	3355.000
1489.508	3220.000
1489.647	3373.000
1489.786	3248.000
1489.925	3453.000
1490.064	3172.000
1490.203	3355.000
1490.342	3252.000
1490.481	3409.000
1490.620	3229.000
1490.759	3465.000
1490.898	3239.000
1491.037	3403.000
1491.176	3263.000
1491.315	3427.000
1491.454	3205.000
1491.592	3387.000
1491.731	3179.000
1491.870	3439.000
1492.009	3223.000
1492.148	3346.000
1492.286	3275.000
1492.425	3424.000
1492.564	3177.000
1492.703	3372.000
1492.841	3202.000
1492.980	3511.000
1493.119	3338.000
1493.257	3416.000
1493.396	3317.000
1493.535	3522.000
1493.673	3424.000
1493.812	3432.000
1493.951	3230.000
1494.089	3405.000
1494.228	3170.000
1494.366	3431.000
1494.505	3178.000
1494.643	3454.000
1494.782	3181.000
1494.920	3320.000
1495.059	3240.000
1495.197	3362.000
1495.336	3166.000
1495.474	3397.000
1495.613	3211.000
1495.751	3434.000
1495.890	3177.000
1496.028	3375.000
1496.166	3145.000
1496.305	3325.000
1496.443	3176.000
1496.581	3415.000
1496.720	3222.000
1496.858	3390.000
1496.996	3273.000
1497.135	3376.000
1497.273	3178.000
1497.411	3486.000
1497.549	3204.000
1497.688	3362.000
1497.826	3187.000
1497.964	3335.000
1498.102	3196.000
1498.240	3349.000
1498.378	3209.000
1498.517	3298.000
1498.655	3203.000
1498.793	3326.000
1498.931	3224.000
1499.069	3383.000
1499.207	3181.000
1499.345	3395.000
1499.483	3205.000
1499.621	3427.000
1499.759	3182.000
1499.897	3382.000
1500.035	3201.000
1500.173	3361.000
1500.311	3189.000
1500.449	3350.000
1500.587	3213.000
1500.725	3338.000
1500.863	3222.000
1501.001	3416.000
1501.138	3231.000
1501.276	3393.000
1501.414	3204.000
1501.552	3345.000
1501.690	3177.000
1501.828	3331.000
1501.965	3176.000
1502.103	3423.000
1502.241	3217.000
1502.379	3417.000
1502.516	3174.000
1502.654	3335.000
1502.792	3172.000
1502.929	3347.000
1503.067	3107.000
1503.205	3401.000
1503.342	3178.000
1503.480	3424.000
1503.618	3235.000
1503.755	3449.000
1503.893	3184.000
1504.030	3372.000
1504.168	3176.000
1504.305	3347.000
1504.443	3185.000
1504.580	3423.000
1504.718	3170.000
1504.855	3423.000
1504.993	3223.000
1505.130	3431.000
1505.268	3151.000
1505.405	3370.000
1505.543	3191.000
1505.680	3418.000
1505.817	3218.000
1505.955	3421.000
1506.092	3248.000
1506.229	3442.000
1506.367	3243.000
1506.504	3357.000
1506.641	3220.000
1506.779	3469.000
1506.916	3194.000
1507.053	3440.000
1507.190	3188.000
1507.328	3434.000
1507.465	3187.000
1507.602	3431.000
1507.739	3186.000
1507.876	3461.000
1508.014	3293.000
1508.151	3421.000
1508.288	3182.000
1508.425	3390.000
1508.562	3217.000
1508.699	3370.000
1508.836	3240.000
1508.973	3451.000
1509.110	3286.000
1509.247	3428.000
1509.384	3247.000
1509.521	3433.000
1509.658	3303.000
1509.795	3427.000
1509.932	3231.000
1510.069	3460.000
1510.206	3210.000
1510.343	3387.000
1510.480	3209.000
1510.617	3397.000
1510.754	3130.000
1510.890	3468.000
1511.027	3243.000
1511.164	3363.000
1511.301	3289.000
1511.438	3491.000
1511.575	3195.000
1511.711	3443.000
1511.848	3259.000
1511.985	3391.000
1512.121	3195.000
1512.258	3363.000
1512.395	3205.000
1512.532	3372.000
1512.668	3240.000
1512.805	3479.000
1512.942	3312.000
1513.078	3430.000
1513.215	3221.000
1513.351	3491.000
1513.488	3305.000
1513.625	3423.000
1513.761	3325.000
1513.898	3430.000
1514.034	3239.000
1514.171	3427.000
1514.307	2913.000
1514.444	3371.000
1514.580	3233.000
1514.717	3372.000
1514.853	3150.000
1514.989	3385.000
1515.126	3181.000
1515.262	3411.000
1515.399	3289.000
1515.535	3425.000
1515.671	3274.000
1515.808	3381.000
1515.944	3209.000
1516.080	3396.000
1516.217	3256.000
1516.353	3428.000
1516.489	3145.000
1516.625	3432.000
1516.762	3185.000
1516.898	3384.000
1517.034	3224.000
1517.170	3365.000
1517.307	3211.000
1517.443	3419.000
1517.579	3184.000
1517.715	3415.000
1517.851	3157.000
1517.987	3493.000
1518.123	3226.000
1518.259	3343.000
1518.396	3231.000
1518.532	3355.000
1518.668	3195.000
1518.804	3309.000
1518.940	3134.000
1519.076	3326.000
1519.212	3156.000
1519.348	3442.000
1519.484	3187.000
1519.620	3409.000
1519.755	3165.000
1519.891	3318.000
1520.027	3153.000
1520.163	3298.000
1520.299	3086.000
1520.435	3349.000
1520.571	3079.000
1520.707	3309.000
1520.842	3115.000
1520.978	3352.000
1521.114	3219.000
1521.250	3347.000
1521.385	3129.000
1521.521	3433.000
1521.657	3119.000
1521.793	3330.000
1521.928	3181.000
1522.064	3381.000
1522.200	3147.000
1522.335	3416.000
1522.471	4809.000
1522.607	3403.000
1522.742	3198.000
1522.878	3361.000
1523.013	3206.000
1523.149	3350.000
1523.285	3095.000
1523.420	3352.000
1523.556	3268.000
1523.691	3436.000
1523.827	3241.000
1523.962	3335.000
1524.098	3147.000
1524.233	3389.000
1524.369	3472.000
1524.504	4065.000
1524.639	4554.000
1524.775	5817.000
1524.910	3944.000
1525.046	4438.000
1525.181	4066.000
1525.316	4293.000
1525.452	3903.000
1525.587	3790.000
1525.722	3613.000
1525.858	3641.000
1525.993	3305.000
1526.128	3396.000
1526.263	3205.000
1526.399	3468.000
1526.534	3185.000
1526.669	3418.000
1526.804	3183.000
1526.939	3460.000
1527.074	3210.000
1527.210	3455.000
1527.345	3195.000
1527.480	3414.000
1527.615	3097.000
1527.750	3396.000
1527.885	3153.000
1528.020	3384.000
1528.155	3167.000
1528.290	3418.000
1528.425	3222.000
1528.560	3400.000
1528.695	3210.000
1528.830	3440.000
1528.965	3124.000
1529.100	3388.000
1529.235	3235.000
1529.370	3359.000
1529.505	3167.000
1529.640	3427.000
1529.775	3167.000
1529.910	3395.000
1530.044	3232.000
1530.179	3330.000
1530.314	3219.000
1530.449	3361.000
1530.584	3195.000
1530.718	3397.000
1530.853	3224.000
1530.988	3436.000
1531.123	3163.000
1531.257	3406.000
1531.392	3172.000
1531.527	3359.000
1531.661	3280.000
1531.796	3416.000
1531.931	3217.000
1532.065	3408.000
1532.200	3275.000
1532.335	3419.000
1532.469	3232.000
1532.604	3451.000
1532.738	3253.000
1532.873	3478.000
1533.007	3226.000
1533.142	3359.000
1533.276	3231.000
1533.411	3408.000
1533.545	3214.000
1533.680	3308.000
1533.814	3276.000
1533.949	3454.000
1534.083	3284.000
1534.218	3384.000
1534.352	3223.000
1534.486	3318.000
1534.621	3290.000
1534.755	3455.000
