1199.956	5632.000
1200.103	5599.000
1200.250	5581.000
1200.396	5696.000
1200.543	5609.000
1200.689	5681.000
1200.836	5576.000
1200.982	5644.000
1201.129	5573.000
1201.275	5626.000
1201.422	5517.000
1201.568	5665.000
1201.715	5596.000
1201.861	5594.000
1202.008	5559.000
1202.154	5688.000
1202.301	5497.000
1202.447	5684.000
1202.593	5529.000
1202.740	5677.000
1202.886	5532.000
1203.033	5624.000
1203.179	5705.000
1203.325	5683.000
1203.472	5643.000
1203.618	5667.000
1203.764	5645.000
1203.911	5658.000
1204.057	5645.000
1204.203	5677.000
1204.350	5663.000
1204.496	5748.000
1204.642	5713.000
1204.789	5711.000
1204.935	5611.000
1205.081	5695.000
1205.227	5739.000
1205.374	5692.000
1205.520	5713.000
1205.666	5743.000
1205.812	5639.000
1205.958	5721.000
1206.105	5626.000
1206.251	5757.000
1206.397	5616.000
1206.543	5708.000
1206.689	5696.000
1206.835	5654.000
1206.981	5652.000
1207.127	5686.000
1207.274	5641.000
1207.420	5650.000
1207.566	5672.000
1207.712	5711.000
1207.858	5611.000
1208.004	5697.000
1208.150	5608.000
1208.296	5688.000
1208.442	5608.000
1208.588	5634.000
1208.734	5674.000
1208.880	5652.000
1209.026	5600.000
1209.172	5639.000
1209.318	5582.000
1209.464	5679.000
1209.610	5615.000
1209.756	5640.000
1209.902	5564.000
1210.048	5630.000
1210.193	5607.000
1210.339	5642.000
1210.485	5582.000
1210.631	5620.000
1210.777	5530.000
1210.923	5583.000
1211.069	5528.000
1211.214	5601.000
1211.360	5585.000
1211.506	5667.000
1211.652	5545.000
1211.798	5596.000
1211.943	5580.000
1212.089	5603.000
1212.235	5512.000
1212.381	5537.000
1212.526	5474.000
1212.672	5559.000
1212.818	5537.000
1212.964	5544.000
1213.109	5502.000
1213.255	5556.000
1213.401	5537.000
1213.546	5518.000
1213.692	5489.000
1213.838	5514.000
1213.983	5408.000
1214.129	5509.000
1214.274	5450.000
1214.420	5537.000
1214.566	5412.000
1214.711	5414.000
1214.857	5363.000
1215.002	5389.000
1215.148	5367.000
1215.293	5475.000
1215.439	5343.000
1215.585	5415.000
1215.730	5330.000
1215.876	5361.000
1216.021	5312.000
1216.166	5380.000
1216.312	5178.000
1216.457	5360.000
1216.603	5240.000
1216.748	5273.000
1216.894	5243.000
1217.039	5304.000
1217.185	5247.000
1217.330	5275.000
1217.475	5197.000
1217.621	5216.000
1217.766	5176.000
1217.912	5279.000
1218.057	5088.000
1218.202	5206.000
1218.348	5048.000
1218.493	5096.000
1218.638	5148.000
1218.783	5148.000
1218.929	5052.000
1219.074	5104.000
1219.219	4997.000
1219.365	5041.000
1219.510	4946.000
1219.655	5037.000
1219.800	5002.000
1219.946	5047.000
1220.091	4899.000
1220.236	5012.000
1220.381	4918.000
1220.526	5010.000
1220.672	4874.000
1220.817	4871.000
1220.962	4822.000
1221.107	4972.000
1221.252	4855.000
1221.397	4874.000
1221.542	4749.000
1221.687	4880.000
1221.833	4761.000
1221.978	4803.000
1222.123	4690.000
1222.268	4752.000
1222.413	4659.000
1222.558	4816.000
1222.703	4666.000
1222.848	4753.000
1222.993	4621.000
1223.138	4750.000
1223.283	4605.000
1223.428	4646.000
1223.573	4553.000
1223.718	4659.000
1223.863	4506.000
1224.008	4606.000
1224.153	4511.000
1224.298	4590.000
1224.442	4491.000
1224.587	4598.000
1224.732	4376.000
1224.877	4590.000
1225.022	4428.000
1225.167	4454.000
1225.312	4428.000
1225.457	4531.000
1225.601	4330.000
1225.746	4498.000
1225.891	4281.000
1226.036	4411.000
1226.181	4317.000
1226.325	4456.000
1226.470	4326.000
1226.615	4473.000
1226.760	4195.000
1226.904	4304.000
1227.049	4232.000
1227.194	4349.000
1227.339	4276.000
1227.483	4403.000
1227.628	4175.000
1227.773	4309.000
1227.917	4151.000
1228.062	4339.000
1228.207	4184.000
1228.351	4357.000
1228.496	4103.000
1228.641	4261.000
1228.785	4071.000
1228.930	4354.000
1229.074	4222.000
1229.219	4228.000
1229.363	4179.000
1229.508	4234.000
1229.653	4055.000
1229.797	4229.000
1229.942	4087.000
1230.086	4298.000
1230.231	4050.000
1230.375	4239.000
1230.520	4019.000
1230.664	4211.000
1230.809	4026.000
1230.953	4248.000
1231.098	4048.000
1231.242	4187.000
1231.386	4004.000
1231.531	4185.000
1231.675	3982.000
1231.820	4135.000
1231.964	4035.000
1232.108	4179.000
1232.253	3982.000
1232.397	4191.000
1232.541	3894.000
1232.686	4174.000
1232.830	3961.000
1232.974	4168.000
1233.119	3949.000
1233.263	4183.000
1233.407	4011.000
1233.552	4163.000
1233.696	3952.000
1233.840	4186.000
1233.984	3939.000
1234.129	4106.000
1234.273	3995.000
1234.417	4172.000
1234.561	3927.000
1234.705	4090.000
1234.850	3961.000
1234.994	4118.000
1235.138	3976.000
1235.282	4127.000
1235.426	3916.000
1235.570	4143.000
1235.715	3978.000
1235.859	4143.000
1236.003	4028.000
1236.147	4175.000
1236.291	3997.000
1236.435	4084.000
1236.579	3925.000
1236.723	4108.000
1236.867	3925.000
1237.011	4143.000
1237.155	4057.000
1237.299	4128.000
1237.443	3933.000
1237.587	4189.000
1237.731	4047.000
1237.875	4075.000
1238.019	3917.000
1238.163	4149.000
1238.307	3963.000
1238.451	4121.000
1238.595	3940.000
1238.739	4163.000
1238.883	3927.000
1239.027	4070.000
1239.171	3949.000
1239.315	4133.000
1239.458	3935.000
1239.602	4100.000
1239.746	3959.000
1239.890	4146.000
1240.034	3987.000
1240.178	4204.000
1240.321	3951.000
1240.465	4097.000
1240.609	3952.000
1240.753	4157.000
1240.896	3903.000
1241.040	4103.000
1241.184	4029.000
1241.328	4103.000
1241.471	3945.000
1241.615	4084.000
1241.759	3958.000
1241.903	4075.000
1242.046	3947.000
1242.190	4125.000
1242.334	3974.000
1242.477	4083.000
1242.621	3941.000
1242.765	4094.000
1242.908	3805.000
1243.052	4146.000
1243.195	3911.000
1243.339	4088.000
1243.483	3926.000
1243.626	4132.000
1243.770	3892.000
1243.913	4096.000
1244.057	4031.000
1244.200	3978.000
1244.344	3880.000
1244.487	4101.000
1244.631	3936.000
1244.774	4060.000
1244.918	3878.000
1245.061	4149.000
1245.205	4015.000
1245.348	4111.000
1245.492	3888.000
1245.635	4094.000
1245.779	3958.000
1245.922	4112.000
1246.065	3861.000
1246.209	4129.000
1246.352	3899.000
1246.496	3997.000
1246.639	3928.000
1246.782	4051.000
1246.926	3908.000
1247.069	4155.000
1247.212	3869.000
1247.356	3956.000
1247.499	3896.000
1247.642	4091.000
1247.785	3940.000
1247.929	3999.000
1248.072	3815.000
1248.215	4093.000
1248.358	3910.000
1248.502	4035.000
1248.645	3871.000
1248.788	4092.000
1248.931	3889.000
1249.075	4066.000
1249.218	3942.000
1249.361	4092.000
1249.504	3885.000
1249.647	4112.000
1249.790	3885.000
1249.933	4010.000
1250.077	3914.000
1250.220	4044.000
1250.363	3807.000
1250.506	4094.000
1250.649	3805.000
1250.792	4011.000
1250.935	3866.000
1251.078	4064.000
1251.221	3864.000
1251.364	4023.000
1251.507	3859.000
1251.650	3942.000
1251.793	3830.000
1251.936	4015.000
1252.079	3968.000
1252.222	3987.000
1252.365	3871.000
1252.508	3963.000
1252.651	3903.000
1252.794	4037.000
1252.937	3819.000
1253.080	3979.000
1253.223	3857.000
1253.366	4002.000
1253.509	3866.000
1253.651	4006.000
1253.794	3795.000
1253.937	4051.000
1254.080	3763.000
1254.223	4003.000
1254.366	3803.000
1254.508	4064.000
1254.651	3821.000
1254.794	4116.000
1254.937	3764.000
1255.080	4095.000
1255.222	3830.000
1255.365	4030.000
1255.508	3816.000
1255.651	4019.000
1255.793	3823.000
1255.936	3964.000
1256.079	3859.000
1256.221	4032.000
1256.364	3779.000
1256.507	4037.000
1256.649	3848.000
1256.792	4014.000
1256.935	3908.000
1257.077	4038.000
1257.220	3881.000
1257.362	4012.000
1257.505	3781.000
1257.648	4071.000
1257.790	3703.000
1257.933	4029.000
1258.075	3882.000
1258.218	3986.000
1258.360	3896.000
1258.503	3948.000
1258.646	3750.000
1258.788	3944.000
1258.931	3863.000
1259.073	4060.000
1259.216	3837.000
1259.358	3987.000
1259.500	3768.000
1259.643	4002.000
1259.785	3840.000
1259.928	3991.000
1260.070	3748.000
1260.213	4034.000
1260.355	3854.000
1260.497	3943.000
1260.640	3799.000
1260.782	4011.000
1260.924	3773.000
1261.067	4001.000
1261.209	3859.000
1261.351	3935.000
1261.494	3735.000
1261.636	3964.000
1261.778	3811.000
1261.921	4048.000
1262.063	3768.000
1262.205	4022.000
1262.348	3815.000
1262.490	3973.000
1262.632	3826.000
1262.774	4005.000
1262.916	3773.000
1263.059	3996.000
1263.201	3810.000
1263.343	3987.000
1263.485	3835.000
1263.627	4038.000
1263.770	3830.000
1263.912	4027.000
1264.054	3784.000
1264.196	3925.000
1264.338	3763.000
1264.480	4018.000
1264.622	3766.000
1264.764	3914.000
1264.906	3777.000
1265.048	3924.000
1265.191	3781.000
1265.333	3933.000
1265.475	3821.000
1265.617	3971.000
1265.759	3795.000
1265.901	3996.000
1266.043	3826.000
1266.185	3952.000
1266.327	3789.000
1266.469	4012.000
1266.611	3815.000
1266.753	3970.000
1266.894	3794.000
1267.036	4026.000
1267.178	3778.000
1267.320	3945.000
1267.462	3768.000
1267.604	3973.000
1267.746	3805.000
1267.888	3990.000
1268.030	3751.000
1268.171	3977.000
1268.313	3753.000
1268.455	3934.000
1268.597	3835.000
1268.739	3911.000
1268.881	3733.000
1269.022	3973.000
1269.164	3704.000
1269.306	4011.000
1269.448	3872.000
1269.589	3896.000
1269.731	3762.000
1269.873	3885.000
1270.015	3792.000
1270.156	3975.000
1270.298	3819.000
1270.440	3991.000
1270.581	3769.000
1270.723	3951.000
1270.865	3792.000
1271.006	3957.000
1271.148	3765.000
1271.289	4001.000
1271.431	3831.000
1271.573	4016.000
1271.714	3789.000
1271.856	3886.000
1271.997	3727.000
1272.139	4001.000
1272.281	3718.000
1272.422	3968.000
1272.564	3766.000
1272.705	3959.000
1272.847	3760.000
1272.988	3934.000
1273.130	3782.000
1273.271	3982.000
1273.413	3668.000
1273.554	3990.000
1273.696	3780.000
1273.837	3935.000
1273.978	3796.000
1274.120	3965.000
1274.261	3774.000
1274.403	3921.000
1274.544	3759.000
1274.685	3950.000
1274.827	3785.000
1274.968	3957.000
1275.110	3721.000
1275.251	3942.000
1275.392	3917.000
1275.534	3987.000
1275.675	3792.000
1275.816	3990.000
1275.957	3726.000
1276.099	3963.000
1276.240	3718.000
1276.381	3971.000
1276.523	3735.000
1276.664	4058.000
1276.805	3780.000
1276.946	4015.000
1277.087	3765.000
1277.229	3991.000
1277.370	3814.000
1277.511	4010.000
1277.652	3708.000
1277.793	3950.000
1277.935	3739.000
1278.076	3996.000
1278.217	3812.000
1278.358	3974.000
1278.499	3707.000
1278.640	3980.000
1278.781	3776.000
1278.922	3955.000
1279.063	3792.000
1279.204	3958.000
1279.345	3737.000
1279.487	3969.000
1279.628	3738.000
1279.769	4010.000
1279.910	3803.000
1280.051	4054.000
1280.192	3790.000
1280.333	3949.000
1280.474	3777.000
1280.615	3931.000
1280.755	3844.000
1280.896	4094.000
1281.037	3762.000
1281.178	4010.000
1281.319	3708.000
1281.460	3961.000
1281.601	3805.000
1281.742	3981.000
1281.883	3759.000
1282.024	3965.000
1282.164	3877.000
1282.305	3944.000
1282.446	3779.000
1282.587	4032.000
1282.728	3767.000
1282.869	3999.000
1283.009	3753.000
1283.150	4045.000
1283.291	3817.000
1283.432	3919.000
1283.572	3777.000
1283.713	3989.000
1283.854	3785.000
1283.995	3920.000
1284.135	3687.000
1284.276	3980.000
1284.417	3843.000
1284.557	4003.000
1284.698	3809.000
1284.839	4047.000
1284.979	3798.000
1285.120	3987.000
1285.261	3789.000
1285.401	3966.000
1285.542	3700.000
1285.682	3934.000
1285.823	3844.000
1285.964	4013.000
1286.104	3755.000
1286.245	4008.000
1286.385	3766.000
1286.526	3993.000
1286.666	3725.000
1286.807	3978.000
1286.947	3762.000
1287.088	3931.000
1287.228	3710.000
1287.369	3942.000
1287.509	3864.000
1287.650	3950.000
1287.790	3762.000
1287.931	3952.000
1288.071	3785.000
1288.212	3951.000
1288.352	3758.000
1288.492	4009.000
1288.633	3783.000
1288.773	3931.000
1288.913	3727.000
1289.054	3989.000
1289.194	3776.000
1289.334	3912.000
1289.475	3792.000
1289.615	3939.000
1289.755	3750.000
1289.896	3886.000
1290.036	3715.000
1290.176	3979.000
1290.317	3844.000
1290.457	3916.000
1290.597	3749.000
1290.737	3960.000
1290.878	3770.000
1291.018	3910.000
1291.158	3709.000
1291.298	3907.000
1291.438	3702.000
1291.579	3902.000
1291.719	3752.000
1291.859	3914.000
1291.999	3715.000
1292.139	3916.000
1292.279	3694.000
1292.419	3961.000
1292.560	3756.000
1292.700	3927.000
1292.840	3749.000
1292.980	3908.000
1293.120	3664.000
1293.260	3898.000
1293.400	3793.000
1293.540	3967.000
1293.680	3719.000
1293.820	3892.000
1293.960	3756.000
1294.100	3861.000
1294.240	3663.000
1294.380	3900.000
1294.520	3723.000
1294.660	3890.000
1294.800	3640.000
1294.940	3872.000
1295.080	3664.000
1295.220	3919.000
1295.360	3712.000
1295.499	3930.000
1295.639	3637.000
1295.779	3935.000
1295.919	3663.000
1296.059	3882.000
1296.199	3667.000
1296.339	3947.000
1296.478	3661.000
1296.618	3844.000
1296.758	3677.000
1296.898	3835.000
1297.038	3641.000
1297.177	3943.000
1297.317	3673.000
1297.457	3825.000
1297.597	3673.000
1297.736	3818.000
1297.876	3681.000
1298.016	3886.000
1298.156	3659.000
1298.295	3799.000
1298.435	3650.000
1298.575	3843.000
1298.714	3669.000
1298.854	3807.000
1298.994	3667.000
1299.133	3798.000
1299.273	3656.000
1299.412	3894.000
1299.552	3611.000
1299.692	3794.000
1299.831	3692.000
1299.971	3872.000
1300.110	3663.000
1300.250	3866.000
1300.389	3692.000
1300.529	3858.000
1300.669	3689.000
1300.808	3835.000
1300.948	3663.000
1301.087	3794.000
1301.227	3632.000
1301.366	3863.000
1301.505	3673.000
1301.645	3785.000
1301.784	3704.000
1301.924	3859.000
1302.063	3644.000
1302.203	3800.000
1302.342	3579.000
1302.481	3889.000
1302.621	3612.000
1302.760	3805.000
1302.900	3638.000
1303.039	3895.000
1303.178	3856.000
1303.318	3821.000
1303.457	3615.000
1303.596	3822.000
1303.736	3574.000
1303.875	3856.000
1304.014	3596.000
1304.153	3851.000
1304.293	3592.000
1304.432	3722.000
1304.571	3656.000
1304.710	3768.000
1304.850	3603.000
1304.989	3787.000
1305.128	3629.000
1305.267	3831.000
1305.406	3588.000
1305.546	3763.000
1305.685	3570.000
1305.824	3749.000
1305.963	3576.000
1306.102	3799.000
1306.241	3591.000
1306.380	3736.000
1306.519	3671.000
1306.659	3752.000
1306.798	3557.000
1306.937	3855.000
1307.076	3598.000
1307.215	3787.000
1307.354	3598.000
1307.493	3739.000
1307.632	3595.000
1307.771	3751.000
1307.910	3585.000
1308.049	3663.000
1308.188	3586.000
1308.327	3707.000
1308.466	3627.000
1308.605	3747.000
1308.744	3603.000
1308.883	3743.000
1309.022	3595.000
1309.161	3777.000
1309.299	3571.000
1309.438	3739.000
1309.577	3618.000
1309.716	3750.000
1309.855	3634.000
1309.994	3726.000
1310.133	3586.000
1310.271	3691.000
1310.410	3619.000
1310.549	3783.000
1310.688	3648.000
1310.827	3756.000
1310.965	3585.000
1311.104	3700.000
1311.243	3577.000
1311.382	3732.000
1311.520	3549.000
1311.659	3800.000
1311.798	3569.000
1311.937	3775.000
1312.075	3557.000
1312.214	3728.000
1312.353	3567.000
1312.491	3709.000
1312.630	3516.000
1312.769	3783.000
1312.907	3562.000
1313.046	3789.000
1313.185	3628.000
1313.323	3817.000
1313.462	3552.000
1313.600	3793.000
1313.739	3555.000
1313.878	3739.000
1314.016	3537.000
1314.155	3810.000
1314.293	3554.000
1314.432	3818.000
1314.570	3578.000
1314.709	3802.000
1314.847	3532.000
1314.986	3736.000
1315.124	3599.000
1315.263	3785.000
1315.401	3579.000
1315.540	3803.000
1315.678	3622.000
1315.816	3801.000
1315.955	3619.000
1316.093	3765.000
1316.232	3585.000
1316.370	3817.000
1316.508	3584.000
1316.647	3797.000
1316.785	3541.000
1316.923	3810.000
1317.062	3529.000
1317.200	3813.000
1317.338	3552.000
1317.477	3840.000
1317.615	3633.000
1317.753	3777.000
1317.892	3538.000
1318.030	3751.000
1318.168	3572.000
1318.306	3721.000
1318.445	3578.000
1318.583	3770.000
1318.721	3624.000
1318.859	3759.000
1318.998	3588.000
1319.136	3785.000
1319.274	3637.000
1319.412	3754.000
1319.550	3542.000
1319.688	3819.000
1319.826	3561.000
1319.965	3726.000
1320.103	3553.000
1320.241	3765.000
1320.379	3529.000
1320.517	3779.000
1320.655	3627.000
1320.793	3690.000
1320.931	3611.000
1321.069	3842.000
1321.207	3552.000
1321.345	3783.000
1321.483	3619.000
1321.621	3749.000
1321.759	3527.000
1321.897	3688.000
1322.035	3540.000
1322.173	3704.000
1322.311	3585.000
1322.449	3758.000
1322.587	3564.000
1322.725	3728.000
1322.863	3511.000
1323.001	3789.000
1323.139	3586.000
1323.277	3749.000
1323.415	3617.000
1323.552	3731.000
1323.690	3570.000
1323.828	3756.000
1323.966	3160.000
1324.104	3710.000
1324.242	3527.000
1324.379	3683.000
1324.517	3451.000
1324.655	3683.000
1324.793	3493.000
1324.931	3730.000
1325.068	3598.000
1325.206	3704.000
1325.344	3555.000
1325.481	3680.000
1325.619	3525.000
1325.757	3738.000
1325.895	3550.000
1326.032	3728.000
1326.170	3446.000
1326.308	3718.000
1326.445	3476.000
1326.583	3675.000
1326.721	3510.000
1326.858	3637.000
1326.996	3514.000
1327.133	3698.000
1327.271	3467.000
1327.409	3708.000
1327.546	3435.000
1327.684	3752.000
1327.821	3504.000
1327.959	3637.000
1328.096	3522.000
1328.234	3594.000
1328.371	3450.000
1328.509	3590.000
1328.646	3404.000
1328.784	3590.000
1328.921	3436.000
1329.059	3690.000
1329.196	3435.000
1329.334	3660.000
1329.471	3396.000
1329.609	3579.000
1329.746	3441.000
1329.883	3569.000
1330.021	3313.000
1330.158	3597.000
1330.296	3367.000
1330.433	3567.000
1330.570	3361.000
1330.708	3580.000
1330.845	3505.000
1330.982	3602.000
1331.120	3404.000
1331.257	3693.000
1331.394	3342.000
1331.531	3578.000
1331.669	3428.000
1331.806	3610.000
1331.943	3419.000
1332.080	3676.000
1332.218	4728.000
1332.355	3649.000
1332.492	3429.000
1332.629	3594.000
1332.767	3452.000
1332.904	3598.000
1333.041	3329.000
1333.178	3565.000
1333.315	3482.000
1333.452	3671.000
1333.589	3468.000
1333.727	3571.000
1333.864	3410.000
1334.001	3607.000
1334.138	3484.000
1334.275	3658.000
1334.412	3419.000
1334.549	3589.000
1334.686	3389.000
1334.823	3622.000
1334.960	3460.000
1335.097	3632.000
1335.234	3445.000
1335.371	3630.000
1335.508	3452.000
1335.645	3613.000
1335.782	3393.000
1335.919	3571.000
1336.056	3392.000
1336.193	3656.000
1336.330	3395.000
1336.467	3619.000
1336.604	3395.000
1336.741	3667.000
1336.878	3445.000
1337.015	3682.000
1337.151	3388.000
1337.288	3621.000
1337.425	3332.000
1337.562	3617.000
1337.699	3363.000
1337.836	3651.000
1337.972	3374.000
1338.109	3635.000
1338.246	3431.000
1338.383	3632.000
1338.520	3406.000
1338.656	3688.000
1338.793	3337.000
1338.930	3630.000
1339.067	3437.000
1339.203	3556.000
1339.340	3386.000
1339.477	3632.000
1339.613	3392.000
1339.750	3599.000
1339.887	3405.000
1340.023	3584.000
1340.160	3423.000
1340.297	3550.000
1340.433	3425.000
1340.570	3611.000
1340.706	3468.000
1340.843	3658.000
1340.980	3378.000
1341.116	3615.000
1341.253	3364.000
1341.389	3597.000
1341.526	3479.000
1341.662	3666.000
1341.799	3412.000
1341.936	3593.000
1342.072	3467.000
1342.209	3657.000
1342.345	3433.000
1342.482	3700.000
1342.618	3469.000
1342.754	3663.000
1342.891	3428.000
1343.027	3595.000
1343.164	3393.000
1343.300	3638.000
1343.437	3411.000
1343.573	3513.000
1343.709	3491.000
1343.846	3650.000
1343.982	3504.000
1344.118	3607.000
1344.255	3404.000
1344.391	3543.000
1344.527	3492.000
1344.664	3660.000
