1199.956	5897.000
1200.103	5865.000
1200.250	5884.000
1200.396	5949.000
1200.543	5894.000
1200.689	5945.000
1200.836	5858.000
1200.982	5912.000
1201.129	5875.000
1201.275	5880.000
1201.422	5834.000
1201.568	5972.000
1201.715	5917.000
1201.861	5877.000
1202.008	5872.000
1202.154	5985.000
1202.301	5837.000
1202.447	5979.000
1202.593	5838.000
1202.740	5999.000
1202.886	5883.000
1203.033	5911.000
1203.179	6065.000
1203.325	6002.000
1203.472	5998.000
1203.618	5989.000
1203.764	6005.000
1203.911	5986.000
1204.057	6000.000
1204.203	6008.000
1204.350	6057.000
1204.496	6080.000
1204.642	6067.000
1204.789	6054.000
1204.935	5973.000
1205.081	6058.000
1205.227	6104.000
1205.374	6037.000
1205.520	6085.000
1205.666	6114.000
1205.812	6071.000
1205.958	6125.000
1206.105	6073.000
1206.251	6163.000
1206.397	6052.000
1206.543	6141.000
1206.689	6107.000
1206.835	6103.000
1206.981	6143.000
1207.127	6124.000
1207.274	6095.000
1207.420	6089.000
1207.566	6164.000
1207.712	6191.000
1207.858	6125.000
1208.004	6155.000
1208.150	6105.000
1208.296	6185.000
1208.442	6112.000
1208.588	6149.000
1208.734	6199.000
1208.880	6134.000
1209.026	6125.000
1209.172	6100.000
1209.318	6100.000
1209.464	6207.000
1209.610	6195.000
1209.756	6135.000
1209.902	6140.000
1210.048	6188.000
1210.193	6166.000
1210.339	6165.000
1210.485	6160.000
1210.631	6167.000
1210.777	6125.000
1210.923	6170.000
1211.069	6165.000
1211.214	6140.000
1211.360	6203.000
1211.506	6259.000
1211.652	6157.000
1211.798	6217.000
1211.943	6191.000
1212.089	6195.000
1212.235	6150.000
1212.381	6170.000
1212.526	6141.000
1212.672	6176.000
1212.818	6202.000
1212.964	6164.000
1213.109	6160.000
1213.255	6180.000
1213.401	6179.000
1213.546	6131.000
1213.692	6173.000
1213.838	6144.000
1213.983	6080.000
1214.129	6142.000
1214.274	6138.000
1214.420	6133.000
1214.566	6090.000
1214.711	6059.000
1214.857	6040.000
1215.002	6030.000
1215.148	6054.000
1215.293	6134.000
1215.439	6034.000
1215.585	6075.000
1215.730	6033.000
1215.876	6019.000
1216.021	6019.000
1216.166	6060.000
1216.312	5861.000
1216.457	6052.000
1216.603	5935.000
1216.748	5960.000
1216.894	5972.000
1217.039	5960.000
1217.185	5949.000
1217.330	5943.000
1217.475	5887.000
1217.621	5908.000
1217.766	5848.000
1217.912	5968.000
1218.057	5786.000
1218.202	5866.000
1218.348	5787.000
1218.493	5762.000
1218.638	5866.000
1218.783	5854.000
1218.929	5764.000
1219.074	5793.000
1219.219	5703.000
1219.365	5717.000
1219.510	5655.000
1219.655	5682.000
1219.800	5697.000
1219.946	5719.000
1220.091	5595.000
1220.236	5671.000
1220.381	5615.000
1220.526	5623.000
1220.672	5529.000
1220.817	5527.000
1220.962	5520.000
1221.107	5572.000
1221.252	5518.000
1221.397	5497.000
1221.542	5442.000
1221.687	5489.000
1221.833	5437.000
1221.978	5447.000
1222.123	5330.000
1222.268	5381.000
1222.413	5334.000
1222.558	5413.000
1222.703	5317.000
1222.848	5370.000
1222.993	5275.000
1223.138	5357.000
1223.283	5243.000
1223.428	5267.000
1223.573	5198.000
1223.718	5252.000
1223.863	5087.000
1224.008	5216.000
1224.153	5143.000
1224.298	5174.000
1224.442	5114.000
1224.587	5192.000
1224.732	4995.000
1224.877	5134.000
1225.022	5011.000
1225.167	5032.000
1225.312	5015.000
1225.457	5106.000
1225.601	4924.000
1225.746	5063.000
1225.891	4848.000
1226.036	4963.000
1226.181	4905.000
1226.325	5021.000
1226.470	4897.000
1226.615	4994.000
1226.760	4766.000
1226.904	4833.000
1227.049	4834.000
1227.194	4888.000
1227.339	4816.000
1227.483	4945.000
1227.628	4752.000
1227.773	4865.000
1227.917	4693.000
1228.062	4879.000
1228.207	4752.000
1228.351	4898.000
1228.496	4677.000
1228.641	4774.000
1228.785	4611.000
1228.930	4878.000
1229.074	4799.000
1229.219	4757.000
1229.363	4693.000
1229.508	4719.000
1229.653	4618.000
1229.797	4756.000
1229.942	4629.000
1230.086	4800.000
1230.231	4589.000
1230.375	4739.000
1230.520	4598.000
1230.664	4702.000
1230.809	4529.000
1230.953	4771.000
1231.098	4595.000
1231.242	4684.000
1231.386	4539.000
1231.531	4683.000
1231.675	4483.000
1231.820	4641.000
1231.964	4563.000
1232.108	4699.000
1232.253	4530.000
1232.397	4690.000
1232.541	4412.000
1232.686	4709.000
1232.830	4487.000
1232.974	4648.000
1233.119	4506.000
1233.263	4720.000
1233.407	4539.000
1233.552	4642.000
1233.696	4469.000
1233.840	4670.000
1233.984	4485.000
1234.129	4591.000
1234.273	4521.000
1234.417	4687.000
1234.561	4450.000
1234.705	4592.000
1234.850	4490.000
1234.994	4616.000
1235.138	4502.000
1235.282	4614.000
1235.426	4421.000
1235.570	4648.000
1235.715	4497.000
1235.859	4631.000
1236.003	4551.000
1236.147	4690.000
1236.291	4520.000
1236.435	4587.000
1236.579	4477.000
1236.723	4636.000
1236.867	4435.000
1237.011	4656.000
1237.155	4562.000
1237.299	4690.000
1237.443	4477.000
1237.587	4707.000
1237.731	4621.000
1237.875	4618.000
1238.019	4462.000
1238.163	4655.000
1238.307	4491.000
1238.451	4629.000
1238.595	4488.000
1238.739	4681.000
1238.883	4469.000
1239.027	4612.000
1239.171	4479.000
1239.315	4654.000
1239.458	4509.000
1239.602	4601.000
1239.746	4525.000
1239.890	4639.000
1240.034	4519.000
1240.178	4741.000
1240.321	4524.000
1240.465	4588.000
1240.609	4535.000
1240.753	4668.000
1240.896	4457.000
1241.040	4653.000
1241.184	4577.000
1241.328	4675.000
1241.471	4478.000
1241.615	4611.000
1241.759	4486.000
1241.903	4622.000
1242.046	4507.000
1242.190	4636.000
1242.334	4558.000
1242.477	4664.000
1242.621	4488.000
1242.765	4638.000
1242.908	4370.000
1243.052	4685.000
1243.195	4489.000
1243.339	4614.000
1243.483	4464.000
1243.626	4665.000
1243.770	4472.000
1243.913	4590.000
1244.057	4564.000
1244.200	4533.000
1244.344	4433.000
1244.487	4639.000
1244.631	4477.000
1244.774	4593.000
1244.918	4423.000
1245.061	4674.000
1245.205	4522.000
1245.348	4620.000
1245.492	4431.000
1245.635	4603.000
1245.779	4486.000
1245.922	4592.000
1246.065	4394.000
1246.209	4636.000
1246.352	4424.000
1246.496	4515.000
1246.639	4468.000
1246.782	4557.000
1246.926	4445.000
1247.069	4670.000
1247.212	4404.000
1247.356	4459.000
1247.499	4428.000
1247.642	4600.000
1247.785	4460.000
1247.929	4547.000
1248.072	4352.000
1248.215	4583.000
1248.358	4401.000
1248.502	4546.000
1248.645	4361.000
1248.788	4569.000
1248.931	4427.000
1249.075	4547.000
1249.218	4434.000
1249.361	4581.000
1249.504	4405.000
1249.647	4587.000
1249.790	4355.000
1249.933	4477.000
1250.077	4414.000
1250.220	4527.000
1250.363	4300.000
1250.506	4570.000
1250.649	4311.000
1250.792	4481.000
1250.935	4370.000
1251.078	4543.000
1251.221	4375.000
1251.364	4505.000
1251.507	4371.000
1251.650	4402.000
1251.793	4327.000
1251.936	4518.000
1252.079	4431.000
1252.222	4409.000
1252.365	4351.000
1252.508	4470.000
1252.651	4369.000
1252.794	4499.000
1252.937	4332.000
1253.080	4441.000
1253.223	4348.000
1253.366	4457.000
1253.509	4310.000
1253.651	4501.000
1253.794	4274.000
1253.937	4547.000
1254.080	4260.000
1254.223	4488.000
1254.366	4294.000
1254.508	4530.000
1254.651	4296.000
1254.794	4572.000
1254.937	4260.000
1255.080	4568.000
1255.222	4318.000
1255.365	4481.000
1255.508	4332.000
1255.651	4486.000
1255.793	4358.000
1255.936	4455.000
1256.079	4337.000
1256.221	4510.000
1256.364	4298.000
1256.507	4485.000
1256.649	4310.000
1256.792	4461.000
1256.935	4385.000
1257.077	4542.000
1257.220	4388.000
1257.362	4483.000
1257.505	4275.000
1257.648	4520.000
1257.790	4216.000
1257.933	4478.000
1258.075	4375.000
1258.218	4455.000
1258.360	4395.000
1258.503	4432.000
1258.646	4217.000
1258.788	4445.000
1258.931	4362.000
1259.073	4529.000
1259.216	4316.000
1259.358	4484.000
1259.500	4279.000
1259.643	4515.000
1259.785	4329.000
1259.928	4439.000
1260.070	4268.000
1260.213	4511.000
1260.355	4378.000
1260.497	4453.000
1260.640	4309.000
1260.782	4468.000
1260.924	4291.000
1261.067	4529.000
1261.209	4360.000
1261.351	4425.000
1261.494	4205.000
1261.636	4465.000
1261.778	4307.000
1261.921	4559.000
1262.063	4284.000
1262.205	4528.000
1262.348	4328.000
1262.490	4463.000
1262.632	4313.000
1262.774	4512.000
1262.916	4300.000
1263.059	4476.000
1263.201	4328.000
1263.343	4484.000
1263.485	4346.000
1263.627	4539.000
1263.770	4350.000
1263.912	4504.000
1264.054	4314.000
1264.196	4444.000
1264.338	4261.000
1264.480	4521.000
1264.622	4282.000
1264.764	4445.000
1264.906	4280.000
1265.048	4417.000
1265.191	4298.000
1265.333	4428.000
1265.475	4301.000
1265.617	4477.000
1265.759	4298.000
1265.901	4491.000
1266.043	4341.000
1266.185	4436.000
1266.327	4278.000
1266.469	4476.000
1266.611	4356.000
1266.753	4480.000
1266.894	4292.000
1267.036	4488.000
1267.178	4308.000
1267.320	4424.000
1267.462	4282.000
1267.604	4444.000
1267.746	4310.000
1267.888	4464.000
1268.030	4248.000
1268.171	4452.000
1268.313	4255.000
1268.455	4395.000
1268.597	4316.000
1268.739	4416.000
1268.881	4223.000
1269.022	4445.000
1269.164	4204.000
1269.306	4485.000
1269.448	4352.000
1269.589	4407.000
1269.731	4256.000
1269.873	4375.000
1270.015	4313.000
1270.156	4474.000
1270.298	4331.000
1270.440	4483.000
1270.581	4240.000
1270.723	4439.000
1270.865	4247.000
1271.006	4460.000
1271.148	4263.000
1271.289	4459.000
1271.431	4318.000
1271.573	4459.000
1271.714	4264.000
1271.856	4288.000
1271.997	4222.000
1272.139	4447.000
1272.281	4225.000
1272.422	4418.000
1272.564	4233.000
1272.705	4411.000
1272.847	4229.000
1272.988	4405.000
1273.130	4250.000
1273.271	4464.000
1273.413	4139.000
1273.554	4461.000
1273.696	4239.000
1273.837	4404.000
1273.978	4292.000
1274.120	4432.000
1274.261	4247.000
1274.403	4391.000
1274.544	4205.000
1274.685	4394.000
1274.827	4271.000
1274.968	4401.000
1275.110	4196.000
1275.251	4387.000
1275.392	4358.000
1275.534	4421.000
1275.675	4252.000
1275.816	4449.000
1275.957	4192.000
1276.099	4395.000
1276.240	4205.000
1276.381	4443.000
1276.523	4185.000
1276.664	4527.000
1276.805	4264.000
1276.946	4463.000
1277.087	4247.000
1277.229	4456.000
1277.370	4273.000
1277.511	4440.000
1277.652	4189.000
1277.793	4381.000
1277.935	4222.000
1278.076	4438.000
1278.217	4275.000
1278.358	4430.000
1278.499	4159.000
1278.640	4416.000
1278.781	4258.000
1278.922	4394.000
1279.063	4257.000
1279.204	4400.000
1279.345	4193.000
1279.487	4416.000
1279.628	4176.000
1279.769	4467.000
1279.910	4253.000
1280.051	4487.000
1280.192	4246.000
1280.333	4394.000
1280.474	4207.000
1280.615	4391.000
1280.755	4276.000
1280.896	4514.000
1281.037	4249.000
1281.178	4458.000
1281.319	4161.000
1281.460	4434.000
1281.601	4273.000
1281.742	4446.000
1281.883	4209.000
1282.024	4395.000
1282.164	4340.000
1282.305	4416.000
1282.446	4239.000
1282.587	4478.000
1282.728	4232.000
1282.869	4429.000
1283.009	4214.000
1283.150	4490.000
1283.291	4272.000
1283.432	4377.000
1283.572	4256.000
1283.713	4426.000
1283.854	4226.000
1283.995	4373.000
1284.135	4155.000
1284.276	4429.000
1284.417	4306.000
1284.557	4466.000
1284.698	4295.000
1284.839	4503.000
1284.979	4242.000
1285.120	4444.000
1285.261	4240.000
1285.401	4400.000
1285.542	4174.000
1285.682	4410.000
1285.823	4318.000
1285.964	4459.000
1286.104	4228.000
1286.245	4454.000
1286.385	4251.000
1286.526	4465.000
1286.666	4171.000
1286.807	4439.000
1286.947	4210.000
1287.088	4390.000
1287.228	4194.000
1287.369	4420.000
1287.509	4320.000
1287.650	4388.000
1287.790	4201.000
1287.931	4423.000
1288.071	4256.000
1288.212	4410.000
1288.352	4195.000
1288.492	4441.000
1288.633	4251.000
1288.773	4383.000
1288.913	4236.000
1289.054	4472.000
1289.194	4235.000
1289.334	4378.000
1289.475	4237.000
1289.615	4384.000
1289.755	4176.000
1289.896	4344.000
1290.036	4173.000
1290.176	4443.000
1290.317	4272.000
1290.457	4355.000
1290.597	4216.000
1290.737	4397.000
1290.878	4238.000
1291.018	4357.000
1291.158	4171.000
1291.298	4342.000
1291.438	4134.000
1291.579	4371.000
1291.719	4174.000
1291.859	4385.000
1291.999	4174.000
1292.139	4318.000
1292.279	4136.000
1292.419	4401.000
1292.560	4164.000
1292.700	4357.000
1292.840	4187.000
1292.980	4353.000
1293.120	4093.000
1293.260	4315.000
1293.400	4224.000
1293.540	4426.000
1293.680	4148.000
1293.820	4292.000
1293.960	4185.000
1294.100	4294.000
1294.240	4082.000
1294.380	4320.000
1294.520	4136.000
1294.660	4304.000
1294.800	4092.000
1294.940	4293.000
1295.080	4087.000
1295.220	4337.000
1295.360	4144.000
1295.499	4327.000
1295.639	4075.000
1295.779	4320.000
1295.919	4083.000
1296.059	4308.000
1296.199	4078.000
1296.339	4314.000
1296.478	4053.000
1296.618	4256.000
1296.758	4069.000
1296.898	4247.000
1297.038	4075.000
1297.177	4308.000
1297.317	4060.000
1297.457	4217.000
1297.597	4083.000
1297.736	4226.000
1297.876	4088.000
1298.016	4275.000
1298.156	4096.000
1298.295	4169.000
1298.435	4015.000
1298.575	4240.000
1298.714	4071.000
1298.854	4196.000
1298.994	4070.000
1299.133	4216.000
1299.273	4056.000
1299.412	4285.000
1299.552	4041.000
1299.692	4179.000
1299.831	4075.000
1299.971	4243.000
1300.110	4013.000
1300.250	4293.000
1300.389	4073.000
1300.529	4218.000
1300.669	4044.000
1300.808	4243.000
1300.948	4045.000
1301.087	4192.000
1301.227	4019.000
1301.366	4248.000
1301.505	4049.000
1301.645	4162.000
1301.784	4070.000
1301.924	4207.000
1302.063	4022.000
1302.203	4139.000
1302.342	3994.000
1302.481	4243.000
1302.621	3999.000
1302.760	4173.000
1302.900	4015.000
1303.039	4253.000
1303.178	4209.000
1303.318	4203.000
1303.457	4012.000
1303.596	4179.000
1303.736	3954.000
1303.875	4216.000
1304.014	3967.000
1304.153	4218.000
1304.293	3934.000
1304.432	4085.000
1304.571	4031.000
1304.710	4149.000
1304.850	3951.000
1304.989	4151.000
1305.128	3962.000
1305.267	4210.000
1305.406	3971.000
1305.546	4138.000
1305.685	3944.000
1305.824	4088.000
1305.963	3940.000
1306.102	4150.000
1306.241	3980.000
1306.380	4131.000
1306.519	4058.000
1306.659	4132.000
1306.798	3964.000
1306.937	4212.000
1307.076	3973.000
1307.215	4141.000
1307.354	3972.000
1307.493	4089.000
1307.632	3973.000
1307.771	4113.000
1307.910	4002.000
1308.049	4057.000
1308.188	3946.000
1308.327	4080.000
1308.466	4004.000
1308.605	4143.000
1308.744	3982.000
1308.883	4165.000
1309.022	3970.000
1309.161	4184.000
1309.299	3948.000
1309.438	4131.000
1309.577	3977.000
1309.716	4134.000
1309.855	3972.000
1309.994	4125.000
1310.133	3952.000
1310.271	4107.000
1310.410	3998.000
1310.549	4168.000
1310.688	4019.000
1310.827	4134.000
1310.965	3963.000
1311.104	4079.000
1311.243	3963.000
1311.382	4114.000
1311.520	3956.000
1311.659	4200.000
1311.798	3998.000
1311.937	4170.000
1312.075	3931.000
1312.214	4098.000
1312.353	3961.000
1312.491	4122.000
1312.630	3923.000
1312.769	4201.000
1312.907	3956.000
1313.046	4191.000
1313.185	4020.000
1313.323	4235.000
1313.462	3961.000
1313.600	4184.000
1313.739	3977.000
1313.878	4138.000
1314.016	3962.000
1314.155	4204.000
1314.293	3939.000
1314.432	4209.000
1314.570	3995.000
1314.709	4214.000
1314.847	3953.000
1314.986	4198.000
1315.124	4002.000
1315.263	4213.000
1315.401	3991.000
1315.540	4184.000
1315.678	4022.000
1315.816	4215.000
1315.955	4025.000
1316.093	4170.000
1316.232	4007.000
1316.370	4210.000
1316.508	3977.000
1316.647	4229.000
1316.785	3966.000
1316.923	4194.000
1317.062	3968.000
1317.200	4208.000
1317.338	3932.000
1317.477	4219.000
1317.615	4041.000
1317.753	4213.000
1317.892	3920.000
1318.030	4164.000
1318.168	3973.000
1318.306	4101.000
1318.445	3963.000
1318.583	4175.000
1318.721	4010.000
1318.859	4145.000
1318.998	4001.000
1319.136	4163.000
1319.274	3979.000
1319.412	4154.000
1319.550	3942.000
1319.688	4183.000
1319.826	3926.000
1319.965	4167.000
1320.103	3929.000
1320.241	4103.000
1320.379	3849.000
1320.517	4155.000
1320.655	3955.000
1320.793	4064.000
1320.931	3970.000
1321.069	4225.000
1321.207	3874.000
1321.345	4172.000
1321.483	3972.000
1321.621	4071.000
1321.759	3879.000
1321.897	4022.000
1322.035	3886.000
1322.173	4026.000
1322.311	3892.000
1322.449	4050.000
1322.587	3883.000
1322.725	4027.000
1322.863	3825.000
1323.001	4086.000
1323.139	3915.000
1323.277	4032.000
1323.415	3931.000
1323.552	4027.000
1323.690	3839.000
1323.828	4011.000
1323.966	3420.000
1324.104	3986.000
1324.242	3800.000
1324.379	3935.000
1324.517	3709.000
1324.655	3950.000
1324.793	3746.000
1324.931	3985.000
1325.068	3806.000
1325.206	3955.000
1325.344	3794.000
1325.481	3923.000
1325.619	3751.000
1325.757	3956.000
1325.895	3771.000
1326.032	3905.000
1326.170	3643.000
1326.308	3944.000
1326.445	3668.000
1326.583	3847.000
1326.721	3738.000
1326.858	3828.000
1326.996	3712.000
1327.133	3915.000
1327.271	3668.000
1327.409	3904.000
1327.546	3616.000
1327.684	3937.000
1327.821	3685.000
1327.959	3799.000
1328.096	3692.000
1328.234	3792.000
1328.371	3632.000
1328.509	3736.000
1328.646	3560.000
1328.784	3769.000
1328.921	3567.000
1329.059	3835.000
1329.196	3587.000
1329.334	3826.000
1329.471	3575.000
1329.609	3726.000
1329.746	3545.000
1329.883	3750.000
1330.021	3502.000
1330.158	3722.000
1330.296	3488.000
1330.433	3715.000
1330.570	3463.000
1330.708	3722.000
1330.845	3628.000
1330.982	3749.000
1331.120	3491.000
1331.257	3795.000
1331.394	3455.000
1331.531	3692.000
1331.669	3548.000
1331.806	3726.000
1331.943	3511.000
1332.080	3782.000
1332.218	4961.000
1332.355	3751.000
1332.492	3540.000
1332.629	3698.000
1332.767	3552.000
1332.904	3693.000
1333.041	3433.000
1333.178	3649.000
1333.315	3605.000
1333.452	3777.000
1333.589	3571.000
1333.727	3683.000
1333.864	3461.000
1334.001	3684.000
1334.138	3575.000
1334.275	3763.000
1334.412	3510.000
1334.549	3675.000
1334.686	3476.000
1334.823	3706.000
1334.960	3522.000
1335.097	3724.000
1335.234	3524.000
1335.371	3716.000
1335.508	3541.000
1335.645	3675.000
1335.782	3469.000
1335.919	3641.000
1336.056	3435.000
1336.193	3727.000
1336.330	3487.000
1336.467	3680.000
1336.604	3467.000
1336.741	3715.000
1336.878	3489.000
1337.015	3725.000
1337.151	3460.000
1337.288	3701.000
1337.425	3397.000
1337.562	3700.000
1337.699	3421.000
1337.836	3713.000
1337.972	3424.000
1338.109	3702.000
1338.246	3472.000
1338.383	3661.000
1338.520	3460.000
1338.656	3751.000
1338.793	3401.000
1338.930	3691.000
1339.067	3502.000
1339.203	3609.000
1339.340	3415.000
1339.477	3723.000
1339.613	3451.000
1339.750	3665.000
1339.887	3477.000
1340.023	3620.000
1340.160	3495.000
1340.297	3637.000
1340.433	3485.000
1340.570	3650.000
1340.706	3514.000
1340.843	3710.000
1340.980	3422.000
1341.116	3701.000
1341.253	3405.000
1341.389	3647.000
1341.526	3527.000
1341.662	3701.000
1341.799	3458.000
1341.936	3632.000
1342.072	3494.000
1342.209	3704.000
1342.345	3525.000
1342.482	3747.000
1342.618	3509.000
1342.754	3718.000
1342.891	3484.000
1343.027	3662.000
1343.164	3462.000
1343.300	3687.000
1343.437	3479.000
1343.573	3563.000
1343.709	3510.000
1343.846	3695.000
1343.982	3537.000
1344.118	3640.000
1344.255	3456.000
1344.391	3571.000
1344.527	3505.000
1344.664	3686.000
