1199.956	6373.000
1200.103	6253.000
1200.250	6318.000
1200.396	6335.000
1200.543	6333.000
1200.689	6354.000
1200.836	6272.000
1200.982	6310.000
1201.129	6284.000
1201.275	6268.000
1201.422	6239.000
1201.568	6323.000
1201.715	6299.000
1201.861	6250.000
1202.008	6309.000
1202.154	6361.000
1202.301	6270.000
1202.447	6370.000
1202.593	6308.000
1202.740	6367.000
1202.886	6347.000
1203.033	6327.000
1203.179	6488.000
1203.325	6379.000
1203.472	6491.000
1203.618	6412.000
1203.764	6476.000
1203.911	6416.000
1204.057	6475.000
1204.203	6431.000
1204.350	6536.000
1204.496	6540.000
1204.642	6583.000
1204.789	6494.000
1204.935	6522.000
1205.081	6530.000
1205.227	6615.000
1205.374	6502.000
1205.520	6563.000
1205.666	6585.000
1205.812	6561.000
1205.958	6584.000
1206.105	6536.000
1206.251	6589.000
1206.397	6549.000
1206.543	6573.000
1206.689	6622.000
1206.835	6491.000
1206.981	6605.000
1207.127	6588.000
1207.274	6561.000
1207.420	6533.000
1207.566	6625.000
1207.712	6633.000
1207.858	6605.000
1208.004	6609.000
1208.150	6630.000
1208.296	6609.000
1208.442	6592.000
1208.588	6556.000
1208.734	6708.000
1208.880	6575.000
1209.026	6624.000
1209.172	6556.000
1209.318	6631.000
1209.464	6648.000
1209.610	6702.000
1209.756	6568.000
1209.902	6645.000
1210.048	6602.000
1210.193	6658.000
1210.339	6610.000
1210.485	6703.000
1210.631	6628.000
1210.777	6661.000
1210.923	6619.000
1211.069	6663.000
1211.214	6594.000
1211.360	6660.000
1211.506	6686.000
1211.652	6646.000
1211.798	6617.000
1211.943	6686.000
1212.089	6630.000
1212.235	6665.000
1212.381	6592.000
1212.526	6603.000
1212.672	6565.000
1212.818	6660.000
1212.964	6563.000
1213.109	6608.000
1213.255	6612.000
1213.401	6639.000
1213.546	6571.000
1213.692	6651.000
1213.838	6537.000
1213.983	6526.000
1214.129	6520.000
1214.274	6579.000
1214.420	6551.000
1214.566	6519.000
1214.711	6415.000
1214.857	6450.000
1215.002	6384.000
1215.148	6478.000
1215.293	6479.000
1215.439	6434.000
1215.585	6406.000
1215.730	6426.000
1215.876	6335.000
1216.021	6396.000
1216.166	6353.000
1216.312	6205.000
1216.457	6323.000
1216.603	6310.000
1216.748	6240.000
1216.894	6288.000
1217.039	6260.000
1217.185	6276.000
1217.330	6181.000
1217.475	6165.000
1217.621	6147.000
1217.766	6116.000
1217.912	6171.000
1218.057	6072.000
1218.202	6088.000
1218.348	5991.000
1218.493	5948.000
1218.638	6078.000
1218.783	6023.000
1218.929	5941.000
1219.074	5938.000
1219.219	5881.000
1219.365	5813.000
1219.510	5833.000
1219.655	5808.000
1219.800	5808.000
1219.946	5799.000
1220.091	5698.000
1220.236	5761.000
1220.381	5712.000
1220.526	5685.000
1220.672	5585.000
1220.817	5576.000
1220.962	5566.000
1221.107	5626.000
1221.252	5548.000
1221.397	5515.000
1221.542	5418.000
1221.687	5506.000
1221.833	5397.000
1221.978	5384.000
1222.123	5296.000
1222.268	5314.000
1222.413	5247.000
1222.558	5351.000
1222.703	5253.000
1222.848	5297.000
1222.993	5166.000
1223.138	5249.000
1223.283	5114.000
1223.428	5146.000
1223.573	5043.000
1223.718	5115.000
1223.863	4945.000
1224.008	5034.000
1224.153	4977.000
1224.298	4987.000
1224.442	4897.000
1224.587	5026.000
1224.732	4781.000
1224.877	4949.000
1225.022	4798.000
1225.167	4815.000
1225.312	4791.000
1225.457	4865.000
1225.601	4664.000
1225.746	4815.000
1225.891	4570.000
1226.036	4712.000
1226.181	4601.000
1226.325	4744.000
1226.470	4591.000
1226.615	4727.000
1226.760	4456.000
1226.904	4547.000
1227.049	4533.000
1227.194	4571.000
1227.339	4490.000
1227.483	4625.000
1227.628	4397.000
1227.773	4512.000
1227.917	4374.000
1228.062	4525.000
1228.207	4368.000
1228.351	4548.000
1228.496	4297.000
1228.641	4435.000
1228.785	4224.000
1228.930	4504.000
1229.074	4374.000
1229.219	4372.000
1229.363	4298.000
1229.508	4331.000
1229.653	4193.000
1229.797	4360.000
1229.942	4216.000
1230.086	4403.000
1230.231	4148.000
1230.375	4338.000
1230.520	4149.000
1230.664	4292.000
1230.809	4101.000
1230.953	4348.000
1231.098	4143.000
1231.242	4267.000
1231.386	4060.000
1231.531	4254.000
1231.675	4030.000
1231.820	4231.000
1231.964	4095.000
1232.108	4249.000
1232.253	4066.000
1232.397	4257.000
1232.541	3968.000
1232.686	4240.000
1232.830	4010.000
1232.974	4195.000
1233.119	4028.000
1233.263	4272.000
1233.407	4070.000
1233.552	4205.000
1233.696	4003.000
1233.840	4210.000
1233.984	3992.000
1234.129	4139.000
1234.273	4014.000
1234.417	4206.000
1234.561	3964.000
1234.705	4113.000
1234.850	3973.000
1234.994	4140.000
1235.138	3987.000
1235.282	4141.000
1235.426	3923.000
1235.570	4166.000
1235.715	3996.000
1235.859	4142.000
1236.003	4038.000
1236.147	4192.000
1236.291	3991.000
1236.435	4088.000
1236.579	3934.000
1236.723	4126.000
1236.867	3926.000
1237.011	4168.000
1237.155	4047.000
1237.299	4193.000
1237.443	3932.000
1237.587	4198.000
1237.731	4031.000
1237.875	4099.000
1238.019	3922.000
1238.163	4171.000
1238.307	3958.000
1238.451	4126.000
1238.595	3936.000
1238.739	4154.000
1238.883	3936.000
1239.027	4098.000
1239.171	3956.000
1239.315	4123.000
1239.458	3957.000
1239.602	4099.000
1239.746	3956.000
1239.890	4142.000
1240.034	3936.000
1240.178	4180.000
1240.321	3952.000
1240.465	4071.000
1240.609	3962.000
1240.753	4121.000
1240.896	3883.000
1241.040	4126.000
1241.184	4010.000
1241.328	4111.000
1241.471	3927.000
1241.615	4071.000
1241.759	3902.000
1241.903	4091.000
1242.046	3950.000
1242.190	4100.000
1242.334	3967.000
1242.477	4126.000
1242.621	3928.000
1242.765	4112.000
1242.908	3790.000
1243.052	4132.000
1243.195	3880.000
1243.339	4064.000
1243.483	3894.000
1243.626	4116.000
1243.770	3889.000
1243.913	4066.000
1244.057	3991.000
1244.200	3996.000
1244.344	3841.000
1244.487	4085.000
1244.631	3905.000
1244.774	4053.000
1244.918	3853.000
1245.061	4096.000
1245.205	3966.000
1245.348	4074.000
1245.492	3870.000
1245.635	4080.000
1245.779	3931.000
1245.922	4074.000
1246.065	3843.000
1246.209	4109.000
1246.352	3856.000
1246.496	3969.000
1246.639	3918.000
1246.782	4042.000
1246.926	3860.000
1247.069	4145.000
1247.212	3843.000
1247.356	3926.000
1247.499	3866.000
1247.642	4065.000
1247.785	3917.000
1247.929	3982.000
1248.072	3802.000
1248.215	4078.000
1248.358	3828.000
1248.502	4021.000
1248.645	3831.000
1248.788	4033.000
1248.931	3874.000
1249.075	4031.000
1249.218	3884.000
1249.361	4038.000
1249.504	3838.000
1249.647	4084.000
1249.790	3835.000
1249.933	3971.000
1250.077	3899.000
1250.220	4007.000
1250.363	3746.000
1250.506	4025.000
1250.649	3735.000
1250.792	3932.000
1250.935	3854.000
1251.078	3996.000
1251.221	3840.000
1251.364	3999.000
1251.507	3793.000
1251.650	3909.000
1251.793	3775.000
1251.936	3987.000
1252.079	3916.000
1252.222	3912.000
1252.365	3813.000
1252.508	3951.000
1252.651	3838.000
1252.794	3978.000
1252.937	3775.000
1253.080	3921.000
1253.223	3823.000
1253.366	3947.000
1253.509	3816.000
1253.651	3953.000
1253.794	3704.000
1253.937	4008.000
1254.080	3713.000
1254.223	3983.000
1254.366	3750.000
1254.508	3991.000
1254.651	3788.000
1254.794	4073.000
1254.937	3719.000
1255.080	4050.000
1255.222	3796.000
1255.365	3918.000
1255.508	3795.000
1255.651	3962.000
1255.793	3777.000
1255.936	3926.000
1256.079	3775.000
1256.221	3976.000
1256.364	3723.000
1256.507	3943.000
1256.649	3765.000
1256.792	3939.000
1256.935	3839.000
1257.077	3993.000
1257.220	3832.000
1257.362	3953.000
1257.505	3709.000
1257.648	3999.000
1257.790	3640.000
1257.933	3977.000
1258.075	3814.000
1258.218	3919.000
1258.360	3817.000
1258.503	3875.000
1258.646	3667.000
1258.788	3897.000
1258.931	3786.000
1259.073	4011.000
1259.216	3740.000
1259.358	3920.000
1259.500	3736.000
1259.643	3932.000
1259.785	3772.000
1259.928	3904.000
1260.070	3671.000
1260.213	3970.000
1260.355	3777.000
1260.497	3905.000
1260.640	3711.000
1260.782	3948.000
1260.924	3710.000
1261.067	3959.000
1261.209	3783.000
1261.351	3863.000
1261.494	3651.000
1261.636	3907.000
1261.778	3728.000
1261.921	4009.000
1262.063	3716.000
1262.205	3967.000
1262.348	3719.000
1262.490	3915.000
1262.632	3735.000
1262.774	3950.000
1262.916	3755.000
1263.059	3956.000
1263.201	3745.000
1263.343	3939.000
1263.485	3753.000
1263.627	3958.000
1263.770	3735.000
1263.912	3965.000
1264.054	3738.000
1264.196	3871.000
1264.338	3683.000
1264.480	3959.000
1264.622	3680.000
1264.764	3876.000
1264.906	3703.000
1265.048	3859.000
1265.191	3687.000
1265.333	3888.000
1265.475	3729.000
1265.617	3898.000
1265.759	3725.000
1265.901	3944.000
1266.043	3753.000
1266.185	3884.000
1266.327	3698.000
1266.469	3943.000
1266.611	3792.000
1266.753	3907.000
1266.894	3681.000
1267.036	3959.000
1267.178	3697.000
1267.320	3895.000
1267.462	3696.000
1267.604	3899.000
1267.746	3725.000
1267.888	3914.000
1268.030	3696.000
1268.171	3905.000
1268.313	3669.000
1268.455	3885.000
1268.597	3763.000
1268.739	3869.000
1268.881	3701.000
1269.022	3893.000
1269.164	3628.000
1269.306	3933.000
1269.448	3765.000
1269.589	3829.000
1269.731	3709.000
1269.873	3827.000
1270.015	3738.000
1270.156	3911.000
1270.298	3770.000
1270.440	3944.000
1270.581	3726.000
1270.723	3923.000
1270.865	3747.000
1271.006	3941.000
1271.148	3713.000
1271.289	3959.000
1271.431	3763.000
1271.573	3954.000
1271.714	3742.000
1271.856	3812.000
1271.997	3687.000
1272.139	3957.000
1272.281	3656.000
1272.422	3894.000
1272.564	3688.000
1272.705	3873.000
1272.847	3712.000
1272.988	3864.000
1273.130	3713.000
1273.271	3960.000
1273.413	3610.000
1273.554	3955.000
1273.696	3727.000
1273.837	3886.000
1273.978	3744.000
1274.120	3925.000
1274.261	3717.000
1274.403	3892.000
1274.544	3707.000
1274.685	3885.000
1274.827	3728.000
1274.968	3915.000
1275.110	3672.000
1275.251	3902.000
1275.392	3833.000
1275.534	3930.000
1275.675	3741.000
1275.816	3948.000
1275.957	3694.000
1276.099	3929.000
1276.240	3703.000
1276.381	3948.000
1276.523	3655.000
1276.664	4038.000
1276.805	3727.000
1276.946	3981.000
1277.087	3727.000
1277.229	3928.000
1277.370	3735.000
1277.511	3923.000
1277.652	3683.000
1277.793	3890.000
1277.935	3688.000
1278.076	3937.000
1278.217	3780.000
1278.358	3913.000
1278.499	3635.000
1278.640	3927.000
1278.781	3722.000
1278.922	3905.000
1279.063	3723.000
1279.204	3924.000
1279.345	3712.000
1279.487	3955.000
1279.628	3673.000
1279.769	3960.000
1279.910	3758.000
1280.051	4015.000
1280.192	3743.000
1280.333	3934.000
1280.474	3686.000
1280.615	3880.000
1280.755	3768.000
1280.896	4011.000
1281.037	3728.000
1281.178	3961.000
1281.319	3659.000
1281.460	3921.000
1281.601	3770.000
1281.742	3945.000
1281.883	3708.000
1282.024	3908.000
1282.164	3851.000
1282.305	3902.000
1282.446	3748.000
1282.587	3990.000
1282.728	3705.000
1282.869	3961.000
1283.009	3722.000
1283.150	4009.000
1283.291	3764.000
1283.432	3878.000
1283.572	3735.000
1283.713	3930.000
1283.854	3722.000
1283.995	3855.000
1284.135	3661.000
1284.276	3924.000
1284.417	3816.000
1284.557	3967.000
1284.698	3804.000
1284.839	4023.000
1284.979	3760.000
1285.120	3948.000
1285.261	3740.000
1285.401	3915.000
1285.542	3677.000
1285.682	3902.000
1285.823	3817.000
1285.964	3970.000
1286.104	3714.000
1286.245	3963.000
1286.385	3728.000
1286.526	3933.000
1286.666	3687.000
1286.807	3926.000
1286.947	3725.000
1287.088	3877.000
1287.228	3689.000
1287.369	3889.000
1287.509	3826.000
1287.650	3901.000
1287.790	3735.000
1287.931	3920.000
1288.071	3741.000
1288.212	3929.000
1288.352	3726.000
1288.492	3939.000
1288.633	3729.000
1288.773	3927.000
1288.913	3749.000
1289.054	3958.000
1289.194	3723.000
1289.334	3913.000
1289.475	3726.000
1289.615	3877.000
1289.755	3703.000
1289.896	3858.000
1290.036	3683.000
1290.176	3944.000
1290.317	3759.000
1290.457	3887.000
1290.597	3677.000
1290.737	3917.000
1290.878	3712.000
1291.018	3854.000
1291.158	3686.000
1291.298	3906.000
1291.438	3665.000
1291.579	3881.000
1291.719	3715.000
1291.859	3920.000
1291.999	3684.000
1292.139	3864.000
1292.279	3626.000
1292.419	3917.000
1292.560	3722.000
1292.700	3855.000
1292.840	3695.000
1292.980	3870.000
1293.120	3612.000
1293.260	3849.000
1293.400	3735.000
1293.540	3928.000
1293.680	3679.000
1293.820	3835.000
1293.960	3717.000
1294.100	3823.000
1294.240	3633.000
1294.380	3883.000
1294.520	3670.000
1294.660	3859.000
1294.800	3656.000
1294.940	3828.000
1295.080	3609.000
1295.220	3886.000
1295.360	3690.000
1295.499	3898.000
1295.639	3569.000
1295.779	3880.000
1295.919	3648.000
1296.059	3855.000
1296.199	3637.000
1296.339	3890.000
1296.478	3623.000
1296.618	3818.000
1296.758	3628.000
1296.898	3815.000
1297.038	3591.000
1297.177	3895.000
1297.317	3626.000
1297.457	3798.000
1297.597	3630.000
1297.736	3796.000
1297.876	3603.000
1298.016	3868.000
1298.156	3654.000
1298.295	3759.000
1298.435	3586.000
1298.575	3796.000
1298.714	3658.000
1298.854	3765.000
1298.994	3627.000
1299.133	3777.000
1299.273	3623.000
1299.412	3837.000
1299.552	3613.000
1299.692	3768.000
1299.831	3649.000
1299.971	3798.000
1300.110	3619.000
1300.250	3855.000
1300.389	3611.000
1300.529	3802.000
1300.669	3633.000
1300.808	3827.000
1300.948	3625.000
1301.087	3783.000
1301.227	3593.000
1301.366	3814.000
1301.505	3609.000
1301.645	3727.000
1301.784	3642.000
1301.924	3815.000
1302.063	3585.000
1302.203	3723.000
1302.342	3549.000
1302.481	3827.000
1302.621	3590.000
1302.760	3760.000
1302.900	3594.000
1303.039	3836.000
1303.178	3772.000
1303.318	3775.000
1303.457	3570.000
1303.596	3750.000
1303.736	3565.000
1303.875	3818.000
1304.014	3533.000
1304.153	3827.000
1304.293	3535.000
1304.432	3691.000
1304.571	3624.000
1304.710	3748.000
1304.850	3574.000
1304.989	3726.000
1305.128	3569.000
1305.267	3769.000
1305.406	3530.000
1305.546	3705.000
1305.685	3524.000
1305.824	3679.000
1305.963	3545.000
1306.102	3754.000
1306.241	3544.000
1306.380	3710.000
1306.519	3598.000
1306.659	3720.000
1306.798	3516.000
1306.937	3800.000
1307.076	3531.000
1307.215	3720.000
1307.354	3523.000
1307.493	3663.000
1307.632	3548.000
1307.771	3686.000
1307.910	3531.000
1308.049	3607.000
1308.188	3555.000
1308.327	3638.000
1308.466	3538.000
1308.605	3708.000
1308.744	3555.000
1308.883	3704.000
1309.022	3542.000
1309.161	3745.000
1309.299	3498.000
1309.438	3681.000
1309.577	3536.000
1309.716	3658.000
1309.855	3539.000
1309.994	3670.000
1310.133	3526.000
1310.271	3641.000
1310.410	3555.000
1310.549	3712.000
1310.688	3566.000
1310.827	3686.000
1310.965	3498.000
1311.104	3640.000
1311.243	3517.000
1311.382	3673.000
1311.520	3481.000
1311.659	3741.000
1311.798	3522.000
1311.937	3699.000
1312.075	3506.000
1312.214	3628.000
1312.353	3519.000
1312.491	3624.000
1312.630	3444.000
1312.769	3731.000
1312.907	3467.000
1313.046	3733.000
1313.185	3557.000
1313.323	3747.000
1313.462	3468.000
1313.600	3734.000
1313.739	3485.000
1313.878	3666.000
1314.016	3498.000
1314.155	3740.000
1314.293	3441.000
1314.432	3725.000
1314.570	3508.000
1314.709	3713.000
1314.847	3473.000
1314.986	3683.000
1315.124	3507.000
1315.263	3731.000
1315.401	3518.000
1315.540	3701.000
1315.678	3559.000
1315.816	3741.000
1315.955	3536.000
1316.093	3672.000
1316.232	3496.000
1316.370	3732.000
1316.508	3498.000
1316.647	3724.000
1316.785	3482.000
1316.923	3723.000
1317.062	3481.000
1317.200	3738.000
1317.338	3506.000
1317.477	3755.000
1317.615	3566.000
1317.753	3720.000
1317.892	3479.000
1318.030	3695.000
1318.168	3500.000
1318.306	3658.000
1318.445	3524.000
1318.583	3696.000
1318.721	3538.000
1318.859	3696.000
1318.998	3525.000
1319.136	3711.000
1319.274	3569.000
1319.412	3712.000
1319.550	3507.000
1319.688	3746.000
1319.826	3512.000
1319.965	3672.000
1320.103	3483.000
1320.241	3697.000
1320.379	3424.000
1320.517	3735.000
1320.655	3534.000
1320.793	3640.000
1320.931	3510.000
1321.069	3776.000
1321.207	3487.000
1321.345	3732.000
1321.483	3558.000
1321.621	3678.000
1321.759	3458.000
1321.897	3638.000
1322.035	3483.000
1322.173	3637.000
1322.311	3505.000
1322.449	3678.000
1322.587	3477.000
1322.725	3664.000
1322.863	3497.000
1323.001	3731.000
1323.139	3533.000
1323.277	3672.000
1323.415	3568.000
1323.552	3684.000
1323.690	3509.000
1323.828	3678.000
1323.966	3130.000
1324.104	3651.000
1324.242	3480.000
1324.379	3618.000
1324.517	3395.000
1324.655	3653.000
1324.793	3442.000
1324.931	3663.000
1325.068	3535.000
1325.206	3639.000
1325.344	3516.000
1325.481	3619.000
1325.619	3485.000
1325.757	3661.000
1325.895	3484.000
1326.032	3622.000
1326.170	3385.000
1326.308	3658.000
1326.445	3419.000
1326.583	3594.000
1326.721	3462.000
1326.858	3595.000
1326.996	3434.000
1327.133	3641.000
1327.271	3425.000
1327.409	3679.000
1327.546	3372.000
1327.684	3727.000
1327.821	3456.000
1327.959	3577.000
1328.096	3483.000
1328.234	3579.000
1328.371	3449.000
1328.509	3510.000
1328.646	3356.000
1328.784	3545.000
1328.921	3376.000
1329.059	3646.000
1329.196	3405.000
1329.334	3626.000
1329.471	3393.000
1329.609	3543.000
1329.746	3338.000
1329.883	3534.000
1330.021	3303.000
1330.158	3547.000
1330.296	3302.000
1330.433	3525.000
1330.570	3335.000
1330.708	3530.000
1330.845	3452.000
1330.982	3546.000
1331.120	3341.000
1331.257	3621.000
1331.394	3302.000
1331.531	3548.000
1331.669	3386.000
1331.806	3579.000
1331.943	3366.000
1332.080	3649.000
1332.218	4746.000
1332.355	3619.000
1332.492	3395.000
1332.629	3568.000
1332.767	3417.000
1332.904	3554.000
1333.041	3299.000
1333.178	3503.000
1333.315	3436.000
1333.452	3646.000
1333.589	3447.000
1333.727	3535.000
1333.864	3372.000
1334.001	3546.000
1334.138	3431.000
1334.275	3644.000
1334.412	3392.000
1334.549	3519.000
1334.686	3332.000
1334.823	3592.000
1334.960	3402.000
1335.097	3606.000
1335.234	3404.000
1335.371	3596.000
1335.508	3392.000
1335.645	3571.000
1335.782	3337.000
1335.919	3523.000
1336.056	3357.000
1336.193	3601.000
1336.330	3360.000
1336.467	3585.000
1336.604	3323.000
1336.741	3619.000
1336.878	3392.000
1337.015	3640.000
1337.151	3398.000
1337.288	3569.000
1337.425	3311.000
1337.562	3577.000
1337.699	3334.000
1337.836	3599.000
1337.972	3348.000
1338.109	3635.000
1338.246	3389.000
1338.383	3560.000
1338.520	3376.000
1338.656	3638.000
1338.793	3317.000
1338.930	3592.000
1339.067	3425.000
1339.203	3536.000
1339.340	3349.000
1339.477	3575.000
1339.613	3361.000
1339.750	3563.000
1339.887	3377.000
1340.023	3556.000
1340.160	3398.000
1340.297	3563.000
1340.433	3395.000
1340.570	3551.000
1340.706	3415.000
1340.843	3632.000
1340.980	3331.000
1341.116	3591.000
1341.253	3320.000
1341.389	3525.000
1341.526	3442.000
1341.662	3600.000
1341.799	3364.000
1341.936	3568.000
1342.072	3404.000
1342.209	3591.000
1342.345	3424.000
1342.482	3655.000
1342.618	3424.000
1342.754	3648.000
1342.891	3364.000
1343.027	3557.000
1343.164	3397.000
1343.300	3604.000
1343.437	3380.000
1343.573	3468.000
1343.709	3410.000
1343.846	3638.000
1343.982	3459.000
1344.118	3562.000
1344.255	3362.000
1344.391	3507.000
1344.527	3455.000
1344.664	3625.000
