1199.956	6106.000
1200.103	6033.000
1200.250	6048.000
1200.396	6151.000
1200.543	6071.000
1200.689	6131.000
1200.836	6050.000
1200.982	6139.000
1201.129	6089.000
1201.275	6113.000
1201.422	6034.000
1201.568	6176.000
1201.715	6129.000
1201.861	6086.000
1202.008	6075.000
1202.154	6201.000
1202.301	6089.000
1202.447	6224.000
1202.593	6112.000
1202.740	6263.000
1202.886	6145.000
1203.033	6179.000
1203.179	6318.000
1203.325	6238.000
1203.472	6282.000
1203.618	6278.000
1203.764	6308.000
1203.911	6269.000
1204.057	6288.000
1204.203	6315.000
1204.350	6357.000
1204.496	6415.000
1204.642	6415.000
1204.789	6376.000
1204.935	6367.000
1205.081	6413.000
1205.227	6499.000
1205.374	6406.000
1205.520	6488.000
1205.666	6521.000
1205.812	6467.000
1205.958	6497.000
1206.105	6471.000
1206.251	6545.000
1206.397	6485.000
1206.543	6526.000
1206.689	6550.000
1206.835	6515.000
1206.981	6558.000
1207.127	6585.000
1207.274	6569.000
1207.420	6564.000
1207.566	6660.000
1207.712	6651.000
1207.858	6618.000
1208.004	6665.000
1208.150	6631.000
1208.296	6659.000
1208.442	6635.000
1208.588	6657.000
1208.734	6728.000
1208.880	6698.000
1209.026	6712.000
1209.172	6671.000
1209.318	6685.000
1209.464	6793.000
1209.610	6793.000
1209.756	6718.000
1209.902	6761.000
1210.048	6756.000
1210.193	6799.000
1210.339	6755.000
1210.485	6840.000
1210.631	6833.000
1210.777	6809.000
1210.923	6828.000
1211.069	6841.000
1211.214	6824.000
1211.360	6899.000
1211.506	6913.000
1211.652	6858.000
1211.798	6869.000
1211.943	6895.000
1212.089	6883.000
1212.235	6877.000
1212.381	6852.000
1212.526	6891.000
1212.672	6898.000
1212.818	6952.000
1212.964	6863.000
1213.109	6925.000
1213.255	6940.000
1213.401	6937.000
1213.546	6915.000
1213.692	6923.000
1213.838	6888.000
1213.983	6893.000
1214.129	6892.000
1214.274	6917.000
1214.420	6913.000
1214.566	6846.000
1214.711	6826.000
1214.857	6882.000
1215.002	6819.000
1215.148	6869.000
1215.293	6879.000
1215.439	6826.000
1215.585	6807.000
1215.730	6815.000
1215.876	6771.000
1216.021	6792.000
1216.166	6789.000
1216.312	6637.000
1216.457	6754.000
1216.603	6723.000
1216.748	6677.000
1216.894	6715.000
1217.039	6687.000
1217.185	6680.000
1217.330	6605.000
1217.475	6613.000
1217.621	6583.000
1217.766	6532.000
1217.912	6585.000
1218.057	6499.000
1218.202	6514.000
1218.348	6431.000
1218.493	6394.000
1218.638	6546.000
1218.783	6439.000
1218.929	6376.000
1219.074	6381.000
1219.219	6321.000
1219.365	6259.000
1219.510	6235.000
1219.655	6253.000
1219.800	6234.000
1219.946	6228.000
1220.091	6102.000
1220.236	6140.000
1220.381	6113.000
1220.526	6135.000
1220.672	6004.000
1220.817	5977.000
1220.962	5945.000
1221.107	6000.000
1221.252	5951.000
1221.397	5879.000
1221.542	5832.000
1221.687	5880.000
1221.833	5784.000
1221.978	5758.000
1222.123	5677.000
1222.268	5742.000
1222.413	5598.000
1222.558	5699.000
1222.703	5599.000
1222.848	5622.000
1222.993	5531.000
1223.138	5584.000
1223.283	5452.000
1223.428	5467.000
1223.573	5370.000
1223.718	5466.000
1223.863	5253.000
1224.008	5364.000
1224.153	5271.000
1224.298	5317.000
1224.442	5219.000
1224.587	5302.000
1224.732	5073.000
1224.877	5200.000
1225.022	5082.000
1225.167	5090.000
1225.312	5085.000
1225.457	5128.000
1225.601	4922.000
1225.746	5065.000
1225.891	4845.000
1226.036	4940.000
1226.181	4846.000
1226.325	4989.000
1226.470	4845.000
1226.615	4936.000
1226.760	4712.000
1226.904	4768.000
1227.049	4722.000
1227.194	4811.000
1227.339	4722.000
1227.483	4830.000
1227.628	4603.000
1227.773	4712.000
1227.917	4536.000
1228.062	4705.000
1228.207	4553.000
1228.351	4729.000
1228.496	4493.000
1228.641	4622.000
1228.785	4425.000
1228.930	4676.000
1229.074	4557.000
1229.219	4542.000
1229.363	4463.000
1229.508	4531.000
1229.653	4362.000
1229.797	4516.000
1229.942	4375.000
1230.086	4554.000
1230.231	4331.000
1230.375	4499.000
1230.520	4295.000
1230.664	4433.000
1230.809	4260.000
1230.953	4518.000
1231.098	4308.000
1231.242	4420.000
1231.386	4245.000
1231.531	4368.000
1231.675	4221.000
1231.820	4357.000
1231.964	4247.000
1232.108	4396.000
1232.253	4232.000
1232.397	4412.000
1232.541	4117.000
1232.686	4392.000
1232.830	4163.000
1232.974	4349.000
1233.119	4191.000
1233.263	4391.000
1233.407	4206.000
1233.552	4320.000
1233.696	4150.000
1233.840	4363.000
1233.984	4161.000
1234.129	4296.000
1234.273	4159.000
1234.417	4359.000
1234.561	4123.000
1234.705	4277.000
1234.850	4157.000
1234.994	4309.000
1235.138	4149.000
1235.282	4297.000
1235.426	4104.000
1235.570	4306.000
1235.715	4182.000
1235.859	4327.000
1236.003	4214.000
1236.147	4385.000
1236.291	4185.000
1236.435	4269.000
1236.579	4122.000
1236.723	4295.000
1236.867	4112.000
1237.011	4335.000
1237.155	4261.000
1237.299	4364.000
1237.443	4112.000
1237.587	4379.000
1237.731	4268.000
1237.875	4275.000
1238.019	4146.000
1238.163	4361.000
1238.307	4149.000
1238.451	4310.000
1238.595	4131.000
1238.739	4337.000
1238.883	4124.000
1239.027	4259.000
1239.171	4165.000
1239.315	4324.000
1239.458	4152.000
1239.602	4286.000
1239.746	4151.000
1239.890	4323.000
1240.034	4119.000
1240.178	4380.000
1240.321	4157.000
1240.465	4253.000
1240.609	4175.000
1240.753	4327.000
1240.896	4112.000
1241.040	4270.000
1241.184	4235.000
1241.328	4312.000
1241.471	4132.000
1241.615	4265.000
1241.759	4105.000
1241.903	4274.000
1242.046	4142.000
1242.190	4259.000
1242.334	4184.000
1242.477	4300.000
1242.621	4110.000
1242.765	4292.000
1242.908	4011.000
1243.052	4318.000
1243.195	4077.000
1243.339	4243.000
1243.483	4067.000
1243.626	4276.000
1243.770	4063.000
1243.913	4246.000
1244.057	4152.000
1244.200	4152.000
1244.344	4006.000
1244.487	4249.000
1244.631	4043.000
1244.774	4221.000
1244.918	4003.000
1245.061	4272.000
1245.205	4115.000
1245.348	4217.000
1245.492	4041.000
1245.635	4229.000
1245.779	4079.000
1245.922	4214.000
1246.065	3964.000
1246.209	4245.000
1246.352	3996.000
1246.496	4113.000
1246.639	4038.000
1246.782	4125.000
1246.926	3981.000
1247.069	4262.000
1247.212	3945.000
1247.356	4035.000
1247.499	3980.000
1247.642	4150.000
1247.785	3978.000
1247.929	4073.000
1248.072	3870.000
1248.215	4142.000
1248.358	3919.000
1248.502	4065.000
1248.645	3908.000
1248.788	4118.000
1248.931	3932.000
1249.075	4105.000
1249.218	3957.000
1249.361	4128.000
1249.504	3908.000
1249.647	4117.000
1249.790	3884.000
1249.933	4034.000
1250.077	3946.000
1250.220	4048.000
1250.363	3797.000
1250.506	4086.000
1250.649	3800.000
1250.792	3977.000
1250.935	3858.000
1251.078	4039.000
1251.221	3856.000
1251.364	4004.000
1251.507	3869.000
1251.650	3938.000
1251.793	3798.000
1251.936	4021.000
1252.079	3935.000
1252.222	3938.000
1252.365	3844.000
1252.508	3961.000
1252.651	3877.000
1252.794	3994.000
1252.937	3811.000
1253.080	3924.000
1253.223	3829.000
1253.366	3951.000
1253.509	3820.000
1253.651	4000.000
1253.794	3740.000
1253.937	4012.000
1254.080	3733.000
1254.223	3989.000
1254.366	3782.000
1254.508	4039.000
1254.651	3811.000
1254.794	4074.000
1254.937	3757.000
1255.080	4096.000
1255.222	3772.000
1255.365	3996.000
1255.508	3799.000
1255.651	3991.000
1255.793	3812.000
1255.936	3943.000
1256.079	3814.000
1256.221	4002.000
1256.364	3761.000
1256.507	3984.000
1256.649	3799.000
1256.792	3984.000
1256.935	3863.000
1257.077	4010.000
1257.220	3855.000
1257.362	3982.000
1257.505	3774.000
1257.648	4045.000
1257.790	3707.000
1257.933	4015.000
1258.075	3841.000
1258.218	3980.000
1258.360	3873.000
1258.503	3904.000
1258.646	3728.000
1258.788	3945.000
1258.931	3832.000
1259.073	4065.000
1259.216	3828.000
1259.358	3976.000
1259.500	3744.000
1259.643	4017.000
1259.785	3827.000
1259.928	3978.000
1260.070	3768.000
1260.213	4024.000
1260.355	3867.000
1260.497	3998.000
1260.640	3792.000
1260.782	3996.000
1260.924	3772.000
1261.067	4026.000
1261.209	3862.000
1261.351	3911.000
1261.494	3721.000
1261.636	3966.000
1261.778	3803.000
1261.921	4063.000
1262.063	3782.000
1262.205	4037.000
1262.348	3821.000
1262.490	4001.000
1262.632	3839.000
1262.774	4017.000
1262.916	3816.000
1263.059	4015.000
1263.201	3828.000
1263.343	3989.000
1263.485	3821.000
1263.627	4045.000
1263.770	3849.000
1263.912	4051.000
1264.054	3800.000
1264.196	3956.000
1264.338	3805.000
1264.480	4040.000
1264.622	3762.000
1264.764	3957.000
1264.906	3807.000
1265.048	3944.000
1265.191	3806.000
1265.333	3965.000
1265.475	3824.000
1265.617	4007.000
1265.759	3816.000
1265.901	4040.000
1266.043	3880.000
1266.185	3978.000
1266.327	3805.000
1266.469	4042.000
1266.611	3885.000
1266.753	3999.000
1266.894	3789.000
1267.036	4053.000
1267.178	3798.000
1267.320	3978.000
1267.462	3791.000
1267.604	4008.000
1267.746	3821.000
1267.888	4027.000
1268.030	3786.000
1268.171	4012.000
1268.313	3777.000
1268.455	3943.000
1268.597	3882.000
1268.739	3964.000
1268.881	3760.000
1269.022	3985.000
1269.164	3738.000
1269.306	4026.000
1269.448	3851.000
1269.589	3947.000
1269.731	3768.000
1269.873	3906.000
1270.015	3835.000
1270.156	4016.000
1270.298	3831.000
1270.440	4032.000
1270.581	3780.000
1270.723	3979.000
1270.865	3814.000
1271.006	4015.000
1271.148	3796.000
1271.289	4032.000
1271.431	3825.000
1271.573	4012.000
1271.714	3811.000
1271.856	3860.000
1271.997	3760.000
1272.139	4009.000
1272.281	3721.000
1272.422	3972.000
1272.564	3760.000
1272.705	3964.000
1272.847	3745.000
1272.988	3937.000
1273.130	3772.000
1273.271	4006.000
1273.413	3643.000
1273.554	4032.000
1273.696	3768.000
1273.837	3943.000
1273.978	3799.000
1274.120	4014.000
1274.261	3758.000
1274.403	3957.000
1274.544	3732.000
1274.685	3933.000
1274.827	3755.000
1274.968	3957.000
1275.110	3733.000
1275.251	3947.000
1275.392	3913.000
1275.534	3951.000
1275.675	3797.000
1275.816	4020.000
1275.957	3708.000
1276.099	3949.000
1276.240	3725.000
1276.381	3984.000
1276.523	3722.000
1276.664	4069.000
1276.805	3781.000
1276.946	4009.000
1277.087	3768.000
1277.229	3992.000
1277.370	3798.000
1277.511	3996.000
1277.652	3712.000
1277.793	3929.000
1277.935	3766.000
1278.076	4023.000
1278.217	3799.000
1278.358	3959.000
1278.499	3687.000
1278.640	3987.000
1278.781	3784.000
1278.922	3933.000
1279.063	3779.000
1279.204	3948.000
1279.345	3739.000
1279.487	3979.000
1279.628	3724.000
1279.769	4024.000
1279.910	3802.000
1280.051	4059.000
1280.192	3815.000
1280.333	3986.000
1280.474	3740.000
1280.615	3930.000
1280.755	3832.000
1280.896	4078.000
1281.037	3780.000
1281.178	4006.000
1281.319	3718.000
1281.460	3988.000
1281.601	3825.000
1281.742	4003.000
1281.883	3807.000
1282.024	3979.000
1282.164	3888.000
1282.305	3983.000
1282.446	3819.000
1282.587	4060.000
1282.728	3768.000
1282.869	3999.000
1283.009	3767.000
1283.150	4053.000
1283.291	3852.000
1283.432	3934.000
1283.572	3815.000
1283.713	4024.000
1283.854	3824.000
1283.995	3968.000
1284.135	3745.000
1284.276	4003.000
1284.417	3900.000
1284.557	4041.000
1284.698	3859.000
1284.839	4107.000
1284.979	3849.000
1285.120	4007.000
1285.261	3835.000
1285.401	4001.000
1285.542	3783.000
1285.682	4011.000
1285.823	3888.000
1285.964	4062.000
1286.104	3809.000
1286.245	4060.000
1286.385	3824.000
1286.526	4068.000
1286.666	3791.000
1286.807	4039.000
1286.947	3817.000
1287.088	4012.000
1287.228	3793.000
1287.369	3985.000
1287.509	3924.000
1287.650	4023.000
1287.790	3832.000
1287.931	4031.000
1288.071	3897.000
1288.212	4038.000
1288.352	3865.000
1288.492	4076.000
1288.633	3867.000
1288.773	4031.000
1288.913	3842.000
1289.054	4088.000
1289.194	3870.000
1289.334	4040.000
1289.475	3883.000
1289.615	4017.000
1289.755	3838.000
1289.896	3998.000
1290.036	3815.000
1290.176	4079.000
1290.317	3927.000
1290.457	3994.000
1290.597	3872.000
1290.737	4049.000
1290.878	3868.000
1291.018	4022.000
1291.158	3835.000
1291.298	4026.000
1291.438	3785.000
1291.579	4040.000
1291.719	3869.000
1291.859	4059.000
1291.999	3846.000
1292.139	4005.000
1292.279	3808.000
1292.419	4066.000
1292.560	3866.000
1292.700	4041.000
1292.840	3877.000
1292.980	4025.000
1293.120	3803.000
1293.260	4019.000
1293.400	3919.000
1293.540	4102.000
1293.680	3867.000
1293.820	4004.000
1293.960	3876.000
1294.100	3984.000
1294.240	3807.000
1294.380	4069.000
1294.520	3876.000
1294.660	4024.000
1294.800	3825.000
1294.940	4008.000
1295.080	3805.000
1295.220	4064.000
1295.360	3864.000
1295.499	4068.000
1295.639	3766.000
1295.779	4074.000
1295.919	3837.000
1296.059	4038.000
1296.199	3837.000
1296.339	4059.000
1296.478	3796.000
1296.618	4012.000
1296.758	3812.000
1296.898	3994.000
1297.038	3780.000
1297.177	4096.000
1297.317	3817.000
1297.457	3969.000
1297.597	3852.000
1297.736	3986.000
1297.876	3868.000
1298.016	4066.000
1298.156	3827.000
1298.295	3964.000
1298.435	3826.000
1298.575	4019.000
1298.714	3867.000
1298.854	3964.000
1298.994	3836.000
1299.133	3990.000
1299.273	3855.000
1299.412	4056.000
1299.552	3831.000
1299.692	3965.000
1299.831	3882.000
1299.971	3999.000
1300.110	3813.000
1300.250	4064.000
1300.389	3835.000
1300.529	4032.000
1300.669	3868.000
1300.808	4017.000
1300.948	3833.000
1301.087	4005.000
1301.227	3805.000
1301.366	4045.000
1301.505	3830.000
1301.645	3965.000
1301.784	3893.000
1301.924	4011.000
1302.063	3794.000
1302.203	3947.000
1302.342	3779.000
1302.481	4053.000
1302.621	3794.000
1302.760	4000.000
1302.900	3851.000
1303.039	4062.000
1303.178	4009.000
1303.318	4000.000
1303.457	3803.000
1303.596	3989.000
1303.736	3778.000
1303.875	4052.000
1304.014	3787.000
1304.153	4050.000
1304.293	3785.000
1304.432	3924.000
1304.571	3859.000
1304.710	3959.000
1304.850	3784.000
1304.989	3959.000
1305.128	3806.000
1305.267	4045.000
1305.406	3822.000
1305.546	3958.000
1305.685	3779.000
1305.824	3951.000
1305.963	3768.000
1306.102	4011.000
1306.241	3834.000
1306.380	3978.000
1306.519	3876.000
1306.659	3984.000
1306.798	3796.000
1306.937	4100.000
1307.076	3795.000
1307.215	4002.000
1307.354	3821.000
1307.493	3949.000
1307.632	3825.000
1307.771	3975.000
1307.910	3845.000
1308.049	3924.000
1308.188	3825.000
1308.327	3902.000
1308.466	3847.000
1308.605	3999.000
1308.744	3836.000
1308.883	4012.000
1309.022	3848.000
1309.161	4036.000
1309.299	3842.000
1309.438	3983.000
1309.577	3874.000
1309.716	4008.000
1309.855	3905.000
1309.994	4011.000
1310.133	3861.000
1310.271	3992.000
1310.410	3877.000
1310.549	4058.000
1310.688	3935.000
1310.827	4043.000
1310.965	3847.000
1311.104	3981.000
1311.243	3854.000
1311.382	4028.000
1311.520	3878.000
1311.659	4090.000
1311.798	3880.000
1311.937	4079.000
1312.075	3862.000
1312.214	4025.000
1312.353	3900.000
1312.491	4030.000
1312.630	3850.000
1312.769	4098.000
1312.907	3877.000
1313.046	4113.000
1313.185	3918.000
1313.323	4144.000
1313.462	3886.000
1313.600	4131.000
1313.739	3911.000
1313.878	4068.000
1314.016	3880.000
1314.155	4140.000
1314.293	3876.000
1314.432	4150.000
1314.570	3921.000
1314.709	4160.000
1314.847	3873.000
1314.986	4099.000
1315.124	3923.000
1315.263	4141.000
1315.401	3965.000
1315.540	4179.000
1315.678	3985.000
1315.816	4189.000
1315.955	3963.000
1316.093	4112.000
1316.232	3950.000
1316.370	4207.000
1316.508	3928.000
1316.647	4162.000
1316.785	3912.000
1316.923	4177.000
1317.062	3935.000
1317.200	4171.000
1317.338	3942.000
1317.477	4202.000
1317.615	4024.000
1317.753	4162.000
1317.892	3922.000
1318.030	4102.000
1318.168	3929.000
1318.306	4093.000
1318.445	3974.000
1318.583	4145.000
1318.721	3991.000
1318.859	4136.000
1318.998	3974.000
1319.136	4154.000
1319.274	3976.000
1319.412	4114.000
1319.550	3937.000
1319.688	4178.000
1319.826	3905.000
1319.965	4123.000
1320.103	3915.000
1320.241	4093.000
1320.379	3839.000
1320.517	4117.000
1320.655	3956.000
1320.793	4031.000
1320.931	3949.000
1321.069	4166.000
1321.207	3864.000
1321.345	4098.000
1321.483	3895.000
1321.621	4051.000
1321.759	3831.000
1321.897	3992.000
1322.035	3845.000
1322.173	3995.000
1322.311	3848.000
1322.449	4059.000
1322.587	3872.000
1322.725	4018.000
1322.863	3806.000
1323.001	4057.000
1323.139	3851.000
1323.277	3991.000
1323.415	3873.000
1323.552	3978.000
1323.690	3818.000
1323.828	3994.000
1323.966	3399.000
1324.104	3930.000
1324.242	3768.000
1324.379	3907.000
1324.517	3671.000
1324.655	3905.000
1324.793	3686.000
1324.931	3931.000
1325.068	3771.000
1325.206	3883.000
1325.344	3747.000
1325.481	3856.000
1325.619	3674.000
1325.757	3906.000
1325.895	3685.000
1326.032	3877.000
1326.170	3600.000
1326.308	3859.000
1326.445	3621.000
1326.583	3778.000
1326.721	3664.000
1326.858	3775.000
1326.996	3622.000
1327.133	3818.000
1327.271	3590.000
1327.409	3832.000
1327.546	3560.000
1327.684	3876.000
1327.821	3597.000
1327.959	3716.000
1328.096	3602.000
1328.234	3701.000
1328.371	3525.000
1328.509	3693.000
1328.646	3444.000
1328.784	3682.000
1328.921	3474.000
1329.059	3763.000
1329.196	3523.000
1329.334	3730.000
1329.471	3476.000
1329.609	3646.000
1329.746	3470.000
1329.883	3647.000
1330.021	3372.000
1330.158	3647.000
1330.296	3390.000
1330.433	3612.000
1330.570	3401.000
1330.708	3612.000
1330.845	3521.000
1330.982	3607.000
1331.120	3408.000
1331.257	3709.000
1331.394	3379.000
1331.531	3599.000
1331.669	3430.000
1331.806	3651.000
1331.943	3423.000
1332.080	3711.000
1332.218	4643.000
1332.355	3669.000
1332.492	3447.000
1332.629	3600.000
1332.767	3464.000
1332.904	3591.000
1333.041	3322.000
1333.178	3560.000
1333.315	3499.000
1333.452	3656.000
1333.589	3465.000
1333.727	3574.000
1333.864	3382.000
1334.001	3584.000
1334.138	3462.000
1334.275	3673.000
1334.412	3438.000
1334.549	3571.000
1334.686	3403.000
1334.823	3640.000
1334.960	3438.000
1335.097	3620.000
1335.234	3429.000
1335.371	3609.000
1335.508	3436.000
1335.645	3582.000
1335.782	3368.000
1335.919	3538.000
1336.056	3330.000
1336.193	3631.000
1336.330	3400.000
1336.467	3599.000
1336.604	3358.000
1336.741	3614.000
1336.878	3396.000
1337.015	3641.000
1337.151	3379.000
1337.288	3579.000
1337.425	3320.000
1337.562	3601.000
1337.699	3328.000
1337.836	3615.000
1337.972	3338.000
1338.109	3621.000
1338.246	3400.000
1338.383	3569.000
1338.520	3362.000
1338.656	3642.000
1338.793	3317.000
1338.930	3602.000
1339.067	3391.000
1339.203	3545.000
1339.340	3359.000
1339.477	3582.000
1339.613	3335.000
1339.750	3546.000
1339.887	3362.000
1340.023	3514.000
1340.160	3373.000
1340.297	3548.000
1340.433	3403.000
1340.570	3561.000
1340.706	3394.000
1340.843	3625.000
1340.980	3311.000
1341.116	3586.000
1341.253	3308.000
1341.389	3536.000
1341.526	3455.000
1341.662	3624.000
1341.799	3385.000
1341.936	3550.000
1342.072	3410.000
1342.209	3587.000
1342.345	3400.000
1342.482	3636.000
1342.618	3422.000
1342.754	3616.000
1342.891	3363.000
1343.027	3553.000
1343.164	3403.000
1343.300	3606.000
1343.437	3365.000
1343.573	3483.000
1343.709	3412.000
1343.846	3616.000
1343.982	3438.000
1344.118	3560.000
1344.255	3398.000
1344.391	3487.000
1344.527	3436.000
1344.664	3631.000
