1199.956	5209.000
1200.103	5198.000
1200.250	5167.000
1200.396	5270.000
1200.543	5161.000
1200.689	5263.000
1200.836	5119.000
1200.982	5256.000
1201.129	5147.000
1201.275	5202.000
1201.422	5058.000
1201.568	5273.000
1201.715	5119.000
1201.861	5182.000
1202.008	5100.000
1202.154	5278.000
1202.301	5040.000
1202.447	5241.000
1202.593	5051.000
1202.740	5253.000
1202.886	5055.000
1203.033	5149.000
1203.179	5208.000
1203.325	5213.000
1203.472	5179.000
1203.618	5196.000
1203.764	5155.000
1203.911	5168.000
1204.057	5139.000
1204.203	5182.000
1204.350	5130.000
1204.496	5254.000
1204.642	5165.000
1204.789	5180.000
1204.935	5101.000
1205.081	5173.000
1205.227	5171.000
1205.374	5146.000
1205.520	5141.000
1205.666	5222.000
1205.812	5081.000
1205.958	5213.000
1206.105	5059.000
1206.251	5216.000
1206.397	5040.000
1206.543	5170.000
1206.689	5115.000
1206.835	5136.000
1206.981	5081.000
1207.127	5164.000
1207.274	5033.000
1207.420	5124.000
1207.566	5080.000
1207.712	5180.000
1207.858	5017.000
1208.004	5130.000
1208.150	5019.000
1208.296	5133.000
1208.442	4997.000
1208.588	5068.000
1208.734	5076.000
1208.880	5086.000
1209.026	5003.000
1209.172	5052.000
1209.318	4955.000
1209.464	5139.000
1209.610	5002.000
1209.756	5038.000
1209.902	4987.000
1210.048	5083.000
1210.193	4994.000
1210.339	5058.000
1210.485	5016.000
1210.631	5075.000
1210.777	4914.000
1210.923	5052.000
1211.069	4924.000
1211.214	5019.000
1211.360	4961.000
1211.506	5119.000
1211.652	4925.000
1211.798	5040.000
1211.943	4953.000
1212.089	5017.000
1212.235	4906.000
1212.381	5008.000
1212.526	4907.000
1212.672	5015.000
1212.818	4934.000
1212.964	4974.000
1213.109	4903.000
1213.255	5027.000
1213.401	4941.000
1213.546	5012.000
1213.692	4977.000
1213.838	4973.000
1213.983	4869.000
1214.129	4963.000
1214.274	4917.000
1214.420	5038.000
1214.566	4870.000
1214.711	4915.000
1214.857	4842.000
1215.002	4917.000
1215.148	4854.000
1215.293	5024.000
1215.439	4856.000
1215.585	4940.000
1215.730	4866.000
1215.876	4913.000
1216.021	4840.000
1216.166	4958.000
1216.312	4730.000
1216.457	4958.000
1216.603	4801.000
1216.748	4907.000
1216.894	4827.000
1217.039	4945.000
1217.185	4871.000
1217.330	4919.000
1217.475	4808.000
1217.621	4882.000
1217.766	4796.000
1217.912	4938.000
1218.057	4750.000
1218.202	4927.000
1218.348	4736.000
1218.493	4829.000
1218.638	4885.000
1218.783	4944.000
1218.929	4775.000
1219.074	4886.000
1219.219	4787.000
1219.365	4838.000
1219.510	4748.000
1219.655	4845.000
1219.800	4803.000
1219.946	4897.000
1220.091	4713.000
1220.236	4853.000
1220.381	4764.000
1220.526	4882.000
1220.672	4698.000
1220.817	4774.000
1220.962	4733.000
1221.107	4859.000
1221.252	4778.000
1221.397	4818.000
1221.542	4687.000
1221.687	4851.000
1221.833	4729.000
1221.978	4827.000
1222.123	4679.000
1222.268	4771.000
1222.413	4656.000
1222.558	4821.000
1222.703	4682.000
1222.848	4835.000
1222.993	4674.000
1223.138	4806.000
1223.283	4646.000
1223.428	4742.000
1223.573	4645.000
1223.718	4775.000
1223.863	4577.000
1224.008	4737.000
1224.153	4625.000
1224.298	4729.000
1224.442	4639.000
1224.587	4774.000
1224.732	4543.000
1224.877	4767.000
1225.022	4609.000
1225.167	4672.000
1225.312	4638.000
1225.457	4743.000
1225.601	4535.000
1225.746	4713.000
1225.891	4504.000
1226.036	4645.000
1226.181	4564.000
1226.325	4729.000
1226.470	4564.000
1226.615	4710.000
1226.760	4457.000
1226.904	4615.000
1227.049	4566.000
1227.194	4639.000
1227.339	4567.000
1227.483	4704.000
1227.628	4488.000
1227.773	4637.000
1227.917	4477.000
1228.062	4663.000
1228.207	4511.000
1228.351	4706.000
1228.496	4472.000
1228.641	4597.000
1228.785	4390.000
1228.930	4664.000
1229.074	4556.000
1229.219	4603.000
1229.363	4526.000
1229.508	4580.000
1229.653	4430.000
1229.797	4621.000
1229.942	4462.000
1230.086	4654.000
1230.231	4435.000
1230.375	4627.000
1230.520	4451.000
1230.664	4577.000
1230.809	4409.000
1230.953	4649.000
1231.098	4442.000
1231.242	4600.000
1231.386	4409.000
1231.531	4550.000
1231.675	4368.000
1231.820	4555.000
1231.964	4434.000
1232.108	4598.000
1232.253	4430.000
1232.397	4608.000
1232.541	4348.000
1232.686	4601.000
1232.830	4390.000
1232.974	4580.000
1233.119	4410.000
1233.263	4643.000
1233.407	4442.000
1233.552	4590.000
1233.696	4425.000
1233.840	4601.000
1233.984	4387.000
1234.129	4552.000
1234.273	4443.000
1234.417	4612.000
1234.561	4390.000
1234.705	4530.000
1234.850	4430.000
1234.994	4555.000
1235.138	4424.000
1235.282	4553.000
1235.426	4347.000
1235.570	4602.000
1235.715	4407.000
1235.859	4578.000
1236.003	4460.000
1236.147	4635.000
1236.291	4449.000
1236.435	4539.000
1236.579	4409.000
1236.723	4547.000
1236.867	4393.000
1237.011	4606.000
1237.155	4504.000
1237.299	4632.000
1237.443	4388.000
1237.587	4651.000
1237.731	4513.000
1237.875	4549.000
1238.019	4400.000
1238.163	4620.000
1238.307	4452.000
1238.451	4584.000
1238.595	4422.000
1238.739	4618.000
1238.883	4411.000
1239.027	4561.000
1239.171	4430.000
1239.315	4605.000
1239.458	4425.000
1239.602	4568.000
1239.746	4442.000
1239.890	4601.000
1240.034	4420.000
1240.178	4646.000
1240.321	4471.000
1240.465	4566.000
1240.609	4473.000
1240.753	4625.000
1240.896	4393.000
1241.040	4577.000
1241.184	4521.000
1241.328	4614.000
1241.471	4388.000
1241.615	4557.000
1241.759	4423.000
1241.903	4591.000
1242.046	4436.000
1242.190	4569.000
1242.334	4429.000
1242.477	4596.000
1242.621	4433.000
1242.765	4603.000
1242.908	4316.000
1243.052	4643.000
1243.195	4407.000
1243.339	4576.000
1243.483	4425.000
1243.626	4622.000
1243.770	4398.000
1243.913	4579.000
1244.057	4507.000
1244.200	4511.000
1244.344	4366.000
1244.487	4626.000
1244.631	4419.000
1244.774	4578.000
1244.918	4378.000
1245.061	4649.000
1245.205	4493.000
1245.348	4615.000
1245.492	4395.000
1245.635	4576.000
1245.779	4443.000
1245.922	4586.000
1246.065	4344.000
1246.209	4630.000
1246.352	4407.000
1246.496	4503.000
1246.639	4437.000
1246.782	4536.000
1246.926	4410.000
1247.069	4670.000
1247.212	4387.000
1247.356	4462.000
1247.499	4403.000
1247.642	4589.000
1247.785	4447.000
1247.929	4535.000
1248.072	4303.000
1248.215	4607.000
1248.358	4355.000
1248.502	4518.000
1248.645	4350.000
1248.788	4572.000
1248.931	4433.000
1249.075	4541.000
1249.218	4454.000
1249.361	4557.000
1249.504	4379.000
1249.647	4590.000
1249.790	4346.000
1249.933	4488.000
1250.077	4423.000
1250.220	4529.000
1250.363	4305.000
1250.506	4585.000
1250.649	4269.000
1250.792	4482.000
1250.935	4340.000
1251.078	4537.000
1251.221	4353.000
1251.364	4525.000
1251.507	4360.000
1251.650	4433.000
1251.793	4332.000
1251.936	4505.000
1252.079	4425.000
1252.222	4435.000
1252.365	4353.000
1252.508	4494.000
1252.651	4376.000
1252.794	4518.000
1252.937	4307.000
1253.080	4464.000
1253.223	4343.000
1253.366	4508.000
1253.509	4357.000
1253.651	4516.000
1253.794	4296.000
1253.937	4536.000
1254.080	4259.000
1254.223	4490.000
1254.366	4287.000
1254.508	4526.000
1254.651	4336.000
1254.794	4570.000
1254.937	4284.000
1255.080	4586.000
1255.222	4323.000
1255.365	4500.000
1255.508	4350.000
1255.651	4493.000
1255.793	4344.000
1255.936	4462.000
1256.079	4353.000
1256.221	4523.000
1256.364	4286.000
1256.507	4473.000
1256.649	4341.000
1256.792	4498.000
1256.935	4388.000
1257.077	4532.000
1257.220	4398.000
1257.362	4479.000
1257.505	4287.000
1257.648	4558.000
1257.790	4190.000
1257.933	4540.000
1258.075	4381.000
1258.218	4478.000
1258.360	4406.000
1258.503	4426.000
1258.646	4221.000
1258.788	4438.000
1258.931	4332.000
1259.073	4567.000
1259.216	4320.000
1259.358	4486.000
1259.500	4249.000
1259.643	4530.000
1259.785	4321.000
1259.928	4457.000
1260.070	4275.000
1260.213	4524.000
1260.355	4355.000
1260.497	4449.000
1260.640	4293.000
1260.782	4491.000
1260.924	4259.000
1261.067	4513.000
1261.209	4361.000
1261.351	4414.000
1261.494	4211.000
1261.636	4448.000
1261.778	4277.000
1261.921	4565.000
1262.063	4275.000
1262.205	4501.000
1262.348	4294.000
1262.490	4467.000
1262.632	4292.000
1262.774	4465.000
1262.916	4289.000
1263.059	4488.000
1263.201	4317.000
1263.343	4448.000
1263.485	4310.000
1263.627	4525.000
1263.770	4330.000
1263.912	4506.000
1264.054	4283.000
1264.196	4387.000
1264.338	4269.000
1264.480	4517.000
1264.622	4251.000
1264.764	4437.000
1264.906	4267.000
1265.048	4443.000
1265.191	4242.000
1265.333	4400.000
1265.475	4308.000
1265.617	4427.000
1265.759	4245.000
1265.901	4476.000
1266.043	4324.000
1266.185	4440.000
1266.327	4245.000
1266.469	4474.000
1266.611	4311.000
1266.753	4423.000
1266.894	4238.000
1267.036	4490.000
1267.178	4238.000
1267.320	4413.000
1267.462	4236.000
1267.604	4445.000
1267.746	4259.000
1267.888	4429.000
1268.030	4235.000
1268.171	4421.000
1268.313	4209.000
1268.455	4378.000
1268.597	4290.000
1268.739	4395.000
1268.881	4214.000
1269.022	4408.000
1269.164	4176.000
1269.306	4446.000
1269.448	4313.000
1269.589	4359.000
1269.731	4222.000
1269.873	4345.000
1270.015	4280.000
1270.156	4421.000
1270.298	4259.000
1270.440	4439.000
1270.581	4218.000
1270.723	4396.000
1270.865	4228.000
1271.006	4426.000
1271.148	4257.000
1271.289	4427.000
1271.431	4238.000
1271.573	4429.000
1271.714	4231.000
1271.856	4284.000
1271.997	4149.000
1272.139	4401.000
1272.281	4130.000
1272.422	4368.000
1272.564	4198.000
1272.705	4369.000
1272.847	4196.000
1272.988	4365.000
1273.130	4185.000
1273.271	4427.000
1273.413	4083.000
1273.554	4446.000
1273.696	4205.000
1273.837	4351.000
1273.978	4238.000
1274.120	4399.000
1274.261	4205.000
1274.403	4346.000
1274.544	4153.000
1274.685	4355.000
1274.827	4183.000
1274.968	4369.000
1275.110	4127.000
1275.251	4350.000
1275.392	4332.000
1275.534	4371.000
1275.675	4198.000
1275.816	4425.000
1275.957	4144.000
1276.099	4372.000
1276.240	4152.000
1276.381	4396.000
1276.523	4156.000
1276.664	4450.000
1276.805	4193.000
1276.946	4413.000
1277.087	4190.000
1277.229	4378.000
1277.370	4218.000
1277.511	4393.000
1277.652	4134.000
1277.793	4322.000
1277.935	4166.000
1278.076	4405.000
1278.217	4259.000
1278.358	4357.000
1278.499	4135.000
1278.640	4382.000
1278.781	4193.000
1278.922	4339.000
1279.063	4185.000
1279.204	4370.000
1279.345	4139.000
1279.487	4360.000
1279.628	4116.000
1279.769	4393.000
1279.910	4184.000
1280.051	4441.000
1280.192	4205.000
1280.333	4372.000
1280.474	4156.000
1280.615	4325.000
1280.755	4201.000
1280.896	4461.000
1281.037	4186.000
1281.178	4402.000
1281.319	4079.000
1281.460	4375.000
1281.601	4168.000
1281.742	4376.000
1281.883	4167.000
1282.024	4351.000
1282.164	4284.000
1282.305	4328.000
1282.446	4185.000
1282.587	4408.000
1282.728	4131.000
1282.869	4362.000
1283.009	4155.000
1283.150	4429.000
1283.291	4206.000
1283.432	4300.000
1283.572	4174.000
1283.713	4378.000
1283.854	4162.000
1283.995	4291.000
1284.135	4100.000
1284.276	4369.000
1284.417	4254.000
1284.557	4364.000
1284.698	4227.000
1284.839	4438.000
1284.979	4174.000
1285.120	4346.000
1285.261	4167.000
1285.401	4359.000
1285.542	4080.000
1285.682	4320.000
1285.823	4259.000
1285.964	4399.000
1286.104	4141.000
1286.245	4371.000
1286.385	4148.000
1286.526	4361.000
1286.666	4106.000
1286.807	4336.000
1286.947	4147.000
1287.088	4291.000
1287.228	4109.000
1287.369	4322.000
1287.509	4222.000
1287.650	4314.000
1287.790	4116.000
1287.931	4349.000
1288.071	4147.000
1288.212	4376.000
1288.352	4144.000
1288.492	4353.000
1288.633	4146.000
1288.773	4300.000
1288.913	4137.000
1289.054	4373.000
1289.194	4117.000
1289.334	4304.000
1289.475	4140.000
1289.615	4272.000
1289.755	4098.000
1289.896	4256.000
1290.036	4075.000
1290.176	4335.000
1290.317	4166.000
1290.457	4285.000
1290.597	4119.000
1290.737	4302.000
1290.878	4119.000
1291.018	4262.000
1291.158	4060.000
1291.298	4254.000
1291.438	4059.000
1291.579	4272.000
1291.719	4095.000
1291.859	4282.000
1291.999	4051.000
1292.139	4227.000
1292.279	4054.000
1292.419	4295.000
1292.560	4074.000
1292.700	4237.000
1292.840	4091.000
1292.980	4242.000
1293.120	3976.000
1293.260	4216.000
1293.400	4117.000
1293.540	4300.000
1293.680	4041.000
1293.820	4217.000
1293.960	4117.000
1294.100	4197.000
1294.240	3992.000
1294.380	4242.000
1294.520	4025.000
1294.660	4209.000
1294.800	3992.000
1294.940	4180.000
1295.080	3997.000
1295.220	4230.000
1295.360	4043.000
1295.499	4256.000
1295.639	3969.000
1295.779	4227.000
1295.919	3992.000
1296.059	4213.000
1296.199	3971.000
1296.339	4222.000
1296.478	3959.000
1296.618	4199.000
1296.758	3990.000
1296.898	4134.000
1297.038	3953.000
1297.177	4246.000
1297.317	3964.000
1297.457	4133.000
1297.597	3997.000
1297.736	4155.000
1297.876	3981.000
1298.016	4201.000
1298.156	3953.000
1298.295	4122.000
1298.435	3956.000
1298.575	4165.000
1298.714	3981.000
1298.854	4123.000
1298.994	3977.000
1299.133	4110.000
1299.273	3975.000
1299.412	4177.000
1299.552	3952.000
1299.692	4095.000
1299.831	4008.000
1299.971	4134.000
1300.110	3946.000
1300.250	4166.000
1300.389	3958.000
1300.529	4143.000
1300.669	3968.000
1300.808	4152.000
1300.948	3967.000
1301.087	4082.000
1301.227	3912.000
1301.366	4166.000
1301.505	3938.000
1301.645	4068.000
1301.784	3983.000
1301.924	4138.000
1302.063	3923.000
1302.203	4057.000
1302.342	3875.000
1302.481	4167.000
1302.621	3914.000
1302.760	4090.000
1302.900	3931.000
1303.039	4161.000
1303.178	4112.000
1303.318	4096.000
1303.457	3915.000
1303.596	4092.000
1303.736	3866.000
1303.875	4132.000
1304.014	3888.000
1304.153	4130.000
1304.293	3876.000
1304.432	4000.000
1304.571	3942.000
1304.710	4081.000
1304.850	3873.000
1304.989	4069.000
1305.128	3894.000
1305.267	4104.000
1305.406	3875.000
1305.546	4049.000
1305.685	3862.000
1305.824	4007.000
1305.963	3848.000
1306.102	4052.000
1306.241	3869.000
1306.380	4035.000
1306.519	3941.000
1306.659	4028.000
1306.798	3846.000
1306.937	4158.000
1307.076	3876.000
1307.215	4053.000
1307.354	3864.000
1307.493	3998.000
1307.632	3881.000
1307.771	4018.000
1307.910	3869.000
1308.049	3971.000
1308.188	3889.000
1308.327	3966.000
1308.466	3902.000
1308.605	4037.000
1308.744	3865.000
1308.883	4029.000
1309.022	3857.000
1309.161	4077.000
1309.299	3839.000
1309.438	4017.000
1309.577	3893.000
1309.716	4002.000
1309.855	3906.000
1309.994	4029.000
1310.133	3871.000
1310.271	3971.000
1310.410	3883.000
1310.549	4048.000
1310.688	3941.000
1310.827	4021.000
1310.965	3836.000
1311.104	3985.000
1311.243	3865.000
1311.382	4005.000
1311.520	3854.000
1311.659	4075.000
1311.798	3888.000
1311.937	4044.000
1312.075	3837.000
1312.214	3991.000
1312.353	3847.000
1312.491	4010.000
1312.630	3801.000
1312.769	4063.000
1312.907	3838.000
1313.046	4090.000
1313.185	3909.000
1313.323	4092.000
1313.462	3826.000
1313.600	4089.000
1313.739	3844.000
1313.878	4009.000
1314.016	3827.000
1314.155	4087.000
1314.293	3815.000
1314.432	4076.000
1314.570	3856.000
1314.709	4069.000
1314.847	3807.000
1314.986	4032.000
1315.124	3846.000
1315.263	4078.000
1315.401	3867.000
1315.540	4059.000
1315.678	3902.000
1315.816	4081.000
1315.955	3943.000
1316.093	4005.000
1316.232	3834.000
1316.370	4080.000
1316.508	3830.000
1316.647	4043.000
1316.785	3831.000
1316.923	4070.000
1317.062	3802.000
1317.200	4079.000
1317.338	3824.000
1317.477	4106.000
1317.615	3907.000
1317.753	4055.000
1317.892	3799.000
1318.030	4030.000
1318.168	3830.000
1318.306	3990.000
1318.445	3869.000
1318.583	4052.000
1318.721	3878.000
1318.859	4025.000
1318.998	3862.000
1319.136	4055.000
1319.274	3877.000
1319.412	3998.000
1319.550	3827.000
1319.688	4071.000
1319.826	3834.000
1319.965	4021.000
1320.103	3791.000
1320.241	3988.000
1320.379	3752.000
1320.517	4032.000
1320.655	3849.000
1320.793	3956.000
1320.931	3837.000
1321.069	4094.000
1321.207	3773.000
1321.345	4014.000
1321.483	3828.000
1321.621	3981.000
1321.759	3777.000
1321.897	3926.000
1322.035	3759.000
1322.173	3917.000
1322.311	3755.000
1322.449	3961.000
1322.587	3799.000
1322.725	3941.000
1322.863	3757.000
1323.001	3999.000
1323.139	3795.000
1323.277	3947.000
1323.415	3835.000
1323.552	3935.000
1323.690	3771.000
1323.828	3941.000
1323.966	3335.000
1324.104	3893.000
1324.242	3715.000
1324.379	3856.000
1324.517	3638.000
1324.655	3898.000
1324.793	3684.000
1324.931	3927.000
1325.068	3762.000
1325.206	3864.000
1325.344	3697.000
1325.481	3832.000
1325.619	3685.000
1325.757	3888.000
1325.895	3695.000
1326.032	3857.000
1326.170	3594.000
1326.308	3846.000
1326.445	3605.000
1326.583	3805.000
1326.721	3653.000
1326.858	3783.000
1326.996	3654.000
1327.133	3828.000
1327.271	3597.000
1327.409	3869.000
1327.546	3562.000
1327.684	3912.000
1327.821	3654.000
1327.959	3751.000
1328.096	3658.000
1328.234	3748.000
1328.371	3613.000
1328.509	3705.000
1328.646	3531.000
1328.784	3702.000
1328.921	3551.000
1329.059	3789.000
1329.196	3584.000
1329.334	3815.000
1329.471	3551.000
1329.609	3697.000
1329.746	3532.000
1329.883	3698.000
1330.021	3447.000
1330.158	3696.000
1330.296	3469.000
1330.433	3684.000
1330.570	3470.000
1330.708	3696.000
1330.845	3620.000
1330.982	3707.000
1331.120	3480.000
1331.257	3779.000
1331.394	3436.000
1331.531	3712.000
1331.669	3546.000
1331.806	3750.000
1331.943	3496.000
1332.080	3816.000
1332.218	4820.000
1332.355	3761.000
1332.492	3515.000
1332.629	3698.000
1332.767	3530.000
1332.904	3680.000
1333.041	3444.000
1333.178	3664.000
1333.315	3589.000
1333.452	3759.000
1333.589	3534.000
1333.727	3651.000
1333.864	3473.000
1334.001	3675.000
1334.138	3569.000
1334.275	3746.000
1334.412	3513.000
1334.549	3677.000
1334.686	3472.000
1334.823	3723.000
1334.960	3526.000
1335.097	3741.000
1335.234	3549.000
1335.371	3706.000
1335.508	3526.000
1335.645	3676.000
1335.782	3458.000
1335.919	3630.000
1336.056	3471.000
1336.193	3741.000
1336.330	3472.000
1336.467	3685.000
1336.604	3473.000
1336.741	3728.000
1336.878	3497.000
1337.015	3742.000
1337.151	3509.000
1337.288	3695.000
1337.425	3404.000
1337.562	3685.000
1337.699	3453.000
1337.836	3699.000
1337.972	3448.000
1338.109	3715.000
1338.246	3473.000
1338.383	3677.000
1338.520	3488.000
1338.656	3723.000
1338.793	3408.000
1338.930	3679.000
1339.067	3532.000
1339.203	3649.000
1339.340	3467.000
1339.477	3688.000
1339.613	3491.000
1339.750	3649.000
1339.887	3472.000
1340.023	3623.000
1340.160	3476.000
1340.297	3639.000
1340.433	3490.000
1340.570	3644.000
1340.706	3510.000
1340.843	3731.000
1340.980	3429.000
1341.116	3672.000
1341.253	3419.000
1341.389	3633.000
1341.526	3544.000
1341.662	3707.000
1341.799	3486.000
1341.936	3661.000
1342.072	3510.000
1342.209	3718.000
1342.345	3513.000
1342.482	3707.000
1342.618	3523.000
1342.754	3749.000
1342.891	3477.000
1343.027	3655.000
1343.164	3454.000
1343.300	3708.000
1343.437	3458.000
1343.573	3595.000
1343.709	3531.000
1343.846	3714.000
1343.982	3549.000
1344.118	3659.000
1344.255	3461.000
1344.391	3587.000
1344.527	3516.000
1344.664	3709.000
