1199.956	5764.000
1200.103	5742.000
1200.250	5724.000
1200.396	5859.000
1200.543	5754.000
1200.689	5843.000
1200.836	5701.000
1200.982	5797.000
1201.129	5718.000
1201.275	5787.000
1201.422	5694.000
1201.568	5847.000
1201.715	5730.000
1201.861	5735.000
1202.008	5746.000
1202.154	5870.000
1202.301	5684.000
1202.447	5836.000
1202.593	5699.000
1202.740	5873.000
1202.886	5698.000
1203.033	5781.000
1203.179	5895.000
1203.325	5839.000
1203.472	5829.000
1203.618	5832.000
1203.764	5828.000
1203.911	5811.000
1204.057	5801.000
1204.203	5850.000
1204.350	5815.000
1204.496	5939.000
1204.642	5883.000
1204.789	5862.000
1204.935	5789.000
1205.081	5910.000
1205.227	5920.000
1205.374	5864.000
1205.520	5891.000
1205.666	5953.000
1205.812	5876.000
1205.958	5954.000
1206.105	5850.000
1206.251	5975.000
1206.397	5847.000
1206.543	5922.000
1206.689	5908.000
1206.835	5885.000
1206.981	5880.000
1207.127	5936.000
1207.274	5865.000
1207.420	5904.000
1207.566	5905.000
1207.712	5968.000
1207.858	5875.000
1208.004	5927.000
1208.150	5866.000
1208.296	5924.000
1208.442	5819.000
1208.588	5913.000
1208.734	5915.000
1208.880	5906.000
1209.026	5863.000
1209.172	5864.000
1209.318	5816.000
1209.464	5992.000
1209.610	5905.000
1209.756	5906.000
1209.902	5863.000
1210.048	5926.000
1210.193	5918.000
1210.339	5909.000
1210.485	5908.000
1210.631	5929.000
1210.777	5842.000
1210.923	5915.000
1211.069	5903.000
1211.214	5897.000
1211.360	5887.000
1211.506	5986.000
1211.652	5849.000
1211.798	5906.000
1211.943	5875.000
1212.089	5928.000
1212.235	5824.000
1212.381	5889.000
1212.526	5838.000
1212.672	5875.000
1212.818	5906.000
1212.964	5872.000
1213.109	5830.000
1213.255	5909.000
1213.401	5874.000
1213.546	5881.000
1213.692	5864.000
1213.838	5857.000
1213.983	5797.000
1214.129	5871.000
1214.274	5834.000
1214.420	5900.000
1214.566	5796.000
1214.711	5783.000
1214.857	5744.000
1215.002	5764.000
1215.148	5778.000
1215.293	5878.000
1215.439	5736.000
1215.585	5795.000
1215.730	5753.000
1215.876	5735.000
1216.021	5737.000
1216.166	5772.000
1216.312	5561.000
1216.457	5809.000
1216.603	5703.000
1216.748	5691.000
1216.894	5718.000
1217.039	5714.000
1217.185	5695.000
1217.330	5685.000
1217.475	5633.000
1217.621	5651.000
1217.766	5627.000
1217.912	5717.000
1218.057	5562.000
1218.202	5680.000
1218.348	5515.000
1218.493	5553.000
1218.638	5616.000
1218.783	5623.000
1218.929	5532.000
1219.074	5574.000
1219.219	5485.000
1219.365	5492.000
1219.510	5445.000
1219.655	5505.000
1219.800	5486.000
1219.946	5522.000
1220.091	5393.000
1220.236	5461.000
1220.381	5447.000
1220.526	5478.000
1220.672	5350.000
1220.817	5382.000
1220.962	5342.000
1221.107	5454.000
1221.252	5375.000
1221.397	5373.000
1221.542	5291.000
1221.687	5379.000
1221.833	5284.000
1221.978	5324.000
1222.123	5192.000
1222.268	5281.000
1222.413	5184.000
1222.558	5317.000
1222.703	5231.000
1222.848	5288.000
1222.993	5158.000
1223.138	5276.000
1223.283	5166.000
1223.428	5187.000
1223.573	5120.000
1223.718	5218.000
1223.863	5031.000
1224.008	5140.000
1224.153	5077.000
1224.298	5137.000
1224.442	5068.000
1224.587	5187.000
1224.732	4954.000
1224.877	5112.000
1225.022	5007.000
1225.167	4988.000
1225.312	5008.000
1225.457	5066.000
1225.601	4880.000
1225.746	5046.000
1225.891	4843.000
1226.036	4970.000
1226.181	4904.000
1226.325	5027.000
1226.470	4900.000
1226.615	5008.000
1226.760	4787.000
1226.904	4878.000
1227.049	4827.000
1227.194	4910.000
1227.339	4851.000
1227.483	4962.000
1227.628	4774.000
1227.773	4885.000
1227.917	4742.000
1228.062	4876.000
1228.207	4764.000
1228.351	4942.000
1228.496	4702.000
1228.641	4830.000
1228.785	4648.000
1228.930	4913.000
1229.074	4820.000
1229.219	4779.000
1229.363	4752.000
1229.508	4814.000
1229.653	4675.000
1229.797	4784.000
1229.942	4694.000
1230.086	4876.000
1230.231	4642.000
1230.375	4811.000
1230.520	4648.000
1230.664	4786.000
1230.809	4601.000
1230.953	4852.000
1231.098	4652.000
1231.242	4776.000
1231.386	4598.000
1231.531	4733.000
1231.675	4583.000
1231.820	4741.000
1231.964	4627.000
1232.108	4777.000
1232.253	4627.000
1232.397	4779.000
1232.541	4487.000
1232.686	4772.000
1232.830	4563.000
1232.974	4725.000
1233.119	4566.000
1233.263	4825.000
1233.407	4624.000
1233.552	4730.000
1233.696	4598.000
1233.840	4772.000
1233.984	4560.000
1234.129	4673.000
1234.273	4611.000
1234.417	4745.000
1234.561	4558.000
1234.705	4670.000
1234.850	4579.000
1234.994	4709.000
1235.138	4579.000
1235.282	4708.000
1235.426	4530.000
1235.570	4745.000
1235.715	4600.000
1235.859	4754.000
1236.003	4642.000
1236.147	4788.000
1236.291	4614.000
1236.435	4669.000
1236.579	4583.000
1236.723	4688.000
1236.867	4540.000
1237.011	4737.000
1237.155	4686.000
1237.299	4760.000
1237.443	4574.000
1237.587	4791.000
1237.731	4672.000
1237.875	4733.000
1238.019	4562.000
1238.163	4767.000
1238.307	4583.000
1238.451	4739.000
1238.595	4576.000
1238.739	4757.000
1238.883	4572.000
1239.027	4715.000
1239.171	4584.000
1239.315	4729.000
1239.458	4595.000
1239.602	4707.000
1239.746	4611.000
1239.890	4738.000
1240.034	4591.000
1240.178	4799.000
1240.321	4614.000
1240.465	4707.000
1240.609	4606.000
1240.753	4756.000
1240.896	4556.000
1241.040	4729.000
1241.184	4674.000
1241.328	4728.000
1241.471	4588.000
1241.615	4681.000
1241.759	4552.000
1241.903	4738.000
1242.046	4591.000
1242.190	4698.000
1242.334	4643.000
1242.477	4747.000
1242.621	4563.000
1242.765	4731.000
1242.908	4463.000
1243.052	4737.000
1243.195	4562.000
1243.339	4698.000
1243.483	4550.000
1243.626	4722.000
1243.770	4531.000
1243.913	4677.000
1244.057	4651.000
1244.200	4617.000
1244.344	4506.000
1244.487	4705.000
1244.631	4536.000
1244.774	4661.000
1244.918	4488.000
1245.061	4726.000
1245.205	4615.000
1245.348	4706.000
1245.492	4493.000
1245.635	4691.000
1245.779	4561.000
1245.922	4680.000
1246.065	4501.000
1246.209	4716.000
1246.352	4506.000
1246.496	4591.000
1246.639	4542.000
1246.782	4636.000
1246.926	4514.000
1247.069	4736.000
1247.212	4470.000
1247.356	4528.000
1247.499	4499.000
1247.642	4683.000
1247.785	4528.000
1247.929	4601.000
1248.072	4414.000
1248.215	4650.000
1248.358	4473.000
1248.502	4613.000
1248.645	4454.000
1248.788	4639.000
1248.931	4491.000
1249.075	4632.000
1249.218	4520.000
1249.361	4635.000
1249.504	4446.000
1249.647	4637.000
1249.790	4457.000
1249.933	4538.000
1250.077	4511.000
1250.220	4609.000
1250.363	4360.000
1250.506	4605.000
1250.649	4363.000
1250.792	4537.000
1250.935	4414.000
1251.078	4615.000
1251.221	4434.000
1251.364	4573.000
1251.507	4428.000
1251.650	4525.000
1251.793	4413.000
1251.936	4565.000
1252.079	4478.000
1252.222	4510.000
1252.365	4423.000
1252.508	4542.000
1252.651	4438.000
1252.794	4586.000
1252.937	4373.000
1253.080	4517.000
1253.223	4427.000
1253.366	4548.000
1253.509	4423.000
1253.651	4549.000
1253.794	4330.000
1253.937	4598.000
1254.080	4342.000
1254.223	4558.000
1254.366	4381.000
1254.508	4580.000
1254.651	4401.000
1254.794	4650.000
1254.937	4352.000
1255.080	4651.000
1255.222	4405.000
1255.365	4550.000
1255.508	4404.000
1255.651	4574.000
1255.793	4398.000
1255.936	4537.000
1256.079	4411.000
1256.221	4585.000
1256.364	4363.000
1256.507	4544.000
1256.649	4391.000
1256.792	4586.000
1256.935	4488.000
1257.077	4622.000
1257.220	4478.000
1257.362	4549.000
1257.505	4354.000
1257.648	4630.000
1257.790	4291.000
1257.933	4579.000
1258.075	4439.000
1258.218	4559.000
1258.360	4476.000
1258.503	4498.000
1258.646	4337.000
1258.788	4517.000
1258.931	4426.000
1259.073	4638.000
1259.216	4395.000
1259.358	4561.000
1259.500	4342.000
1259.643	4574.000
1259.785	4423.000
1259.928	4546.000
1260.070	4341.000
1260.213	4595.000
1260.355	4455.000
1260.497	4556.000
1260.640	4384.000
1260.782	4565.000
1260.924	4351.000
1261.067	4592.000
1261.209	4440.000
1261.351	4504.000
1261.494	4313.000
1261.636	4551.000
1261.778	4383.000
1261.921	4681.000
1262.063	4373.000
1262.205	4611.000
1262.348	4417.000
1262.490	4566.000
1262.632	4425.000
1262.774	4596.000
1262.916	4395.000
1263.059	4566.000
1263.201	4424.000
1263.343	4557.000
1263.485	4434.000
1263.627	4606.000
1263.770	4426.000
1263.912	4586.000
1264.054	4386.000
1264.196	4494.000
1264.338	4344.000
1264.480	4612.000
1264.622	4329.000
1264.764	4525.000
1264.906	4373.000
1265.048	4512.000
1265.191	4387.000
1265.333	4539.000
1265.475	4408.000
1265.617	4555.000
1265.759	4385.000
1265.901	4576.000
1266.043	4436.000
1266.185	4548.000
1266.327	4362.000
1266.469	4577.000
1266.611	4444.000
1266.753	4536.000
1266.894	4387.000
1267.036	4586.000
1267.178	4379.000
1267.320	4534.000
1267.462	4341.000
1267.604	4549.000
1267.746	4405.000
1267.888	4580.000
1268.030	4335.000
1268.171	4549.000
1268.313	4343.000
1268.455	4514.000
1268.597	4424.000
1268.739	4522.000
1268.881	4323.000
1269.022	4548.000
1269.164	4287.000
1269.306	4590.000
1269.448	4458.000
1269.589	4499.000
1269.731	4347.000
1269.873	4469.000
1270.015	4401.000
1270.156	4545.000
1270.298	4395.000
1270.440	4608.000
1270.581	4339.000
1270.723	4551.000
1270.865	4382.000
1271.006	4575.000
1271.148	4365.000
1271.289	4568.000
1271.431	4407.000
1271.573	4568.000
1271.714	4368.000
1271.856	4426.000
1271.997	4292.000
1272.139	4543.000
1272.281	4294.000
1272.422	4488.000
1272.564	4371.000
1272.705	4483.000
1272.847	4336.000
1272.988	4517.000
1273.130	4335.000
1273.271	4537.000
1273.413	4218.000
1273.554	4566.000
1273.696	4357.000
1273.837	4510.000
1273.978	4375.000
1274.120	4545.000
1274.261	4323.000
1274.403	4464.000
1274.544	4334.000
1274.685	4480.000
1274.827	4344.000
1274.968	4507.000
1275.110	4299.000
1275.251	4492.000
1275.392	4478.000
1275.534	4511.000
1275.675	4358.000
1275.816	4528.000
1275.957	4283.000
1276.099	4502.000
1276.240	4321.000
1276.381	4526.000
1276.523	4282.000
1276.664	4616.000
1276.805	4349.000
1276.946	4563.000
1277.087	4311.000
1277.229	4542.000
1277.370	4363.000
1277.511	4556.000
1277.652	4276.000
1277.793	4465.000
1277.935	4316.000
1278.076	4535.000
1278.217	4392.000
1278.358	4505.000
1278.499	4267.000
1278.640	4520.000
1278.781	4355.000
1278.922	4502.000
1279.063	4366.000
1279.204	4514.000
1279.345	4302.000
1279.487	4527.000
1279.628	4292.000
1279.769	4552.000
1279.910	4359.000
1280.051	4622.000
1280.192	4352.000
1280.333	4507.000
1280.474	4311.000
1280.615	4466.000
1280.755	4392.000
1280.896	4605.000
1281.037	4312.000
1281.178	4544.000
1281.319	4278.000
1281.460	4512.000
1281.601	4368.000
1281.742	4535.000
1281.883	4325.000
1282.024	4512.000
1282.164	4438.000
1282.305	4493.000
1282.446	4373.000
1282.587	4565.000
1282.728	4329.000
1282.869	4545.000
1283.009	4306.000
1283.150	4594.000
1283.291	4380.000
1283.432	4440.000
1283.572	4353.000
1283.713	4534.000
1283.854	4355.000
1283.995	4472.000
1284.135	4286.000
1284.276	4527.000
1284.417	4414.000
1284.557	4555.000
1284.698	4391.000
1284.839	4590.000
1284.979	4372.000
1285.120	4546.000
1285.261	4361.000
1285.401	4507.000
1285.542	4301.000
1285.682	4500.000
1285.823	4402.000
1285.964	4567.000
1286.104	4345.000
1286.245	4572.000
1286.385	4340.000
1286.526	4569.000
1286.666	4294.000
1286.807	4555.000
1286.947	4341.000
1287.088	4453.000
1287.228	4297.000
1287.369	4493.000
1287.509	4441.000
1287.650	4506.000
1287.790	4332.000
1287.931	4524.000
1288.071	4375.000
1288.212	4546.000
1288.352	4328.000
1288.492	4544.000
1288.633	4341.000
1288.773	4489.000
1288.913	4361.000
1289.054	4577.000
1289.194	4317.000
1289.334	4485.000
1289.475	4346.000
1289.615	4491.000
1289.755	4304.000
1289.896	4454.000
1290.036	4280.000
1290.176	4549.000
1290.317	4375.000
1290.457	4501.000
1290.597	4319.000
1290.737	4513.000
1290.878	4307.000
1291.018	4447.000
1291.158	4278.000
1291.298	4485.000
1291.438	4243.000
1291.579	4453.000
1291.719	4331.000
1291.859	4488.000
1291.999	4263.000
1292.139	4451.000
1292.279	4257.000
1292.419	4484.000
1292.560	4304.000
1292.700	4459.000
1292.840	4325.000
1292.980	4433.000
1293.120	4190.000
1293.260	4446.000
1293.400	4333.000
1293.540	4492.000
1293.680	4296.000
1293.820	4411.000
1293.960	4288.000
1294.100	4371.000
1294.240	4217.000
1294.380	4438.000
1294.520	4241.000
1294.660	4405.000
1294.800	4189.000
1294.940	4409.000
1295.080	4195.000
1295.220	4425.000
1295.360	4242.000
1295.499	4428.000
1295.639	4146.000
1295.779	4407.000
1295.919	4205.000
1296.059	4399.000
1296.199	4197.000
1296.339	4430.000
1296.478	4157.000
1296.618	4392.000
1296.758	4182.000
1296.898	4346.000
1297.038	4164.000
1297.177	4434.000
1297.317	4185.000
1297.457	4354.000
1297.597	4206.000
1297.736	4317.000
1297.876	4194.000
1298.016	4373.000
1298.156	4204.000
1298.295	4297.000
1298.435	4144.000
1298.575	4345.000
1298.714	4199.000
1298.854	4335.000
1298.994	4184.000
1299.133	4298.000
1299.273	4183.000
1299.412	4388.000
1299.552	4120.000
1299.692	4285.000
1299.831	4185.000
1299.971	4334.000
1300.110	4132.000
1300.250	4392.000
1300.389	4161.000
1300.529	4344.000
1300.669	4174.000
1300.808	4327.000
1300.948	4152.000
1301.087	4311.000
1301.227	4112.000
1301.366	4350.000
1301.505	4153.000
1301.645	4271.000
1301.784	4177.000
1301.924	4328.000
1302.063	4139.000
1302.203	4233.000
1302.342	4058.000
1302.481	4358.000
1302.621	4117.000
1302.760	4280.000
1302.900	4135.000
1303.039	4353.000
1303.178	4331.000
1303.318	4281.000
1303.457	4101.000
1303.596	4279.000
1303.736	4079.000
1303.875	4317.000
1304.014	4082.000
1304.153	4333.000
1304.293	4062.000
1304.432	4203.000
1304.571	4148.000
1304.710	4262.000
1304.850	4091.000
1304.989	4250.000
1305.128	4109.000
1305.267	4314.000
1305.406	4088.000
1305.546	4220.000
1305.685	4057.000
1305.824	4198.000
1305.963	4069.000
1306.102	4271.000
1306.241	4065.000
1306.380	4249.000
1306.519	4168.000
1306.659	4266.000
1306.798	4062.000
1306.937	4349.000
1307.076	4066.000
1307.215	4257.000
1307.354	4071.000
1307.493	4182.000
1307.632	4091.000
1307.771	4212.000
1307.910	4096.000
1308.049	4161.000
1308.188	4083.000
1308.327	4185.000
1308.466	4078.000
1308.605	4239.000
1308.744	4093.000
1308.883	4273.000
1309.022	4083.000
1309.161	4300.000
1309.299	4081.000
1309.438	4235.000
1309.577	4152.000
1309.716	4223.000
1309.855	4093.000
1309.994	4206.000
1310.133	4089.000
1310.271	4233.000
1310.410	4113.000
1310.549	4284.000
1310.688	4160.000
1310.827	4228.000
1310.965	4080.000
1311.104	4195.000
1311.243	4075.000
1311.382	4241.000
1311.520	4058.000
1311.659	4331.000
1311.798	4105.000
1311.937	4270.000
1312.075	4067.000
1312.214	4208.000
1312.353	4093.000
1312.491	4245.000
1312.630	4003.000
1312.769	4300.000
1312.907	4072.000
1313.046	4298.000
1313.185	4127.000
1313.323	4318.000
1313.462	4091.000
1313.600	4305.000
1313.739	4080.000
1313.878	4268.000
1314.016	4083.000
1314.155	4305.000
1314.293	4060.000
1314.432	4341.000
1314.570	4125.000
1314.709	4310.000
1314.847	4061.000
1314.986	4267.000
1315.124	4085.000
1315.263	4299.000
1315.401	4115.000
1315.540	4307.000
1315.678	4170.000
1315.816	4342.000
1315.955	4135.000
1316.093	4248.000
1316.232	4118.000
1316.370	4314.000
1316.508	4102.000
1316.647	4312.000
1316.785	4072.000
1316.923	4318.000
1317.062	4063.000
1317.200	4322.000
1317.338	4049.000
1317.477	4327.000
1317.615	4147.000
1317.753	4288.000
1317.892	4061.000
1318.030	4269.000
1318.168	4085.000
1318.306	4253.000
1318.445	4116.000
1318.583	4260.000
1318.721	4102.000
1318.859	4239.000
1318.998	4091.000
1319.136	4261.000
1319.274	4129.000
1319.412	4233.000
1319.550	4037.000
1319.688	4290.000
1319.826	4046.000
1319.965	4203.000
1320.103	4027.000
1320.241	4213.000
1320.379	3964.000
1320.517	4240.000
1320.655	4043.000
1320.793	4141.000
1320.931	4050.000
1321.069	4282.000
1321.207	3953.000
1321.345	4187.000
1321.483	4011.000
1321.621	4157.000
1321.759	3952.000
1321.897	4092.000
1322.035	3947.000
1322.173	4114.000
1322.311	3971.000
1322.449	4127.000
1322.587	3956.000
1322.725	4068.000
1322.863	3917.000
1323.001	4159.000
1323.139	3975.000
1323.277	4115.000
1323.415	3998.000
1323.552	4077.000
1323.690	3921.000
1323.828	4069.000
1323.966	3493.000
1324.104	4049.000
1324.242	3858.000
1324.379	4011.000
1324.517	3770.000
1324.655	4028.000
1324.793	3812.000
1324.931	4025.000
1325.068	3896.000
1325.206	4014.000
1325.344	3852.000
1325.481	3962.000
1325.619	3785.000
1325.757	4001.000
1325.895	3812.000
1326.032	3955.000
1326.170	3702.000
1326.308	3962.000
1326.445	3733.000
1326.583	3919.000
1326.721	3759.000
1326.858	3874.000
1326.996	3732.000
1327.133	3938.000
1327.271	3691.000
1327.409	3917.000
1327.546	3656.000
1327.684	3983.000
1327.821	3738.000
1327.959	3850.000
1328.096	3727.000
1328.234	3827.000
1328.371	3667.000
1328.509	3763.000
1328.646	3616.000
1328.784	3784.000
1328.921	3626.000
1329.059	3874.000
1329.196	3630.000
1329.334	3845.000
1329.471	3602.000
1329.609	3746.000
1329.746	3595.000
1329.883	3742.000
1330.021	3504.000
1330.158	3753.000
1330.296	3506.000
1330.433	3735.000
1330.570	3539.000
1330.708	3747.000
1330.845	3662.000
1330.982	3770.000
1331.120	3548.000
1331.257	3817.000
1331.394	3524.000
1331.531	3727.000
1331.669	3572.000
1331.806	3768.000
1331.943	3555.000
1332.080	3851.000
1332.218	4958.000
1332.355	3776.000
1332.492	3559.000
1332.629	3737.000
1332.767	3563.000
1332.904	3732.000
1333.041	3450.000
1333.178	3689.000
1333.315	3646.000
1333.452	3802.000
1333.589	3575.000
1333.727	3684.000
1333.864	3519.000
1334.001	3715.000
1334.138	3591.000
1334.275	3780.000
1334.412	3551.000
1334.549	3697.000
1334.686	3519.000
1334.823	3735.000
1334.960	3563.000
1335.097	3754.000
1335.234	3563.000
1335.371	3735.000
1335.508	3560.000
1335.645	3699.000
1335.782	3505.000
1335.919	3649.000
1336.056	3477.000
1336.193	3772.000
1336.330	3520.000
1336.467	3713.000
1336.604	3499.000
1336.741	3754.000
1336.878	3520.000
1337.015	3783.000
1337.151	3485.000
1337.288	3728.000
1337.425	3401.000
1337.562	3731.000
1337.699	3461.000
1337.836	3707.000
1337.972	3446.000
1338.109	3750.000
1338.246	3529.000
1338.383	3715.000
1338.520	3501.000
1338.656	3778.000
1338.793	3428.000
1338.930	3707.000
1339.067	3518.000
1339.203	3651.000
1339.340	3468.000
1339.477	3715.000
1339.613	3478.000
1339.750	3682.000
1339.887	3494.000
1340.023	3654.000
1340.160	3494.000
1340.297	3650.000
1340.433	3502.000
1340.570	3686.000
1340.706	3524.000
1340.843	3758.000
1340.980	3436.000
1341.116	3699.000
1341.253	3446.000
1341.389	3637.000
1341.526	3547.000
1341.662	3742.000
1341.799	3488.000
1341.936	3674.000
1342.072	3536.000
1342.209	3724.000
1342.345	3512.000
1342.482	3766.000
1342.618	3516.000
1342.754	3743.000
1342.891	3507.000
1343.027	3681.000
1343.164	3480.000
1343.300	3708.000
1343.437	3494.000
1343.573	3583.000
1343.709	3545.000
1343.846	3747.000
1343.982	3543.000
1344.118	3667.000
1344.255	3472.000
1344.391	3608.000
1344.527	3546.000
1344.664	3715.000
