1199.956	4599.000
1200.103	4653.000
1200.250	4549.000
1200.396	4742.000
1200.543	4556.000
1200.689	4739.000
1200.836	4563.000
1200.982	4695.000
1201.129	4553.000
1201.275	4697.000
1201.422	4508.000
1201.568	4726.000
1201.715	4530.000
1201.861	4627.000
1202.008	4522.000
1202.154	4716.000
1202.301	4438.000
1202.447	4687.000
1202.593	4461.000
1202.740	4697.000
1202.886	4461.000
1203.033	4602.000
1203.179	4612.000
1203.325	4645.000
1203.472	4565.000
1203.618	4630.000
1203.764	4551.000
1203.911	4644.000
1204.057	4526.000
1204.203	4631.000
1204.350	4523.000
1204.496	4696.000
1204.642	4552.000
1204.789	4628.000
1204.935	4496.000
1205.081	4646.000
1205.227	4565.000
1205.374	4608.000
1205.520	4555.000
1205.666	4670.000
1205.812	4486.000
1205.958	4670.000
1206.105	4481.000
1206.251	4666.000
1206.397	4468.000
1206.543	4621.000
1206.689	4524.000
1206.835	4579.000
1206.981	4498.000
1207.127	4626.000
1207.274	4462.000
1207.420	4592.000
1207.566	4525.000
1207.712	4633.000
1207.858	4454.000
1208.004	4612.000
1208.150	4453.000
1208.296	4603.000
1208.442	4435.000
1208.588	4555.000
1208.734	4509.000
1208.880	4553.000
1209.026	4446.000
1209.172	4516.000
1209.318	4386.000
1209.464	4652.000
1209.610	4465.000
1209.756	4566.000
1209.902	4447.000
1210.048	4565.000
1210.193	4466.000
1210.339	4550.000
1210.485	4467.000
1210.631	4539.000
1210.777	4395.000
1210.923	4573.000
1211.069	4412.000
1211.214	4549.000
1211.360	4449.000
1211.506	4643.000
1211.652	4435.000
1211.798	4543.000
1211.943	4455.000
1212.089	4561.000
1212.235	4404.000
1212.381	4550.000
1212.526	4389.000
1212.672	4508.000
1212.818	4463.000
1212.964	4521.000
1213.109	4435.000
1213.255	4550.000
1213.401	4461.000
1213.546	4561.000
1213.692	4464.000
1213.838	4543.000
1213.983	4401.000
1214.129	4542.000
1214.274	4453.000
1214.420	4581.000
1214.566	4440.000
1214.711	4511.000
1214.857	4399.000
1215.002	4497.000
1215.148	4415.000
1215.293	4595.000
1215.439	4387.000
1215.585	4525.000
1215.730	4414.000
1215.876	4529.000
1216.021	4445.000
1216.166	4555.000
1216.312	4305.000
1216.457	4587.000
1216.603	4416.000
1216.748	4506.000
1216.894	4439.000
1217.039	4581.000
1217.185	4468.000
1217.330	4560.000
1217.475	4424.000
1217.621	4529.000
1217.766	4425.000
1217.912	4632.000
1218.057	4409.000
1218.202	4596.000
1218.348	4372.000
1218.493	4493.000
1218.638	4510.000
1218.783	4587.000
1218.929	4447.000
1219.074	4587.000
1219.219	4461.000
1219.365	4505.000
1219.510	4443.000
1219.655	4558.000
1219.800	4466.000
1219.946	4601.000
1220.091	4418.000
1220.236	4585.000
1220.381	4478.000
1220.526	4592.000
1220.672	4462.000
1220.817	4507.000
1220.962	4472.000
1221.107	4628.000
1221.252	4505.000
1221.397	4557.000
1221.542	4456.000
1221.687	4640.000
1221.833	4487.000
1221.978	4572.000
1222.123	4432.000
1222.268	4571.000
1222.413	4430.000
1222.558	4656.000
1222.703	4494.000
1222.848	4635.000
1222.993	4466.000
1223.138	4627.000
1223.283	4508.000
1223.428	4564.000
1223.573	4479.000
1223.718	4615.000
1223.863	4434.000
1224.008	4606.000
1224.153	4497.000
1224.298	4615.000
1224.442	4481.000
1224.587	4636.000
1224.732	4420.000
1224.877	4633.000
1225.022	4467.000
1225.167	4541.000
1225.312	4513.000
1225.457	4605.000
1225.601	4431.000
1225.746	4613.000
1225.891	4386.000
1226.036	4542.000
1226.181	4483.000
1226.325	4630.000
1226.470	4459.000
1226.615	4630.000
1226.760	4373.000
1226.904	4517.000
1227.049	4454.000
1227.194	4545.000
1227.339	4496.000
1227.483	4626.000
1227.628	4418.000
1227.773	4544.000
1227.917	4402.000
1228.062	4615.000
1228.207	4485.000
1228.351	4668.000
1228.496	4423.000
1228.641	4568.000
1228.785	4379.000
1228.930	4658.000
1229.074	4544.000
1229.219	4575.000
1229.363	4499.000
1229.508	4575.000
1229.653	4410.000
1229.797	4578.000
1229.942	4459.000
1230.086	4658.000
1230.231	4418.000
1230.375	4621.000
1230.520	4425.000
1230.664	4581.000
1230.809	4399.000
1230.953	4657.000
1231.098	4451.000
1231.242	4578.000
1231.386	4407.000
1231.531	4563.000
1231.675	4391.000
1231.820	4573.000
1231.964	4458.000
1232.108	4610.000
1232.253	4464.000
1232.397	4615.000
1232.541	4343.000
1232.686	4605.000
1232.830	4419.000
1232.974	4611.000
1233.119	4445.000
1233.263	4659.000
1233.407	4473.000
1233.552	4615.000
1233.696	4438.000
1233.840	4647.000
1233.984	4463.000
1234.129	4588.000
1234.273	4456.000
1234.417	4639.000
1234.561	4417.000
1234.705	4565.000
1234.850	4475.000
1234.994	4635.000
1235.138	4503.000
1235.282	4610.000
1235.426	4419.000
1235.570	4633.000
1235.715	4470.000
1235.859	4646.000
1236.003	4520.000
1236.147	4687.000
1236.291	4508.000
1236.435	4591.000
1236.579	4455.000
1236.723	4651.000
1236.867	4439.000
1237.011	4672.000
1237.155	4580.000
1237.299	4688.000
1237.443	4469.000
1237.587	4703.000
1237.731	4586.000
1237.875	4616.000
1238.019	4483.000
1238.163	4699.000
1238.307	4539.000
1238.451	4658.000
1238.595	4504.000
1238.739	4718.000
1238.883	4495.000
1239.027	4664.000
1239.171	4513.000
1239.315	4657.000
1239.458	4533.000
1239.602	4657.000
1239.746	4532.000
1239.890	4684.000
1240.034	4516.000
1240.178	4760.000
1240.321	4539.000
1240.465	4651.000
1240.609	4525.000
1240.753	4726.000
1240.896	4487.000
1241.040	4708.000
1241.184	4596.000
1241.328	4707.000
1241.471	4508.000
1241.615	4650.000
1241.759	4556.000
1241.903	4669.000
1242.046	4548.000
1242.190	4684.000
1242.334	4562.000
1242.477	4705.000
1242.621	4553.000
1242.765	4700.000
1242.908	4422.000
1243.052	4730.000
1243.195	4536.000
1243.339	4658.000
1243.483	4539.000
1243.626	4744.000
1243.770	4513.000
1243.913	4671.000
1244.057	4603.000
1244.200	4586.000
1244.344	4478.000
1244.487	4693.000
1244.631	4531.000
1244.774	4650.000
1244.918	4496.000
1245.061	4718.000
1245.205	4589.000
1245.348	4683.000
1245.492	4505.000
1245.635	4693.000
1245.779	4573.000
1245.922	4651.000
1246.065	4497.000
1246.209	4717.000
1246.352	4523.000
1246.496	4608.000
1246.639	4532.000
1246.782	4643.000
1246.926	4511.000
1247.069	4762.000
1247.212	4480.000
1247.356	4554.000
1247.499	4510.000
1247.642	4713.000
1247.785	4544.000
1247.929	4604.000
1248.072	4399.000
1248.215	4689.000
1248.358	4485.000
1248.502	4648.000
1248.645	4463.000
1248.788	4663.000
1248.931	4503.000
1249.075	4652.000
1249.218	4529.000
1249.361	4672.000
1249.504	4478.000
1249.647	4695.000
1249.790	4469.000
1249.933	4583.000
1250.077	4514.000
1250.220	4609.000
1250.363	4389.000
1250.506	4660.000
1250.649	4414.000
1250.792	4577.000
1250.935	4463.000
1251.078	4651.000
1251.221	4461.000
1251.364	4601.000
1251.507	4478.000
1251.650	4540.000
1251.793	4415.000
1251.936	4606.000
1252.079	4556.000
1252.222	4551.000
1252.365	4457.000
1252.508	4578.000
1252.651	4488.000
1252.794	4618.000
1252.937	4415.000
1253.080	4574.000
1253.223	4450.000
1253.366	4607.000
1253.509	4459.000
1253.651	4619.000
1253.794	4371.000
1253.937	4620.000
1254.080	4372.000
1254.223	4594.000
1254.366	4417.000
1254.508	4662.000
1254.651	4439.000
1254.794	4684.000
1254.937	4400.000
1255.080	4698.000
1255.222	4426.000
1255.365	4609.000
1255.508	4441.000
1255.651	4615.000
1255.793	4441.000
1255.936	4582.000
1256.079	4495.000
1256.221	4664.000
1256.364	4442.000
1256.507	4606.000
1256.649	4472.000
1256.792	4637.000
1256.935	4527.000
1257.077	4649.000
1257.220	4516.000
1257.362	4622.000
1257.505	4404.000
1257.648	4673.000
1257.790	4351.000
1257.933	4648.000
1258.075	4505.000
1258.218	4633.000
1258.360	4534.000
1258.503	4568.000
1258.646	4361.000
1258.788	4574.000
1258.931	4473.000
1259.073	4704.000
1259.216	4462.000
1259.358	4627.000
1259.500	4415.000
1259.643	4656.000
1259.785	4463.000
1259.928	4618.000
1260.070	4385.000
1260.213	4662.000
1260.355	4502.000
1260.497	4610.000
1260.640	4427.000
1260.782	4629.000
1260.924	4436.000
1261.067	4657.000
1261.209	4499.000
1261.351	4572.000
1261.494	4333.000
1261.636	4625.000
1261.778	4482.000
1261.921	4731.000
1262.063	4423.000
1262.205	4659.000
1262.348	4441.000
1262.490	4623.000
1262.632	4456.000
1262.774	4648.000
1262.916	4449.000
1263.059	4660.000
1263.201	4464.000
1263.343	4638.000
1263.485	4463.000
1263.627	4658.000
1263.770	4482.000
1263.912	4669.000
1264.054	4455.000
1264.196	4564.000
1264.338	4441.000
1264.480	4698.000
1264.622	4395.000
1264.764	4593.000
1264.906	4396.000
1265.048	4584.000
1265.191	4412.000
1265.333	4592.000
1265.475	4484.000
1265.617	4595.000
1265.759	4441.000
1265.901	4659.000
1266.043	4485.000
1266.185	4584.000
1266.327	4423.000
1266.469	4657.000
1266.611	4506.000
1266.753	4600.000
1266.894	4399.000
1267.036	4627.000
1267.178	4446.000
1267.320	4563.000
1267.462	4402.000
1267.604	4582.000
1267.746	4464.000
1267.888	4606.000
1268.030	4414.000
1268.171	4597.000
1268.313	4396.000
1268.455	4537.000
1268.597	4514.000
1268.739	4557.000
1268.881	4394.000
1269.022	4596.000
1269.164	4338.000
1269.306	4643.000
1269.448	4468.000
1269.589	4555.000
1269.731	4409.000
1269.873	4526.000
1270.015	4432.000
1270.156	4593.000
1270.298	4444.000
1270.440	4600.000
1270.581	4402.000
1270.723	4560.000
1270.865	4415.000
1271.006	4605.000
1271.148	4409.000
1271.289	4595.000
1271.431	4434.000
1271.573	4623.000
1271.714	4395.000
1271.856	4481.000
1271.997	4334.000
1272.139	4582.000
1272.281	4304.000
1272.422	4553.000
1272.564	4370.000
1272.705	4539.000
1272.847	4364.000
1272.988	4533.000
1273.130	4382.000
1273.271	4602.000
1273.413	4258.000
1273.554	4615.000
1273.696	4354.000
1273.837	4526.000
1273.978	4396.000
1274.120	4569.000
1274.261	4354.000
1274.403	4521.000
1274.544	4339.000
1274.685	4526.000
1274.827	4348.000
1274.968	4536.000
1275.110	4301.000
1275.251	4513.000
1275.392	4488.000
1275.534	4560.000
1275.675	4397.000
1275.816	4570.000
1275.957	4325.000
1276.099	4543.000
1276.240	4321.000
1276.381	4544.000
1276.523	4302.000
1276.664	4656.000
1276.805	4364.000
1276.946	4597.000
1277.087	4365.000
1277.229	4537.000
1277.370	4394.000
1277.511	4587.000
1277.652	4302.000
1277.793	4496.000
1277.935	4349.000
1278.076	4571.000
1278.217	4412.000
1278.358	4529.000
1278.499	4264.000
1278.640	4526.000
1278.781	4362.000
1278.922	4518.000
1279.063	4343.000
1279.204	4545.000
1279.345	4270.000
1279.487	4515.000
1279.628	4308.000
1279.769	4577.000
1279.910	4390.000
1280.051	4613.000
1280.192	4357.000
1280.333	4526.000
1280.474	4327.000
1280.615	4496.000
1280.755	4377.000
1280.896	4614.000
1281.037	4340.000
1281.178	4569.000
1281.319	4244.000
1281.460	4537.000
1281.601	4351.000
1281.742	4566.000
1281.883	4351.000
1282.024	4508.000
1282.164	4462.000
1282.305	4522.000
1282.446	4362.000
1282.587	4585.000
1282.728	4345.000
1282.869	4553.000
1283.009	4301.000
1283.150	4609.000
1283.291	4368.000
1283.432	4462.000
1283.572	4336.000
1283.713	4563.000
1283.854	4359.000
1283.995	4460.000
1284.135	4281.000
1284.276	4550.000
1284.417	4422.000
1284.557	4550.000
1284.698	4388.000
1284.839	4619.000
1284.979	4364.000
1285.120	4555.000
1285.261	4364.000
1285.401	4525.000
1285.542	4286.000
1285.682	4506.000
1285.823	4427.000
1285.964	4576.000
1286.104	4314.000
1286.245	4581.000
1286.385	4314.000
1286.526	4556.000
1286.666	4277.000
1286.807	4526.000
1286.947	4332.000
1287.088	4484.000
1287.228	4276.000
1287.369	4476.000
1287.509	4415.000
1287.650	4491.000
1287.790	4315.000
1287.931	4525.000
1288.071	4360.000
1288.212	4521.000
1288.352	4328.000
1288.492	4548.000
1288.633	4315.000
1288.773	4509.000
1288.913	4318.000
1289.054	4540.000
1289.194	4330.000
1289.334	4485.000
1289.475	4330.000
1289.615	4490.000
1289.755	4287.000
1289.896	4435.000
1290.036	4272.000
1290.176	4560.000
1290.317	4355.000
1290.457	4465.000
1290.597	4293.000
1290.737	4473.000
1290.878	4311.000
1291.018	4447.000
1291.158	4256.000
1291.298	4468.000
1291.438	4241.000
1291.579	4460.000
1291.719	4264.000
1291.859	4467.000
1291.999	4264.000
1292.139	4415.000
1292.279	4230.000
1292.419	4466.000
1292.560	4289.000
1292.700	4450.000
1292.840	4274.000
1292.980	4436.000
1293.120	4193.000
1293.260	4398.000
1293.400	4333.000
1293.540	4488.000
1293.680	4246.000
1293.820	4406.000
1293.960	4290.000
1294.100	4379.000
1294.240	4173.000
1294.380	4416.000
1294.520	4217.000
1294.660	4375.000
1294.800	4179.000
1294.940	4400.000
1295.080	4151.000
1295.220	4421.000
1295.360	4233.000
1295.499	4414.000
1295.639	4140.000
1295.779	4399.000
1295.919	4186.000
1296.059	4393.000
1296.199	4183.000
1296.339	4411.000
1296.478	4175.000
1296.618	4359.000
1296.758	4177.000
1296.898	4352.000
1297.038	4143.000
1297.177	4384.000
1297.317	4194.000
1297.457	4324.000
1297.597	4170.000
1297.736	4321.000
1297.876	4166.000
1298.016	4378.000
1298.156	4134.000
1298.295	4283.000
1298.435	4126.000
1298.575	4303.000
1298.714	4177.000
1298.854	4300.000
1298.994	4141.000
1299.133	4305.000
1299.273	4140.000
1299.412	4381.000
1299.552	4112.000
1299.692	4272.000
1299.831	4153.000
1299.971	4310.000
1300.110	4110.000
1300.250	4336.000
1300.389	4144.000
1300.529	4311.000
1300.669	4173.000
1300.808	4329.000
1300.948	4136.000
1301.087	4293.000
1301.227	4099.000
1301.366	4342.000
1301.505	4120.000
1301.645	4214.000
1301.784	4177.000
1301.924	4294.000
1302.063	4067.000
1302.203	4245.000
1302.342	4053.000
1302.481	4341.000
1302.621	4093.000
1302.760	4270.000
1302.900	4108.000
1303.039	4316.000
1303.178	4253.000
1303.318	4279.000
1303.457	4059.000
1303.596	4278.000
1303.736	4024.000
1303.875	4312.000
1304.014	4046.000
1304.153	4295.000
1304.293	4032.000
1304.432	4181.000
1304.571	4122.000
1304.710	4231.000
1304.850	4048.000
1304.989	4226.000
1305.128	4073.000
1305.267	4285.000
1305.406	4060.000
1305.546	4207.000
1305.685	4031.000
1305.824	4175.000
1305.963	4026.000
1306.102	4244.000
1306.241	4082.000
1306.380	4194.000
1306.519	4112.000
1306.659	4238.000
1306.798	4025.000
1306.937	4322.000
1307.076	4034.000
1307.215	4230.000
1307.354	4073.000
1307.493	4182.000
1307.632	4080.000
1307.771	4214.000
1307.910	4069.000
1308.049	4158.000
1308.188	4049.000
1308.327	4137.000
1308.466	4070.000
1308.605	4202.000
1308.744	4028.000
1308.883	4224.000
1309.022	4073.000
1309.161	4254.000
1309.299	4039.000
1309.438	4205.000
1309.577	4082.000
1309.716	4206.000
1309.855	4061.000
1309.994	4219.000
1310.133	4060.000
1310.271	4199.000
1310.410	4087.000
1310.549	4253.000
1310.688	4098.000
1310.827	4204.000
1310.965	4053.000
1311.104	4176.000
1311.243	4065.000
1311.382	4204.000
1311.520	4034.000
1311.659	4264.000
1311.798	4057.000
1311.937	4247.000
1312.075	4044.000
1312.214	4198.000
1312.353	4062.000
1312.491	4178.000
1312.630	4004.000
1312.769	4261.000
1312.907	4047.000
1313.046	4276.000
1313.185	4101.000
1313.323	4304.000
1313.462	4029.000
1313.600	4283.000
1313.739	4037.000
1313.878	4226.000
1314.016	4032.000
1314.155	4279.000
1314.293	4013.000
1314.432	4304.000
1314.570	4067.000
1314.709	4271.000
1314.847	4033.000
1314.986	4270.000
1315.124	4068.000
1315.263	4282.000
1315.401	4112.000
1315.540	4257.000
1315.678	4096.000
1315.816	4307.000
1315.955	4121.000
1316.093	4215.000
1316.232	4064.000
1316.370	4317.000
1316.508	4034.000
1316.647	4272.000
1316.785	4040.000
1316.923	4288.000
1317.062	4032.000
1317.200	4321.000
1317.338	4026.000
1317.477	4292.000
1317.615	4119.000
1317.753	4277.000
1317.892	4019.000
1318.030	4244.000
1318.168	4076.000
1318.306	4199.000
1318.445	4087.000
1318.583	4236.000
1318.721	4086.000
1318.859	4226.000
1318.998	4070.000
1319.136	4253.000
1319.274	4075.000
1319.412	4220.000
1319.550	4045.000
1319.688	4268.000
1319.826	4018.000
1319.965	4212.000
1320.103	4030.000
1320.241	4189.000
1320.379	3939.000
1320.517	4217.000
1320.655	4027.000
1320.793	4124.000
1320.931	4065.000
1321.069	4258.000
1321.207	3964.000
1321.345	4187.000
1321.483	4023.000
1321.621	4150.000
1321.759	3945.000
1321.897	4099.000
1322.035	3966.000
1322.173	4101.000
1322.311	3955.000
1322.449	4138.000
1322.587	3944.000
1322.725	4108.000
1322.863	3921.000
1323.001	4192.000
1323.139	3977.000
1323.277	4106.000
1323.415	3985.000
1323.552	4112.000
1323.690	3927.000
1323.828	4086.000
1323.966	3525.000
1324.104	4042.000
1324.242	3899.000
1324.379	4016.000
1324.517	3780.000
1324.655	4029.000
1324.793	3800.000
1324.931	4050.000
1325.068	3915.000
1325.206	4015.000
1325.344	3857.000
1325.481	3990.000
1325.619	3806.000
1325.757	4023.000
1325.895	3838.000
1326.032	3996.000
1326.170	3735.000
1326.308	3989.000
1326.445	3737.000
1326.583	3934.000
1326.721	3769.000
1326.858	3900.000
1326.996	3744.000
1327.133	3956.000
1327.271	3710.000
1327.409	3957.000
1327.546	3663.000
1327.684	4030.000
1327.821	3736.000
1327.959	3883.000
1328.096	3746.000
1328.234	3841.000
1328.371	3664.000
1328.509	3791.000
1328.646	3612.000
1328.784	3825.000
1328.921	3654.000
1329.059	3912.000
1329.196	3666.000
1329.334	3869.000
1329.471	3605.000
1329.609	3793.000
1329.746	3616.000
1329.883	3775.000
1330.021	3534.000
1330.158	3795.000
1330.296	3530.000
1330.433	3768.000
1330.570	3524.000
1330.708	3758.000
1330.845	3666.000
1330.982	3779.000
1331.120	3563.000
1331.257	3831.000
1331.394	3525.000
1331.531	3739.000
1331.669	3586.000
1331.806	3801.000
1331.943	3588.000
1332.080	3855.000
1332.218	4863.000
1332.355	3795.000
1332.492	3610.000
1332.629	3752.000
1332.767	3598.000
1332.904	3748.000
1333.041	3476.000
1333.178	3713.000
1333.315	3644.000
1333.452	3819.000
1333.589	3616.000
1333.727	3721.000
1333.864	3527.000
1334.001	3748.000
1334.138	3617.000
1334.275	3801.000
1334.412	3569.000
1334.549	3737.000
1334.686	3507.000
1334.823	3778.000
1334.960	3587.000
1335.097	3794.000
1335.234	3580.000
1335.371	3766.000
1335.508	3582.000
1335.645	3743.000
1335.782	3504.000
1335.919	3681.000
1336.056	3502.000
1336.193	3777.000
1336.330	3526.000
1336.467	3729.000
1336.604	3510.000
1336.741	3774.000
1336.878	3567.000
1337.015	3766.000
1337.151	3526.000
1337.288	3714.000
1337.425	3452.000
1337.562	3739.000
1337.699	3462.000
1337.836	3741.000
1337.972	3516.000
1338.109	3764.000
1338.246	3521.000
1338.383	3707.000
1338.520	3523.000
1338.656	3788.000
1338.793	3464.000
1338.930	3730.000
1339.067	3574.000
1339.203	3672.000
1339.340	3496.000
1339.477	3755.000
1339.613	3498.000
1339.750	3695.000
1339.887	3505.000
1340.023	3674.000
1340.160	3534.000
1340.297	3693.000
1340.433	3554.000
1340.570	3692.000
1340.706	3560.000
1340.843	3783.000
1340.980	3481.000
1341.116	3735.000
1341.253	3451.000
1341.389	3688.000
1341.526	3568.000
1341.662	3760.000
1341.799	3494.000
1341.936	3698.000
1342.072	3553.000
1342.209	3728.000
1342.345	3556.000
1342.482	3779.000
1342.618	3538.000
1342.754	3766.000
1342.891	3518.000
1343.027	3705.000
1343.164	3509.000
1343.300	3718.000
1343.437	3513.000
1343.573	3620.000
1343.709	3558.000
1343.846	3751.000
1343.982	3575.000
1344.118	3708.000
1344.255	3502.000
1344.391	3633.000
1344.527	3575.000
1344.664	3758.000
