1199.956	4980.000
1200.103	4975.000
1200.250	4914.000
1200.396	5051.000
1200.543	4913.000
1200.689	5046.000
1200.836	4898.000
1200.982	4975.000
1201.129	4886.000
1201.275	4954.000
1201.422	4821.000
1201.568	5000.000
1201.715	4859.000
1201.861	4914.000
1202.008	4830.000
1202.154	5000.000
1202.301	4774.000
1202.447	4974.000
1202.593	4790.000
1202.740	4997.000
1202.886	4783.000
1203.033	4872.000
1203.179	4922.000
1203.325	4958.000
1203.472	4879.000
1203.618	4926.000
1203.764	4862.000
1203.911	4904.000
1204.057	4833.000
1204.203	4927.000
1204.350	4848.000
1204.496	5015.000
1204.642	4861.000
1204.789	4905.000
1204.935	4793.000
1205.081	4909.000
1205.227	4884.000
1205.374	4877.000
1205.520	4845.000
1205.666	4932.000
1205.812	4778.000
1205.958	4931.000
1206.105	4756.000
1206.251	4920.000
1206.397	4747.000
1206.543	4893.000
1206.689	4795.000
1206.835	4802.000
1206.981	4748.000
1207.127	4866.000
1207.274	4676.000
1207.420	4833.000
1207.566	4747.000
1207.712	4859.000
1207.858	4679.000
1208.004	4824.000
1208.150	4691.000
1208.296	4815.000
1208.442	4627.000
1208.588	4755.000
1208.734	4714.000
1208.880	4759.000
1209.026	4643.000
1209.172	4714.000
1209.318	4583.000
1209.464	4800.000
1209.610	4654.000
1209.756	4708.000
1209.902	4619.000
1210.048	4727.000
1210.193	4626.000
1210.339	4726.000
1210.485	4644.000
1210.631	4713.000
1210.777	4551.000
1210.923	4667.000
1211.069	4565.000
1211.214	4642.000
1211.360	4588.000
1211.506	4750.000
1211.652	4530.000
1211.798	4691.000
1211.943	4538.000
1212.089	4679.000
1212.235	4505.000
1212.381	4630.000
1212.526	4497.000
1212.672	4617.000
1212.818	4558.000
1212.964	4621.000
1213.109	4504.000
1213.255	4648.000
1213.401	4538.000
1213.546	4634.000
1213.692	4550.000
1213.838	4611.000
1213.983	4458.000
1214.129	4610.000
1214.274	4467.000
1214.420	4615.000
1214.566	4461.000
1214.711	4529.000
1214.857	4433.000
1215.002	4512.000
1215.148	4432.000
1215.293	4595.000
1215.439	4424.000
1215.585	4552.000
1215.730	4433.000
1215.876	4495.000
1216.021	4427.000
1216.166	4553.000
1216.312	4276.000
1216.457	4553.000
1216.603	4400.000
1216.748	4471.000
1216.894	4399.000
1217.039	4508.000
1217.185	4414.000
1217.330	4495.000
1217.475	4358.000
1217.621	4476.000
1217.766	4345.000
1217.912	4545.000
1218.057	4331.000
1218.202	4504.000
1218.348	4296.000
1218.493	4389.000
1218.638	4409.000
1218.783	4510.000
1218.929	4334.000
1219.074	4488.000
1219.219	4326.000
1219.365	4403.000
1219.510	4304.000
1219.655	4419.000
1219.800	4333.000
1219.946	4455.000
1220.091	4256.000
1220.236	4440.000
1220.381	4324.000
1220.526	4433.000
1220.672	4254.000
1220.817	4347.000
1220.962	4261.000
1221.107	4410.000
1221.252	4305.000
1221.397	4374.000
1221.542	4248.000
1221.687	4419.000
1221.833	4278.000
1221.978	4362.000
1222.123	4210.000
1222.268	4327.000
1222.413	4198.000
1222.558	4392.000
1222.703	4250.000
1222.848	4380.000
1222.993	4204.000
1223.138	4351.000
1223.283	4232.000
1223.428	4295.000
1223.573	4175.000
1223.718	4333.000
1223.863	4122.000
1224.008	4305.000
1224.153	4196.000
1224.298	4297.000
1224.442	4179.000
1224.587	4312.000
1224.732	4083.000
1224.877	4278.000
1225.022	4147.000
1225.167	4197.000
1225.312	4166.000
1225.457	4297.000
1225.601	4071.000
1225.746	4252.000
1225.891	4045.000
1226.036	4196.000
1226.181	4090.000
1226.325	4260.000
1226.470	4100.000
1226.615	4262.000
1226.760	4003.000
1226.904	4134.000
1227.049	4076.000
1227.194	4199.000
1227.339	4073.000
1227.483	4255.000
1227.628	4027.000
1227.773	4176.000
1227.917	3978.000
1228.062	4216.000
1228.207	4056.000
1228.351	4259.000
1228.496	4000.000
1228.641	4171.000
1228.785	3940.000
1228.930	4219.000
1229.074	4119.000
1229.219	4143.000
1229.363	4074.000
1229.508	4135.000
1229.653	3955.000
1229.797	4174.000
1229.942	3998.000
1230.086	4230.000
1230.231	3962.000
1230.375	4170.000
1230.520	3983.000
1230.664	4144.000
1230.809	3956.000
1230.953	4215.000
1231.098	3988.000
1231.242	4147.000
1231.386	3943.000
1231.531	4125.000
1231.675	3931.000
1231.820	4111.000
1231.964	3988.000
1232.108	4160.000
1232.253	3971.000
1232.397	4144.000
1232.541	3866.000
1232.686	4152.000
1232.830	3930.000
1232.974	4135.000
1233.119	3940.000
1233.263	4187.000
1233.407	3965.000
1233.552	4117.000
1233.696	3953.000
1233.840	4149.000
1233.984	3918.000
1234.129	4115.000
1234.273	3947.000
1234.417	4130.000
1234.561	3899.000
1234.705	4084.000
1234.850	3934.000
1234.994	4107.000
1235.138	3953.000
1235.282	4116.000
1235.426	3914.000
1235.570	4133.000
1235.715	3974.000
1235.859	4101.000
1236.003	4015.000
1236.147	4168.000
1236.291	3975.000
1236.435	4073.000
1236.579	3913.000
1236.723	4121.000
1236.867	3917.000
1237.011	4151.000
1237.155	4041.000
1237.299	4151.000
1237.443	3931.000
1237.587	4185.000
1237.731	4051.000
1237.875	4115.000
1238.019	3918.000
1238.163	4187.000
1238.307	3973.000
1238.451	4117.000
1238.595	3923.000
1238.739	4158.000
1238.883	3932.000
1239.027	4093.000
1239.171	3984.000
1239.315	4083.000
1239.458	3974.000
1239.602	4114.000
1239.746	3963.000
1239.890	4139.000
1240.034	3942.000
1240.178	4207.000
1240.321	3992.000
1240.465	4097.000
1240.609	3989.000
1240.753	4147.000
1240.896	3928.000
1241.040	4145.000
1241.184	4056.000
1241.328	4133.000
1241.471	3938.000
1241.615	4094.000
1241.759	3947.000
1241.903	4120.000
1242.046	3990.000
1242.190	4123.000
1242.334	4009.000
1242.477	4130.000
1242.621	3971.000
1242.765	4134.000
1242.908	3839.000
1243.052	4168.000
1243.195	3949.000
1243.339	4114.000
1243.483	3925.000
1243.626	4129.000
1243.770	3948.000
1243.913	4087.000
1244.057	4014.000
1244.200	4034.000
1244.344	3888.000
1244.487	4140.000
1244.631	3962.000
1244.774	4102.000
1244.918	3913.000
1245.061	4135.000
1245.205	4007.000
1245.348	4122.000
1245.492	3926.000
1245.635	4135.000
1245.779	4008.000
1245.922	4123.000
1246.065	3915.000
1246.209	4166.000
1246.352	3945.000
1246.496	4052.000
1246.639	3980.000
1246.782	4092.000
1246.926	3944.000
1247.069	4185.000
1247.212	3899.000
1247.356	3986.000
1247.499	3924.000
1247.642	4151.000
1247.785	3956.000
1247.929	4052.000
1248.072	3853.000
1248.215	4143.000
1248.358	3914.000
1248.502	4078.000
1248.645	3927.000
1248.788	4095.000
1248.931	3948.000
1249.075	4095.000
1249.218	3973.000
1249.361	4108.000
1249.504	3921.000
1249.647	4151.000
1249.790	3856.000
1249.933	4029.000
1250.077	3958.000
1250.220	4099.000
1250.363	3852.000
1250.506	4126.000
1250.649	3831.000
1250.792	4029.000
1250.935	3899.000
1251.078	4103.000
1251.221	3907.000
1251.364	4067.000
1251.507	3930.000
1251.650	3992.000
1251.793	3875.000
1251.936	4069.000
1252.079	3976.000
1252.222	4020.000
1252.365	3904.000
1252.508	4043.000
1252.651	3937.000
1252.794	4086.000
1252.937	3868.000
1253.080	4024.000
1253.223	3906.000
1253.366	4044.000
1253.509	3882.000
1253.651	4077.000
1253.794	3817.000
1253.937	4105.000
1254.080	3830.000
1254.223	4066.000
1254.366	3867.000
1254.508	4078.000
1254.651	3869.000
1254.794	4151.000
1254.937	3800.000
1255.080	4173.000
1255.222	3873.000
1255.365	4049.000
1255.508	3895.000
1255.651	4065.000
1255.793	3888.000
1255.936	4011.000
1256.079	3891.000
1256.221	4099.000
1256.364	3873.000
1256.507	4060.000
1256.649	3880.000
1256.792	4047.000
1256.935	3926.000
1257.077	4097.000
1257.220	3928.000
1257.362	4034.000
1257.505	3822.000
1257.648	4094.000
1257.790	3778.000
1257.933	4067.000
1258.075	3912.000
1258.218	4033.000
1258.360	3925.000
1258.503	4000.000
1258.646	3797.000
1258.788	4009.000
1258.931	3893.000
1259.073	4141.000
1259.216	3860.000
1259.358	4012.000
1259.500	3823.000
1259.643	4056.000
1259.785	3866.000
1259.928	4033.000
1260.070	3795.000
1260.213	4072.000
1260.355	3914.000
1260.497	4030.000
1260.640	3854.000
1260.782	4046.000
1260.924	3832.000
1261.067	4068.000
1261.209	3891.000
1261.351	3963.000
1261.494	3791.000
1261.636	4021.000
1261.778	3828.000
1261.921	4100.000
1262.063	3808.000
1262.205	4089.000
1262.348	3865.000
1262.490	4000.000
1262.632	3854.000
1262.774	4041.000
1262.916	3878.000
1263.059	4053.000
1263.201	3887.000
1263.343	4068.000
1263.485	3867.000
1263.627	4074.000
1263.770	3875.000
1263.912	4067.000
1264.054	3857.000
1264.196	3993.000
1264.338	3800.000
1264.480	4058.000
1264.622	3799.000
1264.764	4009.000
1264.906	3786.000
1265.048	3991.000
1265.191	3804.000
1265.333	3990.000
1265.475	3846.000
1265.617	4013.000
1265.759	3824.000
1265.901	4073.000
1266.043	3870.000
1266.185	4009.000
1266.327	3827.000
1266.469	4055.000
1266.611	3863.000
1266.753	4007.000
1266.894	3782.000
1267.036	4065.000
1267.178	3800.000
1267.320	4001.000
1267.462	3825.000
1267.604	4009.000
1267.746	3829.000
1267.888	4017.000
1268.030	3796.000
1268.171	3998.000
1268.313	3812.000
1268.455	3986.000
1268.597	3884.000
1268.739	3975.000
1268.881	3785.000
1269.022	3992.000
1269.164	3741.000
1269.306	4023.000
1269.448	3875.000
1269.589	3965.000
1269.731	3800.000
1269.873	3933.000
1270.015	3854.000
1270.156	3989.000
1270.298	3865.000
1270.440	4021.000
1270.581	3807.000
1270.723	3986.000
1270.865	3821.000
1271.006	4024.000
1271.148	3807.000
1271.289	4032.000
1271.431	3867.000
1271.573	4058.000
1271.714	3826.000
1271.856	3912.000
1271.997	3757.000
1272.139	4019.000
1272.281	3744.000
1272.422	3999.000
1272.564	3797.000
1272.705	3968.000
1272.847	3784.000
1272.988	4000.000
1273.130	3796.000
1273.271	4021.000
1273.413	3703.000
1273.554	4033.000
1273.696	3815.000
1273.837	3953.000
1273.978	3849.000
1274.120	4030.000
1274.261	3819.000
1274.403	3958.000
1274.544	3774.000
1274.685	3968.000
1274.827	3801.000
1274.968	3988.000
1275.110	3735.000
1275.251	3977.000
1275.392	3933.000
1275.534	4005.000
1275.675	3802.000
1275.816	4023.000
1275.957	3778.000
1276.099	3978.000
1276.240	3795.000
1276.381	4021.000
1276.523	3746.000
1276.664	4083.000
1276.805	3834.000
1276.946	4042.000
1277.087	3792.000
1277.229	4015.000
1277.370	3825.000
1277.511	4035.000
1277.652	3750.000
1277.793	3974.000
1277.935	3788.000
1278.076	4020.000
1278.217	3859.000
1278.358	4000.000
1278.499	3735.000
1278.640	3991.000
1278.781	3840.000
1278.922	3978.000
1279.063	3808.000
1279.204	3999.000
1279.345	3746.000
1279.487	3999.000
1279.628	3733.000
1279.769	4038.000
1279.910	3790.000
1280.051	4094.000
1280.192	3839.000
1280.333	3988.000
1280.474	3803.000
1280.615	3977.000
1280.755	3823.000
1280.896	4093.000
1281.037	3783.000
1281.178	4034.000
1281.319	3709.000
1281.460	3994.000
1281.601	3827.000
1281.742	4001.000
1281.883	3795.000
1282.024	3983.000
1282.164	3887.000
1282.305	3963.000
1282.446	3823.000
1282.587	4045.000
1282.728	3772.000
1282.869	4006.000
1283.009	3787.000
1283.150	4038.000
1283.291	3836.000
1283.432	3930.000
1283.572	3818.000
1283.713	4011.000
1283.854	3831.000
1283.995	3914.000
1284.135	3699.000
1284.276	3994.000
1284.417	3879.000
1284.557	4016.000
1284.698	3871.000
1284.839	4081.000
1284.979	3831.000
1285.120	3991.000
1285.261	3805.000
1285.401	3987.000
1285.542	3712.000
1285.682	3976.000
1285.823	3865.000
1285.964	4031.000
1286.104	3775.000
1286.245	4015.000
1286.385	3792.000
1286.526	4034.000
1286.666	3730.000
1286.807	3999.000
1286.947	3775.000
1287.088	3919.000
1287.228	3751.000
1287.369	3943.000
1287.509	3863.000
1287.650	3957.000
1287.790	3767.000
1287.931	3963.000
1288.071	3817.000
1288.212	3995.000
1288.352	3763.000
1288.492	4006.000
1288.633	3793.000
1288.773	3968.000
1288.913	3765.000
1289.054	3988.000
1289.194	3801.000
1289.334	3958.000
1289.475	3749.000
1289.615	3944.000
1289.755	3728.000
1289.896	3916.000
1290.036	3697.000
1290.176	4012.000
1290.317	3815.000
1290.457	3925.000
1290.597	3808.000
1290.737	3965.000
1290.878	3758.000
1291.018	3921.000
1291.158	3722.000
1291.298	3945.000
1291.438	3702.000
1291.579	3938.000
1291.719	3763.000
1291.859	3913.000
1291.999	3717.000
1292.139	3906.000
1292.279	3679.000
1292.419	3959.000
1292.560	3738.000
1292.700	3902.000
1292.840	3733.000
1292.980	3915.000
1293.120	3670.000
1293.260	3882.000
1293.400	3801.000
1293.540	3991.000
1293.680	3727.000
1293.820	3877.000
1293.960	3768.000
1294.100	3873.000
1294.240	3655.000
1294.380	3925.000
1294.520	3719.000
1294.660	3891.000
1294.800	3678.000
1294.940	3868.000
1295.080	3658.000
1295.220	3912.000
1295.360	3732.000
1295.499	3924.000
1295.639	3637.000
1295.779	3926.000
1295.919	3665.000
1296.059	3908.000
1296.199	3677.000
1296.339	3928.000
1296.478	3641.000
1296.618	3872.000
1296.758	3695.000
1296.898	3874.000
1297.038	3640.000
1297.177	3937.000
1297.317	3683.000
1297.457	3853.000
1297.597	3688.000
1297.736	3826.000
1297.876	3705.000
1298.016	3900.000
1298.156	3684.000
1298.295	3828.000
1298.435	3645.000
1298.575	3842.000
1298.714	3682.000
1298.854	3819.000
1298.994	3676.000
1299.133	3831.000
1299.273	3701.000
1299.412	3916.000
1299.552	3668.000
1299.692	3814.000
1299.831	3694.000
1299.971	3867.000
1300.110	3675.000
1300.250	3918.000
1300.389	3699.000
1300.529	3835.000
1300.669	3708.000
1300.808	3887.000
1300.948	3704.000
1301.087	3840.000
1301.227	3666.000
1301.366	3891.000
1301.505	3662.000
1301.645	3782.000
1301.784	3678.000
1301.924	3860.000
1302.063	3648.000
1302.203	3777.000
1302.342	3604.000
1302.481	3882.000
1302.621	3631.000
1302.760	3806.000
1302.900	3681.000
1303.039	3903.000
1303.178	3871.000
1303.318	3837.000
1303.457	3660.000
1303.596	3816.000
1303.736	3602.000
1303.875	3881.000
1304.014	3634.000
1304.153	3863.000
1304.293	3600.000
1304.432	3726.000
1304.571	3684.000
1304.710	3841.000
1304.850	3601.000
1304.989	3810.000
1305.128	3628.000
1305.267	3879.000
1305.406	3641.000
1305.546	3798.000
1305.685	3592.000
1305.824	3764.000
1305.963	3600.000
1306.102	3831.000
1306.241	3617.000
1306.380	3793.000
1306.519	3685.000
1306.659	3801.000
1306.798	3611.000
1306.937	3867.000
1307.076	3601.000
1307.215	3822.000
1307.354	3597.000
1307.493	3750.000
1307.632	3618.000
1307.771	3762.000
1307.910	3629.000
1308.049	3723.000
1308.188	3608.000
1308.327	3712.000
1308.466	3640.000
1308.605	3774.000
1308.744	3600.000
1308.883	3835.000
1309.022	3631.000
1309.161	3829.000
1309.299	3613.000
1309.438	3776.000
1309.577	3638.000
1309.716	3780.000
1309.855	3629.000
1309.994	3758.000
1310.133	3615.000
1310.271	3733.000
1310.410	3646.000
1310.549	3810.000
1310.688	3676.000
1310.827	3782.000
1310.965	3603.000
1311.104	3764.000
1311.243	3579.000
1311.382	3751.000
1311.520	3600.000
1311.659	3823.000
1311.798	3607.000
1311.937	3795.000
1312.075	3569.000
1312.214	3738.000
1312.353	3586.000
1312.491	3749.000
1312.630	3563.000
1312.769	3810.000
1312.907	3606.000
1313.046	3826.000
1313.185	3636.000
1313.323	3845.000
1313.462	3575.000
1313.600	3839.000
1313.739	3604.000
1313.878	3775.000
1314.016	3574.000
1314.155	3846.000
1314.293	3575.000
1314.432	3851.000
1314.570	3638.000
1314.709	3834.000
1314.847	3564.000
1314.986	3822.000
1315.124	3598.000
1315.263	3830.000
1315.401	3594.000
1315.540	3823.000
1315.678	3673.000
1315.816	3853.000
1315.955	3643.000
1316.093	3759.000
1316.232	3618.000
1316.370	3846.000
1316.508	3591.000
1316.647	3844.000
1316.785	3601.000
1316.923	3873.000
1317.062	3592.000
1317.200	3859.000
1317.338	3590.000
1317.477	3851.000
1317.615	3683.000
1317.753	3849.000
1317.892	3574.000
1318.030	3792.000
1318.168	3618.000
1318.306	3793.000
1318.445	3640.000
1318.583	3827.000
1318.721	3644.000
1318.859	3795.000
1318.998	3633.000
1319.136	3816.000
1319.274	3650.000
1319.412	3780.000
1319.550	3598.000
1319.688	3821.000
1319.826	3600.000
1319.965	3776.000
1320.103	3579.000
1320.241	3772.000
1320.379	3535.000
1320.517	3822.000
1320.655	3666.000
1320.793	3753.000
1320.931	3642.000
1321.069	3867.000
1321.207	3579.000
1321.345	3811.000
1321.483	3632.000
1321.621	3766.000
1321.759	3575.000
1321.897	3715.000
1322.035	3576.000
1322.173	3748.000
1322.311	3598.000
1322.449	3780.000
1322.587	3600.000
1322.725	3750.000
1322.863	3564.000
1323.001	3833.000
1323.139	3637.000
1323.277	3784.000
1323.415	3664.000
1323.552	3802.000
1323.690	3573.000
1323.828	3782.000
1323.966	3224.000
1324.104	3739.000
1324.242	3576.000
1324.379	3714.000
1324.517	3488.000
1324.655	3719.000
1324.793	3505.000
1324.931	3770.000
1325.068	3603.000
1325.206	3714.000
1325.344	3565.000
1325.481	3713.000
1325.619	3520.000
1325.757	3761.000
1325.895	3587.000
1326.032	3724.000
1326.170	3455.000
1326.308	3728.000
1326.445	3492.000
1326.583	3712.000
1326.721	3529.000
1326.858	3690.000
1326.996	3510.000
1327.133	3731.000
1327.271	3499.000
1327.409	3737.000
1327.546	3470.000
1327.684	3775.000
1327.821	3544.000
1327.959	3646.000
1328.096	3573.000
1328.234	3642.000
1328.371	3472.000
1328.509	3626.000
1328.646	3420.000
1328.784	3626.000
1328.921	3435.000
1329.059	3730.000
1329.196	3458.000
1329.334	3703.000
1329.471	3473.000
1329.609	3603.000
1329.746	3442.000
1329.883	3600.000
1330.021	3377.000
1330.158	3626.000
1330.296	3378.000
1330.433	3586.000
1330.570	3399.000
1330.708	3622.000
1330.845	3500.000
1330.982	3640.000
1331.120	3410.000
1331.257	3707.000
1331.394	3392.000
1331.531	3605.000
1331.669	3458.000
1331.806	3642.000
1331.943	3421.000
1332.080	3712.000
1332.218	4787.000
1332.355	3671.000
1332.492	3469.000
1332.629	3643.000
1332.767	3447.000
1332.904	3625.000
1333.041	3363.000
1333.178	3586.000
1333.315	3536.000
1333.452	3722.000
1333.589	3472.000
1333.727	3627.000
1333.864	3434.000
1334.001	3611.000
1334.138	3494.000
1334.275	3703.000
1334.412	3458.000
1334.549	3628.000
1334.686	3417.000
1334.823	3685.000
1334.960	3481.000
1335.097	3685.000
1335.234	3471.000
1335.371	3651.000
1335.508	3485.000
1335.645	3629.000
1335.782	3421.000
1335.919	3587.000
1336.056	3400.000
1336.193	3704.000
1336.330	3419.000
1336.467	3625.000
1336.604	3423.000
1336.741	3681.000
1336.878	3451.000
1337.015	3675.000
1337.151	3436.000
1337.288	3650.000
1337.425	3337.000
1337.562	3657.000
1337.699	3381.000
1337.836	3651.000
1337.972	3389.000
1338.109	3653.000
1338.246	3456.000
1338.383	3631.000
1338.520	3432.000
1338.656	3707.000
1338.793	3365.000
1338.930	3655.000
1339.067	3463.000
1339.203	3595.000
1339.340	3399.000
1339.477	3656.000
1339.613	3429.000
1339.750	3622.000
1339.887	3430.000
1340.023	3612.000
1340.160	3464.000
1340.297	3619.000
1340.433	3489.000
1340.570	3645.000
1340.706	3472.000
1340.843	3699.000
1340.980	3394.000
1341.116	3659.000
1341.253	3406.000
1341.389	3614.000
1341.526	3516.000
1341.662	3709.000
1341.799	3468.000
1341.936	3621.000
1342.072	3492.000
1342.209	3681.000
1342.345	3504.000
1342.482	3716.000
1342.618	3483.000
1342.754	3690.000
1342.891	3431.000
1343.027	3590.000
1343.164	3452.000
1343.300	3686.000
1343.437	3442.000
1343.573	3529.000
1343.709	3501.000
1343.846	3686.000
1343.982	3514.000
1344.118	3606.000
1344.255	3452.000
1344.391	3563.000
1344.527	3508.000
1344.664	3660.000
