1199.956	5980.000
1200.103	5899.000
1200.250	5910.000
1200.396	5985.000
1200.543	5905.000
1200.689	5969.000
1200.836	5898.000
1200.982	5913.000
1201.129	5878.000
1201.275	5900.000
1201.422	5836.000
1201.568	5961.000
1201.715	5926.000
1201.861	5867.000
1202.008	5880.000
1202.154	5986.000
1202.301	5843.000
1202.447	5999.000
1202.593	5886.000
1202.740	5993.000
1202.886	5883.000
1203.033	5921.000
1203.179	6047.000
1203.325	5993.000
1203.472	6024.000
1203.618	5983.000
1203.764	6047.000
1203.911	5968.000
1204.057	6011.000
1204.203	6024.000
1204.350	6025.000
1204.496	6089.000
1204.642	6079.000
1204.789	6047.000
1204.935	6000.000
1205.081	6063.000
1205.227	6127.000
1205.374	6037.000
1205.520	6079.000
1205.666	6115.000
1205.812	6049.000
1205.958	6107.000
1206.105	6020.000
1206.251	6122.000
1206.397	6027.000
1206.543	6054.000
1206.689	6062.000
1206.835	6002.000
1206.981	6024.000
1207.127	6058.000
1207.274	6047.000
1207.420	6037.000
1207.566	6077.000
1207.712	6109.000
1207.858	6048.000
1208.004	6073.000
1208.150	6043.000
1208.296	6068.000
1208.442	6039.000
1208.588	6041.000
1208.734	6127.000
1208.880	6034.000
1209.026	6054.000
1209.172	6024.000
1209.318	5986.000
1209.464	6098.000
1209.610	6049.000
1209.756	6021.000
1209.902	6039.000
1210.048	6023.000
1210.193	6046.000
1210.339	6039.000
1210.485	6073.000
1210.631	6074.000
1210.777	5993.000
1210.923	6033.000
1211.069	6036.000
1211.214	6016.000
1211.360	6064.000
1211.506	6086.000
1211.652	5993.000
1211.798	6034.000
1211.943	6016.000
1212.089	6048.000
1212.235	6004.000
1212.381	5995.000
1212.526	5961.000
1212.672	5967.000
1212.818	6005.000
1212.964	5980.000
1213.109	5980.000
1213.255	6009.000
1213.401	5982.000
1213.546	5955.000
1213.692	5972.000
1213.838	5931.000
1213.983	5887.000
1214.129	5930.000
1214.274	5920.000
1214.420	5953.000
1214.566	5848.000
1214.711	5834.000
1214.857	5831.000
1215.002	5817.000
1215.148	5830.000
1215.293	5900.000
1215.439	5797.000
1215.585	5833.000
1215.730	5779.000
1215.876	5763.000
1216.021	5788.000
1216.166	5781.000
1216.312	5615.000
1216.457	5789.000
1216.603	5676.000
1216.748	5691.000
1216.894	5708.000
1217.039	5692.000
1217.185	5663.000
1217.330	5621.000
1217.475	5612.000
1217.621	5599.000
1217.766	5583.000
1217.912	5674.000
1218.057	5505.000
1218.202	5609.000
1218.348	5450.000
1218.493	5467.000
1218.638	5524.000
1218.783	5537.000
1218.929	5418.000
1219.074	5473.000
1219.219	5368.000
1219.365	5362.000
1219.510	5310.000
1219.655	5362.000
1219.800	5365.000
1219.946	5382.000
1220.091	5235.000
1220.236	5328.000
1220.381	5239.000
1220.526	5272.000
1220.672	5177.000
1220.817	5185.000
1220.962	5139.000
1221.107	5246.000
1221.252	5153.000
1221.397	5124.000
1221.542	5048.000
1221.687	5141.000
1221.833	5047.000
1221.978	5074.000
1222.123	4970.000
1222.268	5004.000
1222.413	4912.000
1222.558	5022.000
1222.703	4897.000
1222.848	5003.000
1222.993	4845.000
1223.138	4946.000
1223.283	4817.000
1223.428	4858.000
1223.573	4780.000
1223.718	4861.000
1223.863	4675.000
1224.008	4817.000
1224.153	4726.000
1224.298	4769.000
1224.442	4664.000
1224.587	4767.000
1224.732	4558.000
1224.877	4714.000
1225.022	4570.000
1225.167	4605.000
1225.312	4564.000
1225.457	4675.000
1225.601	4450.000
1225.746	4615.000
1225.891	4371.000
1226.036	4535.000
1226.181	4430.000
1226.325	4593.000
1226.470	4428.000
1226.615	4546.000
1226.760	4285.000
1226.904	4407.000
1227.049	4371.000
1227.194	4455.000
1227.339	4345.000
1227.483	4501.000
1227.628	4245.000
1227.773	4397.000
1227.917	4217.000
1228.062	4418.000
1228.207	4268.000
1228.351	4442.000
1228.496	4178.000
1228.641	4332.000
1228.785	4102.000
1228.930	4375.000
1229.074	4280.000
1229.219	4283.000
1229.363	4194.000
1229.508	4254.000
1229.653	4123.000
1229.797	4296.000
1229.942	4124.000
1230.086	4332.000
1230.231	4059.000
1230.375	4252.000
1230.520	4100.000
1230.664	4224.000
1230.809	4033.000
1230.953	4298.000
1231.098	4083.000
1231.242	4223.000
1231.386	4028.000
1231.531	4192.000
1231.675	3974.000
1231.820	4179.000
1231.964	4048.000
1232.108	4222.000
1232.253	4017.000
1232.397	4219.000
1232.541	3878.000
1232.686	4206.000
1232.830	3943.000
1232.974	4154.000
1233.119	3972.000
1233.263	4229.000
1233.407	4005.000
1233.552	4163.000
1233.696	3954.000
1233.840	4184.000
1233.984	3952.000
1234.129	4099.000
1234.273	3986.000
1234.417	4171.000
1234.561	3903.000
1234.705	4074.000
1234.850	3947.000
1234.994	4120.000
1235.138	3961.000
1235.282	4102.000
1235.426	3879.000
1235.570	4157.000
1235.715	3970.000
1235.859	4128.000
1236.003	4004.000
1236.147	4144.000
1236.291	3970.000
1236.435	4055.000
1236.579	3917.000
1236.723	4086.000
1236.867	3903.000
1237.011	4119.000
1237.155	4002.000
1237.299	4148.000
1237.443	3927.000
1237.587	4152.000
1237.731	4009.000
1237.875	4079.000
1238.019	3897.000
1238.163	4136.000
1238.307	3919.000
1238.451	4089.000
1238.595	3893.000
1238.739	4130.000
1238.883	3910.000
1239.027	4085.000
1239.171	3915.000
1239.315	4095.000
1239.458	3917.000
1239.602	4074.000
1239.746	3923.000
1239.890	4110.000
1240.034	3922.000
1240.178	4185.000
1240.321	3931.000
1240.465	4066.000
1240.609	3952.000
1240.753	4118.000
1240.896	3892.000
1241.040	4085.000
1241.184	3988.000
1241.328	4115.000
1241.471	3894.000
1241.615	4010.000
1241.759	3900.000
1241.903	4064.000
1242.046	3902.000
1242.190	4065.000
1242.334	3943.000
1242.477	4104.000
1242.621	3898.000
1242.765	4090.000
1242.908	3772.000
1243.052	4116.000
1243.195	3895.000
1243.339	4048.000
1243.483	3853.000
1243.626	4102.000
1243.770	3870.000
1243.913	4051.000
1244.057	3952.000
1244.200	3977.000
1244.344	3816.000
1244.487	4052.000
1244.631	3879.000
1244.774	4029.000
1244.918	3814.000
1245.061	4117.000
1245.205	3952.000
1245.348	4050.000
1245.492	3836.000
1245.635	4070.000
1245.779	3908.000
1245.922	4073.000
1246.065	3818.000
1246.209	4100.000
1246.352	3852.000
1246.496	3977.000
1246.639	3908.000
1246.782	4027.000
1246.926	3855.000
1247.069	4115.000
1247.212	3839.000
1247.356	3894.000
1247.499	3847.000
1247.642	4049.000
1247.785	3910.000
1247.929	3959.000
1248.072	3767.000
1248.215	4056.000
1248.358	3825.000
1248.502	4002.000
1248.645	3815.000
1248.788	4050.000
1248.931	3870.000
1249.075	4014.000
1249.218	3892.000
1249.361	4026.000
1249.504	3849.000
1249.647	4064.000
1249.790	3795.000
1249.933	3975.000
1250.077	3878.000
1250.220	3992.000
1250.363	3744.000
1250.506	4033.000
1250.649	3740.000
1250.792	3948.000
1250.935	3818.000
1251.078	3996.000
1251.221	3819.000
1251.364	3976.000
1251.507	3829.000
1251.650	3900.000
1251.793	3769.000
1251.936	3978.000
1252.079	3874.000
1252.222	3930.000
1252.365	3830.000
1252.508	3931.000
1252.651	3816.000
1252.794	3995.000
1252.937	3765.000
1253.080	3925.000
1253.223	3774.000
1253.366	3938.000
1253.509	3789.000
1253.651	3967.000
1253.794	3723.000
1253.937	4006.000
1254.080	3717.000
1254.223	3960.000
1254.366	3732.000
1254.508	4007.000
1254.651	3767.000
1254.794	4070.000
1254.937	3730.000
1255.080	4038.000
1255.222	3789.000
1255.365	3941.000
1255.508	3780.000
1255.651	3973.000
1255.793	3782.000
1255.936	3908.000
1256.079	3765.000
1256.221	3959.000
1256.364	3731.000
1256.507	3948.000
1256.649	3776.000
1256.792	3946.000
1256.935	3840.000
1257.077	3984.000
1257.220	3826.000
1257.362	3930.000
1257.505	3708.000
1257.648	3979.000
1257.790	3659.000
1257.933	3966.000
1258.075	3816.000
1258.218	3946.000
1258.360	3847.000
1258.503	3896.000
1258.646	3689.000
1258.788	3888.000
1258.931	3759.000
1259.073	4015.000
1259.216	3763.000
1259.358	3915.000
1259.500	3702.000
1259.643	3967.000
1259.785	3770.000
1259.928	3921.000
1260.070	3707.000
1260.213	3948.000
1260.355	3799.000
1260.497	3915.000
1260.640	3737.000
1260.782	3903.000
1260.924	3705.000
1261.067	3951.000
1261.209	3788.000
1261.351	3859.000
1261.494	3643.000
1261.636	3913.000
1261.778	3757.000
1261.921	3987.000
1262.063	3703.000
1262.205	3971.000
1262.348	3754.000
1262.490	3890.000
1262.632	3743.000
1262.774	3924.000
1262.916	3718.000
1263.059	3946.000
1263.201	3712.000
1263.343	3933.000
1263.485	3760.000
1263.627	3977.000
1263.770	3770.000
1263.912	3964.000
1264.054	3716.000
1264.196	3892.000
1264.338	3647.000
1264.480	3965.000
1264.622	3660.000
1264.764	3895.000
1264.906	3701.000
1265.048	3859.000
1265.191	3684.000
1265.333	3880.000
1265.475	3760.000
1265.617	3893.000
1265.759	3723.000
1265.901	3929.000
1266.043	3767.000
1266.185	3881.000
1266.327	3686.000
1266.469	3943.000
1266.611	3775.000
1266.753	3888.000
1266.894	3695.000
1267.036	3974.000
1267.178	3697.000
1267.320	3864.000
1267.462	3695.000
1267.604	3890.000
1267.746	3737.000
1267.888	3919.000
1268.030	3710.000
1268.171	3895.000
1268.313	3699.000
1268.455	3852.000
1268.597	3768.000
1268.739	3868.000
1268.881	3659.000
1269.022	3902.000
1269.164	3645.000
1269.306	3940.000
1269.448	3790.000
1269.589	3843.000
1269.731	3679.000
1269.873	3837.000
1270.015	3746.000
1270.156	3902.000
1270.298	3766.000
1270.440	3931.000
1270.581	3705.000
1270.723	3901.000
1270.865	3731.000
1271.006	3907.000
1271.148	3712.000
1271.289	3969.000
1271.431	3765.000
1271.573	3932.000
1271.714	3710.000
1271.856	3810.000
1271.997	3671.000
1272.139	3913.000
1272.281	3663.000
1272.422	3879.000
1272.564	3709.000
1272.705	3906.000
1272.847	3689.000
1272.988	3893.000
1273.130	3718.000
1273.271	3939.000
1273.413	3589.000
1273.554	3957.000
1273.696	3722.000
1273.837	3912.000
1273.978	3747.000
1274.120	3899.000
1274.261	3704.000
1274.403	3868.000
1274.544	3677.000
1274.685	3884.000
1274.827	3714.000
1274.968	3894.000
1275.110	3647.000
1275.251	3918.000
1275.392	3837.000
1275.534	3924.000
1275.675	3735.000
1275.816	3963.000
1275.957	3681.000
1276.099	3882.000
1276.240	3680.000
1276.381	3925.000
1276.523	3666.000
1276.664	4036.000
1276.805	3728.000
1276.946	3970.000
1277.087	3723.000
1277.229	3950.000
1277.370	3773.000
1277.511	3956.000
1277.652	3663.000
1277.793	3905.000
1277.935	3714.000
1278.076	3933.000
1278.217	3762.000
1278.358	3934.000
1278.499	3638.000
1278.640	3919.000
1278.781	3716.000
1278.922	3905.000
1279.063	3714.000
1279.204	3916.000
1279.345	3680.000
1279.487	3921.000
1279.628	3676.000
1279.769	3955.000
1279.910	3752.000
1280.051	3998.000
1280.192	3752.000
1280.333	3912.000
1280.474	3691.000
1280.615	3865.000
1280.755	3758.000
1280.896	4017.000
1281.037	3715.000
1281.178	3919.000
1281.319	3655.000
1281.460	3939.000
1281.601	3737.000
1281.742	3961.000
1281.883	3726.000
1282.024	3912.000
1282.164	3824.000
1282.305	3891.000
1282.446	3732.000
1282.587	3961.000
1282.728	3700.000
1282.869	3942.000
1283.009	3707.000
1283.150	3986.000
1283.291	3766.000
1283.432	3875.000
1283.572	3722.000
1283.713	3938.000
1283.854	3739.000
1283.995	3877.000
1284.135	3665.000
1284.276	3933.000
1284.417	3797.000
1284.557	3941.000
1284.698	3777.000
1284.839	3987.000
1284.979	3734.000
1285.120	3916.000
1285.261	3700.000
1285.401	3906.000
1285.542	3668.000
1285.682	3892.000
1285.823	3786.000
1285.964	3946.000
1286.104	3704.000
1286.245	3960.000
1286.385	3692.000
1286.526	3938.000
1286.666	3650.000
1286.807	3919.000
1286.947	3710.000
1287.088	3870.000
1287.228	3685.000
1287.369	3864.000
1287.509	3781.000
1287.650	3887.000
1287.790	3720.000
1287.931	3893.000
1288.071	3754.000
1288.212	3913.000
1288.352	3705.000
1288.492	3961.000
1288.633	3718.000
1288.773	3883.000
1288.913	3707.000
1289.054	3946.000
1289.194	3724.000
1289.334	3863.000
1289.475	3710.000
1289.615	3894.000
1289.755	3674.000
1289.896	3830.000
1290.036	3636.000
1290.176	3912.000
1290.317	3774.000
1290.457	3850.000
1290.597	3704.000
1290.737	3902.000
1290.878	3690.000
1291.018	3860.000
1291.158	3654.000
1291.298	3888.000
1291.438	3631.000
1291.579	3848.000
1291.719	3712.000
1291.859	3902.000
1291.999	3675.000
1292.139	3866.000
1292.279	3616.000
1292.419	3877.000
1292.560	3688.000
1292.700	3854.000
1292.840	3694.000
1292.980	3867.000
1293.120	3597.000
1293.260	3825.000
1293.400	3714.000
1293.540	3905.000
1293.680	3666.000
1293.820	3831.000
1293.960	3686.000
1294.100	3808.000
1294.240	3613.000
1294.380	3844.000
1294.520	3666.000
1294.660	3828.000
1294.800	3633.000
1294.940	3833.000
1295.080	3600.000
1295.220	3869.000
1295.360	3662.000
1295.499	3881.000
1295.639	3567.000
1295.779	3870.000
1295.919	3611.000
1296.059	3843.000
1296.199	3641.000
1296.339	3865.000
1296.478	3632.000
1296.618	3806.000
1296.758	3614.000
1296.898	3802.000
1297.038	3593.000
1297.177	3885.000
1297.317	3609.000
1297.457	3796.000
1297.597	3639.000
1297.736	3785.000
1297.876	3665.000
1298.016	3836.000
1298.156	3626.000
1298.295	3750.000
1298.435	3581.000
1298.575	3799.000
1298.714	3641.000
1298.854	3760.000
1298.994	3626.000
1299.133	3777.000
1299.273	3640.000
1299.412	3857.000
1299.552	3600.000
1299.692	3746.000
1299.831	3629.000
1299.971	3783.000
1300.110	3606.000
1300.250	3840.000
1300.389	3620.000
1300.529	3781.000
1300.669	3642.000
1300.808	3813.000
1300.948	3616.000
1301.087	3756.000
1301.227	3587.000
1301.366	3832.000
1301.505	3591.000
1301.645	3742.000
1301.784	3656.000
1301.924	3800.000
1302.063	3590.000
1302.203	3731.000
1302.342	3554.000
1302.481	3819.000
1302.621	3589.000
1302.760	3765.000
1302.900	3597.000
1303.039	3835.000
1303.178	3754.000
1303.318	3777.000
1303.457	3582.000
1303.596	3759.000
1303.736	3536.000
1303.875	3837.000
1304.014	3526.000
1304.153	3822.000
1304.293	3543.000
1304.432	3706.000
1304.571	3623.000
1304.710	3733.000
1304.850	3535.000
1304.989	3733.000
1305.128	3572.000
1305.267	3808.000
1305.406	3546.000
1305.546	3721.000
1305.685	3515.000
1305.824	3703.000
1305.963	3514.000
1306.102	3756.000
1306.241	3540.000
1306.380	3723.000
1306.519	3623.000
1306.659	3712.000
1306.798	3522.000
1306.937	3802.000
1307.076	3543.000
1307.215	3735.000
1307.354	3518.000
1307.493	3671.000
1307.632	3519.000
1307.771	3693.000
1307.910	3520.000
1308.049	3647.000
1308.188	3537.000
1308.327	3631.000
1308.466	3534.000
1308.605	3691.000
1308.744	3558.000
1308.883	3717.000
1309.022	3546.000
1309.161	3727.000
1309.299	3541.000
1309.438	3685.000
1309.577	3552.000
1309.716	3698.000
1309.855	3562.000
1309.994	3685.000
1310.133	3553.000
1310.271	3659.000
1310.410	3547.000
1310.549	3725.000
1310.688	3592.000
1310.827	3689.000
1310.965	3512.000
1311.104	3639.000
1311.243	3518.000
1311.382	3663.000
1311.520	3500.000
1311.659	3742.000
1311.798	3513.000
1311.937	3720.000
1312.075	3499.000
1312.214	3637.000
1312.353	3524.000
1312.491	3648.000
1312.630	3433.000
1312.769	3742.000
1312.907	3503.000
1313.046	3739.000
1313.185	3570.000
1313.323	3752.000
1313.462	3517.000
1313.600	3716.000
1313.739	3494.000
1313.878	3682.000
1314.016	3510.000
1314.155	3748.000
1314.293	3470.000
1314.432	3736.000
1314.570	3543.000
1314.709	3735.000
1314.847	3497.000
1314.986	3706.000
1315.124	3508.000
1315.263	3726.000
1315.401	3518.000
1315.540	3715.000
1315.678	3577.000
1315.816	3764.000
1315.955	3564.000
1316.093	3675.000
1316.232	3521.000
1316.370	3746.000
1316.508	3524.000
1316.647	3735.000
1316.785	3503.000
1316.923	3738.000
1317.062	3481.000
1317.200	3738.000
1317.338	3472.000
1317.477	3770.000
1317.615	3569.000
1317.753	3744.000
1317.892	3487.000
1318.030	3698.000
1318.168	3510.000
1318.306	3659.000
1318.445	3506.000
1318.583	3713.000
1318.721	3562.000
1318.859	3693.000
1318.998	3537.000
1319.136	3721.000
1319.274	3569.000
1319.412	3708.000
1319.550	3522.000
1319.688	3750.000
1319.826	3533.000
1319.965	3676.000
1320.103	3492.000
1320.241	3681.000
1320.379	3436.000
1320.517	3735.000
1320.655	3545.000
1320.793	3646.000
1320.931	3553.000
1321.069	3797.000
1321.207	3472.000
1321.345	3706.000
1321.483	3566.000
1321.621	3698.000
1321.759	3483.000
1321.897	3645.000
1322.035	3482.000
1322.173	3646.000
1322.311	3513.000
1322.449	3692.000
1322.587	3484.000
1322.725	3669.000
1322.863	3466.000
1323.001	3715.000
1323.139	3536.000
1323.277	3688.000
1323.415	3562.000
1323.552	3688.000
1323.690	3495.000
1323.828	3687.000
1323.966	3100.000
1324.104	3666.000
1324.242	3486.000
1324.379	3619.000
1324.517	3407.000
1324.655	3652.000
1324.793	3435.000
1324.931	3664.000
1325.068	3538.000
1325.206	3644.000
1325.344	3496.000
1325.481	3605.000
1325.619	3471.000
1325.757	3675.000
1325.895	3505.000
1326.032	3634.000
1326.170	3379.000
1326.308	3665.000
1326.445	3398.000
1326.583	3602.000
1326.721	3463.000
1326.858	3589.000
1326.996	3449.000
1327.133	3662.000
1327.271	3393.000
1327.409	3673.000
1327.546	3393.000
1327.684	3718.000
1327.821	3463.000
1327.959	3572.000
1328.096	3478.000
1328.234	3587.000
1328.371	3397.000
1328.509	3537.000
1328.646	3344.000
1328.784	3537.000
1328.921	3383.000
1329.059	3634.000
1329.196	3386.000
1329.334	3611.000
1329.471	3370.000
1329.609	3574.000
1329.746	3388.000
1329.883	3571.000
1330.021	3296.000
1330.158	3554.000
1330.296	3310.000
1330.433	3531.000
1330.570	3325.000
1330.708	3534.000
1330.845	3426.000
1330.982	3563.000
1331.120	3365.000
1331.257	3653.000
1331.394	3275.000
1331.531	3553.000
1331.669	3381.000
1331.806	3591.000
1331.943	3363.000
1332.080	3661.000
1332.218	4738.000
1332.355	3605.000
1332.492	3394.000
1332.629	3552.000
1332.767	3397.000
1332.904	3554.000
1333.041	3283.000
1333.178	3515.000
1333.315	3463.000
1333.452	3632.000
1333.589	3419.000
1333.727	3517.000
1333.864	3347.000
1334.001	3553.000
1334.138	3437.000
1334.275	3663.000
1334.412	3378.000
1334.549	3540.000
1334.686	3339.000
1334.823	3608.000
1334.960	3399.000
1335.097	3617.000
1335.234	3411.000
1335.371	3593.000
1335.508	3432.000
1335.645	3562.000
1335.782	3344.000
1335.919	3542.000
1336.056	3346.000
1336.193	3617.000
1336.330	3364.000
1336.467	3558.000
1336.604	3340.000
1336.741	3619.000
1336.878	3396.000
1337.015	3647.000
1337.151	3386.000
1337.288	3581.000
1337.425	3280.000
1337.562	3567.000
1337.699	3315.000
1337.836	3601.000
1337.972	3340.000
1338.109	3630.000
1338.246	3368.000
1338.383	3575.000
1338.520	3381.000
1338.656	3627.000
1338.793	3318.000
1338.930	3582.000
1339.067	3392.000
1339.203	3541.000
1339.340	3365.000
1339.477	3596.000
1339.613	3368.000
1339.750	3548.000
1339.887	3374.000
1340.023	3554.000
1340.160	3393.000
1340.297	3541.000
1340.433	3404.000
1340.570	3562.000
1340.706	3406.000
1340.843	3645.000
1340.980	3339.000
1341.116	3590.000
1341.253	3309.000
1341.389	3558.000
1341.526	3418.000
1341.662	3625.000
1341.799	3369.000
1341.936	3586.000
1342.072	3413.000
1342.209	3622.000
1342.345	3403.000
1342.482	3638.000
1342.618	3409.000
1342.754	3619.000
1342.891	3411.000
1343.027	3571.000
1343.164	3393.000
1343.300	3625.000
1343.437	3384.000
1343.573	3482.000
1343.709	3419.000
1343.846	3641.000
1343.982	3465.000
1344.118	3562.000
1344.255	3375.000
1344.391	3500.000
1344.527	3441.000
1344.664	3632.000
