1199.956	4789.000
1200.103	4850.000
1200.250	4794.000
1200.396	4953.000
1200.543	4795.000
1200.689	4940.000
1200.836	4755.000
1200.982	4935.000
1201.129	4793.000
1201.275	4889.000
1201.422	4736.000
1201.568	4960.000
1201.715	4770.000
1201.861	4866.000
1202.008	4773.000
1202.154	4968.000
1202.301	4719.000
1202.447	4956.000
1202.593	4737.000
1202.740	4947.000
1202.886	4730.000
1203.033	4859.000
1203.179	4892.000
1203.325	4907.000
1203.472	4838.000
1203.618	4930.000
1203.764	4830.000
1203.911	4897.000
1204.057	4782.000
1204.203	4909.000
1204.350	4824.000
1204.496	4960.000
1204.642	4866.000
1204.789	4929.000
1204.935	4770.000
1205.081	4921.000
1205.227	4856.000
1205.374	4887.000
1205.520	4833.000
1205.666	4933.000
1205.812	4794.000
1205.958	4940.000
1206.105	4797.000
1206.251	4995.000
1206.397	4769.000
1206.543	4920.000
1206.689	4833.000
1206.835	4930.000
1206.981	4825.000
1207.127	4952.000
1207.274	4781.000
1207.420	4886.000
1207.566	4853.000
1207.712	4960.000
1207.858	4795.000
1208.004	4951.000
1208.150	4790.000
1208.296	4939.000
1208.442	4784.000
1208.588	4907.000
1208.734	4839.000
1208.880	4915.000
1209.026	4800.000
1209.172	4881.000
1209.318	4746.000
1209.464	4982.000
1209.610	4859.000
1209.756	4911.000
1209.902	4795.000
1210.048	4914.000
1210.193	4792.000
1210.339	4887.000
1210.485	4829.000
1210.631	4962.000
1210.777	4779.000
1210.923	4910.000
1211.069	4808.000
1211.214	4893.000
1211.360	4833.000
1211.506	5005.000
1211.652	4796.000
1211.798	4936.000
1211.943	4833.000
1212.089	4933.000
1212.235	4793.000
1212.381	4931.000
1212.526	4798.000
1212.672	4929.000
1212.818	4883.000
1212.964	4919.000
1213.109	4824.000
1213.255	4987.000
1213.401	4862.000
1213.546	4924.000
1213.692	4890.000
1213.838	4920.000
1213.983	4808.000
1214.129	4931.000
1214.274	4860.000
1214.420	4986.000
1214.566	4841.000
1214.711	4912.000
1214.857	4831.000
1215.002	4876.000
1215.148	4855.000
1215.293	5004.000
1215.439	4850.000
1215.585	4950.000
1215.730	4836.000
1215.876	4917.000
1216.021	4867.000
1216.166	4949.000
1216.312	4731.000
1216.457	4980.000
1216.603	4864.000
1216.748	4925.000
1216.894	4898.000
1217.039	5018.000
1217.185	4888.000
1217.330	4974.000
1217.475	4874.000
1217.621	4968.000
1217.766	4903.000
1217.912	5049.000
1218.057	4827.000
1218.202	5009.000
1218.348	4858.000
1218.493	4942.000
1218.638	4974.000
1218.783	5041.000
1218.929	4899.000
1219.074	5007.000
1219.219	4917.000
1219.365	4946.000
1219.510	4862.000
1219.655	4980.000
1219.800	4927.000
1219.946	5064.000
1220.091	4871.000
1220.236	5029.000
1220.381	4952.000
1220.526	5021.000
1220.672	4905.000
1220.817	4940.000
1220.962	4919.000
1221.107	5075.000
1221.252	4983.000
1221.397	5003.000
1221.542	4911.000
1221.687	5078.000
1221.833	4942.000
1221.978	5033.000
1222.123	4900.000
1222.268	5026.000
1222.413	4904.000
1222.558	5075.000
1222.703	4970.000
1222.848	5099.000
1222.993	4939.000
1223.138	5073.000
1223.283	4960.000
1223.428	5014.000
1223.573	4951.000
1223.718	5085.000
1223.863	4915.000
1224.008	5047.000
1224.153	4960.000
1224.298	5047.000
1224.442	4942.000
1224.587	5112.000
1224.732	4872.000
1224.877	5068.000
1225.022	4955.000
1225.167	4992.000
1225.312	4951.000
1225.457	5074.000
1225.601	4882.000
1225.746	5065.000
1225.891	4836.000
1226.036	5012.000
1226.181	4936.000
1226.325	5097.000
1226.470	4958.000
1226.615	5070.000
1226.760	4854.000
1226.904	4967.000
1227.049	4919.000
1227.194	5054.000
1227.339	4972.000
1227.483	5109.000
1227.628	4907.000
1227.773	5009.000
1227.917	4898.000
1228.062	5067.000
1228.207	4924.000
1228.351	5131.000
1228.496	4902.000
1228.641	5027.000
1228.785	4856.000
1228.930	5108.000
1229.074	5035.000
1229.219	5013.000
1229.363	4955.000
1229.508	5041.000
1229.653	4906.000
1229.797	5053.000
1229.942	4927.000
1230.086	5105.000
1230.231	4898.000
1230.375	5070.000
1230.520	4895.000
1230.664	5020.000
1230.809	4886.000
1230.953	5124.000
1231.098	4947.000
1231.242	5046.000
1231.386	4887.000
1231.531	5026.000
1231.675	4891.000
1231.820	5019.000
1231.964	4962.000
1232.108	5066.000
1232.253	4951.000
1232.397	5085.000
1232.541	4848.000
1232.686	5083.000
1232.830	4894.000
1232.974	5079.000
1233.119	4898.000
1233.263	5161.000
1233.407	4958.000
1233.552	5073.000
1233.696	4930.000
1233.840	5100.000
1233.984	4920.000
1234.129	5076.000
1234.273	4951.000
1234.417	5131.000
1234.561	4922.000
1234.705	5052.000
1234.850	4930.000
1234.994	5075.000
1235.138	4943.000
1235.282	5084.000
1235.426	4924.000
1235.570	5091.000
1235.715	4957.000
1235.859	5110.000
1236.003	5057.000
1236.147	5161.000
1236.291	4976.000
1236.435	5073.000
1236.579	4950.000
1236.723	5082.000
1236.867	4944.000
1237.011	5160.000
1237.155	5063.000
1237.299	5178.000
1237.443	4973.000
1237.587	5171.000
1237.731	5103.000
1237.875	5124.000
1238.019	4983.000
1238.163	5175.000
1238.307	4991.000
1238.451	5132.000
1238.595	4977.000
1238.739	5155.000
1238.883	4962.000
1239.027	5127.000
1239.171	5016.000
1239.315	5144.000
1239.458	5024.000
1239.602	5129.000
1239.746	5018.000
1239.890	5147.000
1240.034	5017.000
1240.178	5247.000
1240.321	5025.000
1240.465	5146.000
1240.609	5067.000
1240.753	5201.000
1240.896	4976.000
1241.040	5173.000
1241.184	5098.000
1241.328	5184.000
1241.471	5015.000
1241.615	5130.000
1241.759	5013.000
1241.903	5153.000
1242.046	5022.000
1242.190	5167.000
1242.334	5050.000
1242.477	5166.000
1242.621	5056.000
1242.765	5169.000
1242.908	4901.000
1243.052	5208.000
1243.195	5012.000
1243.339	5156.000
1243.483	5031.000
1243.626	5202.000
1243.770	5007.000
1243.913	5170.000
1244.057	5114.000
1244.200	5083.000
1244.344	4967.000
1244.487	5191.000
1244.631	5064.000
1244.774	5150.000
1244.918	4977.000
1245.061	5240.000
1245.205	5103.000
1245.348	5193.000
1245.492	5013.000
1245.635	5179.000
1245.779	5069.000
1245.922	5206.000
1246.065	4973.000
1246.209	5230.000
1246.352	5030.000
1246.496	5114.000
1246.639	5059.000
1246.782	5156.000
1246.926	5032.000
1247.069	5258.000
1247.212	5001.000
1247.356	5063.000
1247.499	5049.000
1247.642	5202.000
1247.785	5074.000
1247.929	5102.000
1248.072	4937.000
1248.215	5191.000
1248.358	5009.000
1248.502	5154.000
1248.645	4999.000
1248.788	5201.000
1248.931	5048.000
1249.075	5158.000
1249.218	5053.000
1249.361	5219.000
1249.504	4999.000
1249.647	5215.000
1249.790	5015.000
1249.933	5106.000
1250.077	5049.000
1250.220	5159.000
1250.363	4931.000
1250.506	5183.000
1250.649	4964.000
1250.792	5122.000
1250.935	5007.000
1251.078	5183.000
1251.221	5011.000
1251.364	5153.000
1251.507	5014.000
1251.650	5054.000
1251.793	4952.000
1251.936	5136.000
1252.079	5075.000
1252.222	5073.000
1252.365	4998.000
1252.508	5103.000
1252.651	5049.000
1252.794	5133.000
1252.937	4954.000
1253.080	5083.000
1253.223	4994.000
1253.366	5130.000
1253.509	5001.000
1253.651	5148.000
1253.794	4939.000
1253.937	5140.000
1254.080	4921.000
1254.223	5147.000
1254.366	4965.000
1254.508	5184.000
1254.651	4982.000
1254.794	5232.000
1254.937	4920.000
1255.080	5230.000
1255.222	4982.000
1255.365	5145.000
1255.508	4980.000
1255.651	5158.000
1255.793	4995.000
1255.936	5097.000
1256.079	4990.000
1256.221	5151.000
1256.364	4949.000
1256.507	5134.000
1256.649	4972.000
1256.792	5171.000
1256.935	5076.000
1257.077	5146.000
1257.220	5022.000
1257.362	5113.000
1257.505	4941.000
1257.648	5187.000
1257.790	4885.000
1257.933	5158.000
1258.075	5043.000
1258.218	5121.000
1258.360	5038.000
1258.503	5061.000
1258.646	4902.000
1258.788	5098.000
1258.931	4978.000
1259.073	5202.000
1259.216	4972.000
1259.358	5134.000
1259.500	4902.000
1259.643	5162.000
1259.785	4963.000
1259.928	5079.000
1260.070	4916.000
1260.213	5149.000
1260.355	4999.000
1260.497	5080.000
1260.640	4925.000
1260.782	5121.000
1260.924	4949.000
1261.067	5137.000
1261.209	5011.000
1261.351	5043.000
1261.494	4853.000
1261.636	5113.000
1261.778	4942.000
1261.921	5172.000
1262.063	4920.000
1262.205	5129.000
1262.348	4928.000
1262.490	5098.000
1262.632	4954.000
1262.774	5134.000
1262.916	4941.000
1263.059	5120.000
1263.201	4942.000
1263.343	5099.000
1263.485	4931.000
1263.627	5122.000
1263.770	4929.000
1263.912	5145.000
1264.054	4906.000
1264.196	5049.000
1264.338	4853.000
1264.480	5088.000
1264.622	4879.000
1264.764	5019.000
1264.906	4875.000
1265.048	5009.000
1265.191	4857.000
1265.333	5024.000
1265.475	4925.000
1265.617	5035.000
1265.759	4904.000
1265.901	5083.000
1266.043	4936.000
1266.185	5018.000
1266.327	4830.000
1266.469	5066.000
1266.611	4936.000
1266.753	5037.000
1266.894	4839.000
1267.036	5071.000
1267.178	4842.000
1267.320	4985.000
1267.462	4827.000
1267.604	5028.000
1267.746	4861.000
1267.888	5048.000
1268.030	4842.000
1268.171	5005.000
1268.313	4815.000
1268.455	4959.000
1268.597	4899.000
1268.739	4989.000
1268.881	4798.000
1269.022	4966.000
1269.164	4755.000
1269.306	5036.000
1269.448	4908.000
1269.589	4965.000
1269.731	4799.000
1269.873	4946.000
1270.015	4833.000
1270.156	4995.000
1270.298	4863.000
1270.440	5014.000
1270.581	4802.000
1270.723	4988.000
1270.865	4801.000
1271.006	4982.000
1271.148	4799.000
1271.289	5008.000
1271.431	4863.000
1271.573	5008.000
1271.714	4785.000
1271.856	4851.000
1271.997	4738.000
1272.139	4973.000
1272.281	4688.000
1272.422	4939.000
1272.564	4752.000
1272.705	4920.000
1272.847	4742.000
1272.988	4937.000
1273.130	4739.000
1273.271	4953.000
1273.413	4639.000
1273.554	4963.000
1273.696	4766.000
1273.837	4893.000
1273.978	4772.000
1274.120	4955.000
1274.261	4766.000
1274.403	4903.000
1274.544	4712.000
1274.685	4898.000
1274.827	4733.000
1274.968	4918.000
1275.110	4682.000
1275.251	4912.000
1275.392	4832.000
1275.534	4919.000
1275.675	4750.000
1275.816	4942.000
1275.957	4691.000
1276.099	4899.000
1276.240	4683.000
1276.381	4921.000
1276.523	4647.000
1276.664	5004.000
1276.805	4763.000
1276.946	4952.000
1277.087	4732.000
1277.229	4935.000
1277.370	4771.000
1277.511	4956.000
1277.652	4681.000
1277.793	4891.000
1277.935	4709.000
1278.076	4933.000
1278.217	4761.000
1278.358	4924.000
1278.499	4630.000
1278.640	4917.000
1278.781	4728.000
1278.922	4874.000
1279.063	4723.000
1279.204	4920.000
1279.345	4654.000
1279.487	4882.000
1279.628	4663.000
1279.769	4933.000
1279.910	4760.000
1280.051	4982.000
1280.192	4736.000
1280.333	4882.000
1280.474	4666.000
1280.615	4841.000
1280.755	4766.000
1280.896	4977.000
1281.037	4698.000
1281.178	4923.000
1281.319	4625.000
1281.460	4901.000
1281.601	4711.000
1281.742	4889.000
1281.883	4698.000
1282.024	4885.000
1282.164	4794.000
1282.305	4847.000
1282.446	4717.000
1282.587	4927.000
1282.728	4704.000
1282.869	4910.000
1283.009	4641.000
1283.150	4943.000
1283.291	4714.000
1283.432	4829.000
1283.572	4707.000
1283.713	4882.000
1283.854	4722.000
1283.995	4841.000
1284.135	4632.000
1284.276	4879.000
1284.417	4770.000
1284.557	4913.000
1284.698	4732.000
1284.839	4938.000
1284.979	4699.000
1285.120	4888.000
1285.261	4685.000
1285.401	4887.000
1285.542	4611.000
1285.682	4854.000
1285.823	4754.000
1285.964	4891.000
1286.104	4682.000
1286.245	4896.000
1286.385	4665.000
1286.526	4904.000
1286.666	4625.000
1286.807	4855.000
1286.947	4672.000
1287.088	4795.000
1287.228	4636.000
1287.369	4832.000
1287.509	4758.000
1287.650	4838.000
1287.790	4660.000
1287.931	4846.000
1288.071	4689.000
1288.212	4830.000
1288.352	4648.000
1288.492	4872.000
1288.633	4642.000
1288.773	4823.000
1288.913	4615.000
1289.054	4886.000
1289.194	4611.000
1289.334	4795.000
1289.475	4651.000
1289.615	4780.000
1289.755	4599.000
1289.896	4719.000
1290.036	4582.000
1290.176	4844.000
1290.317	4693.000
1290.457	4775.000
1290.597	4608.000
1290.737	4803.000
1290.878	4609.000
1291.018	4764.000
1291.158	4561.000
1291.298	4736.000
1291.438	4546.000
1291.579	4731.000
1291.719	4607.000
1291.859	4784.000
1291.999	4571.000
1292.139	4725.000
1292.279	4525.000
1292.419	4766.000
1292.560	4587.000
1292.700	4723.000
1292.840	4579.000
1292.980	4704.000
1293.120	4452.000
1293.260	4685.000
1293.400	4590.000
1293.540	4767.000
1293.680	4562.000
1293.820	4690.000
1293.960	4546.000
1294.100	4646.000
1294.240	4452.000
1294.380	4694.000
1294.520	4523.000
1294.660	4669.000
1294.800	4454.000
1294.940	4656.000
1295.080	4436.000
1295.220	4702.000
1295.360	4475.000
1295.499	4698.000
1295.639	4411.000
1295.779	4679.000
1295.919	4446.000
1296.059	4650.000
1296.199	4420.000
1296.339	4685.000
1296.478	4416.000
1296.618	4595.000
1296.758	4401.000
1296.898	4563.000
1297.038	4386.000
1297.177	4629.000
1297.317	4407.000
1297.457	4569.000
1297.597	4412.000
1297.736	4540.000
1297.876	4414.000
1298.016	4614.000
1298.156	4405.000
1298.295	4508.000
1298.435	4375.000
1298.575	4561.000
1298.714	4412.000
1298.854	4508.000
1298.994	4395.000
1299.133	4512.000
1299.273	4375.000
1299.412	4587.000
1299.552	4355.000
1299.692	4488.000
1299.831	4384.000
1299.971	4537.000
1300.110	4349.000
1300.250	4568.000
1300.389	4347.000
1300.529	4541.000
1300.669	4386.000
1300.808	4523.000
1300.948	4344.000
1301.087	4503.000
1301.227	4306.000
1301.366	4529.000
1301.505	4343.000
1301.645	4447.000
1301.784	4348.000
1301.924	4503.000
1302.063	4293.000
1302.203	4421.000
1302.342	4265.000
1302.481	4508.000
1302.621	4288.000
1302.760	4472.000
1302.900	4275.000
1303.039	4519.000
1303.178	4495.000
1303.318	4472.000
1303.457	4292.000
1303.596	4448.000
1303.736	4231.000
1303.875	4506.000
1304.014	4225.000
1304.153	4477.000
1304.293	4231.000
1304.432	4353.000
1304.571	4303.000
1304.710	4425.000
1304.850	4246.000
1304.989	4394.000
1305.128	4226.000
1305.267	4484.000
1305.406	4239.000
1305.546	4409.000
1305.685	4219.000
1305.824	4372.000
1305.963	4219.000
1306.102	4430.000
1306.241	4264.000
1306.380	4378.000
1306.519	4310.000
1306.659	4388.000
1306.798	4196.000
1306.937	4482.000
1307.076	4224.000
1307.215	4415.000
1307.354	4226.000
1307.493	4344.000
1307.632	4231.000
1307.771	4376.000
1307.910	4214.000
1308.049	4322.000
1308.188	4184.000
1308.327	4319.000
1308.466	4254.000
1308.605	4382.000
1308.744	4213.000
1308.883	4371.000
1309.022	4224.000
1309.161	4416.000
1309.299	4202.000
1309.438	4375.000
1309.577	4237.000
1309.716	4384.000
1309.855	4250.000
1309.994	4349.000
1310.133	4204.000
1310.271	4335.000
1310.410	4251.000
1310.549	4406.000
1310.688	4261.000
1310.827	4378.000
1310.965	4209.000
1311.104	4326.000
1311.243	4195.000
1311.382	4354.000
1311.520	4191.000
1311.659	4428.000
1311.798	4211.000
1311.937	4390.000
1312.075	4204.000
1312.214	4358.000
1312.353	4222.000
1312.491	4368.000
1312.630	4148.000
1312.769	4409.000
1312.907	4186.000
1313.046	4439.000
1313.185	4230.000
1313.323	4435.000
1313.462	4172.000
1313.600	4407.000
1313.739	4204.000
1313.878	4351.000
1314.016	4194.000
1314.155	4401.000
1314.293	4167.000
1314.432	4428.000
1314.570	4204.000
1314.709	4434.000
1314.847	4167.000
1314.986	4379.000
1315.124	4199.000
1315.263	4389.000
1315.401	4211.000
1315.540	4402.000
1315.678	4264.000
1315.816	4439.000
1315.955	4261.000
1316.093	4351.000
1316.232	4205.000
1316.370	4414.000
1316.508	4161.000
1316.647	4416.000
1316.785	4181.000
1316.923	4427.000
1317.062	4158.000
1317.200	4420.000
1317.338	4174.000
1317.477	4423.000
1317.615	4242.000
1317.753	4382.000
1317.892	4146.000
1318.030	4341.000
1318.168	4179.000
1318.306	4319.000
1318.445	4173.000
1318.583	4354.000
1318.721	4178.000
1318.859	4333.000
1318.998	4171.000
1319.136	4345.000
1319.274	4171.000
1319.412	4331.000
1319.550	4136.000
1319.688	4349.000
1319.826	4118.000
1319.965	4319.000
1320.103	4119.000
1320.241	4292.000
1320.379	4021.000
1320.517	4304.000
1320.655	4150.000
1320.793	4222.000
1320.931	4142.000
1321.069	4359.000
1321.207	4076.000
1321.345	4295.000
1321.483	4114.000
1321.621	4255.000
1321.759	4060.000
1321.897	4188.000
1322.035	4057.000
1322.173	4205.000
1322.311	4075.000
1322.449	4232.000
1322.587	4063.000
1322.725	4203.000
1322.863	4004.000
1323.001	4245.000
1323.139	4055.000
1323.277	4199.000
1323.415	4087.000
1323.552	4200.000
1323.690	4016.000
1323.828	4187.000
1323.966	3581.000
1324.104	4144.000
1324.242	3966.000
1324.379	4110.000
1324.517	3889.000
1324.655	4111.000
1324.793	3907.000
1324.931	4100.000
1325.068	3999.000
1325.206	4109.000
1325.344	3929.000
1325.481	4055.000
1325.619	3907.000
1325.757	4111.000
1325.895	3922.000
1326.032	4077.000
1326.170	3817.000
1326.308	4109.000
1326.445	3827.000
1326.583	4037.000
1326.721	3859.000
1326.858	3987.000
1326.996	3848.000
1327.133	4049.000
1327.271	3772.000
1327.409	4044.000
1327.546	3766.000
1327.684	4072.000
1327.821	3844.000
1327.959	3949.000
1328.096	3855.000
1328.234	3928.000
1328.371	3760.000
1328.509	3860.000
1328.646	3706.000
1328.784	3883.000
1328.921	3733.000
1329.059	3997.000
1329.196	3731.000
1329.334	3967.000
1329.471	3734.000
1329.609	3862.000
1329.746	3689.000
1329.883	3850.000
1330.021	3640.000
1330.158	3886.000
1330.296	3633.000
1330.433	3860.000
1330.570	3658.000
1330.708	3853.000
1330.845	3758.000
1330.982	3871.000
1331.120	3673.000
1331.257	3943.000
1331.394	3616.000
1331.531	3851.000
1331.669	3688.000
1331.806	3884.000
1331.943	3648.000
1332.080	3961.000
1332.218	4954.000
1332.355	3890.000
1332.492	3705.000
1332.629	3838.000
1332.767	3676.000
1332.904	3821.000
1333.041	3594.000
1333.178	3782.000
1333.315	3736.000
1333.452	3895.000
1333.589	3692.000
1333.727	3812.000
1333.864	3625.000
1334.001	3845.000
1334.138	3725.000
1334.275	3904.000
1334.412	3653.000
1334.549	3818.000
1334.686	3620.000
1334.823	3861.000
1334.960	3670.000
1335.097	3896.000
1335.234	3671.000
1335.371	3854.000
1335.508	3669.000
1335.645	3816.000
1335.782	3592.000
1335.919	3775.000
1336.056	3588.000
1336.193	3864.000
1336.330	3601.000
1336.467	3830.000
1336.604	3602.000
1336.741	3864.000
1336.878	3638.000
1337.015	3863.000
1337.151	3606.000
1337.288	3829.000
1337.425	3509.000
1337.562	3805.000
1337.699	3569.000
1337.836	3840.000
1337.972	3594.000
1338.109	3842.000
1338.246	3628.000
1338.383	3808.000
1338.520	3609.000
1338.656	3874.000
1338.793	3532.000
1338.930	3819.000
1339.067	3618.000
1339.203	3740.000
1339.340	3561.000
1339.477	3801.000
1339.613	3578.000
1339.750	3794.000
1339.887	3567.000
1340.023	3751.000
1340.160	3613.000
1340.297	3778.000
1340.433	3631.000
1340.570	3765.000
1340.706	3622.000
1340.843	3838.000
1340.980	3562.000
1341.116	3812.000
1341.253	3528.000
1341.389	3760.000
1341.526	3648.000
1341.662	3818.000
1341.799	3577.000
1341.936	3738.000
1342.072	3601.000
1342.209	3793.000
1342.345	3596.000
1342.482	3859.000
1342.618	3598.000
1342.754	3848.000
1342.891	3568.000
1343.027	3785.000
1343.164	3592.000
1343.300	3815.000
1343.437	3592.000
1343.573	3709.000
1343.709	3617.000
1343.846	3812.000
1343.982	3665.000
1344.118	3753.000
1344.255	3597.000
1344.391	3713.000
1344.527	3642.000
1344.664	3824.000
