1199.956	5390.000
1200.103	5379.000
1200.250	5342.000
1200.396	5446.000
1200.543	5301.000
1200.689	5405.000
1200.836	5296.000
1200.982	5392.000
1201.129	5287.000
1201.275	5345.000
1201.422	5222.000
1201.568	5401.000
1201.715	5291.000
1201.861	5317.000
1202.008	5289.000
1202.154	5403.000
1202.301	5223.000
1202.447	5447.000
1202.593	5212.000
1202.740	5434.000
1202.886	5215.000
1203.033	5308.000
1203.179	5396.000
1203.325	5335.000
1203.472	5327.000
1203.618	5357.000
1203.764	5312.000
1203.911	5345.000
1204.057	5284.000
1204.203	5334.000
1204.350	5307.000
1204.496	5416.000
1204.642	5331.000
1204.789	5361.000
1204.935	5243.000
1205.081	5350.000
1205.227	5320.000
1205.374	5335.000
1205.520	5305.000
1205.666	5420.000
1205.812	5290.000
1205.958	5365.000
1206.105	5255.000
1206.251	5386.000
1206.397	5210.000
1206.543	5341.000
1206.689	5274.000
1206.835	5281.000
1206.981	5258.000
1207.127	5341.000
1207.274	5187.000
1207.420	5276.000
1207.566	5251.000
1207.712	5302.000
1207.858	5189.000
1208.004	5313.000
1208.150	5193.000
1208.296	5297.000
1208.442	5174.000
1208.588	5243.000
1208.734	5242.000
1208.880	5235.000
1209.026	5147.000
1209.172	5188.000
1209.318	5115.000
1209.464	5259.000
1209.610	5190.000
1209.756	5214.000
1209.902	5157.000
1210.048	5211.000
1210.193	5163.000
1210.339	5202.000
1210.485	5154.000
1210.631	5230.000
1210.777	5055.000
1210.923	5180.000
1211.069	5070.000
1211.214	5163.000
1211.360	5138.000
1211.506	5235.000
1211.652	5057.000
1211.798	5123.000
1211.943	5096.000
1212.089	5160.000
1212.235	5054.000
1212.381	5147.000
1212.526	5044.000
1212.672	5114.000
1212.818	5079.000
1212.964	5104.000
1213.109	5040.000
1213.255	5128.000
1213.401	5081.000
1213.546	5121.000
1213.692	5047.000
1213.838	5097.000
1213.983	4982.000
1214.129	5098.000
1214.274	5014.000
1214.420	5116.000
1214.566	4983.000
1214.711	5012.000
1214.857	4941.000
1215.002	4999.000
1215.148	4961.000
1215.293	5112.000
1215.439	4938.000
1215.585	5029.000
1215.730	4934.000
1215.876	4977.000
1216.021	4923.000
1216.166	5032.000
1216.312	4804.000
1216.457	5033.000
1216.603	4891.000
1216.748	4959.000
1216.894	4921.000
1217.039	5011.000
1217.185	4917.000
1217.330	4951.000
1217.475	4870.000
1217.621	4922.000
1217.766	4866.000
1217.912	4985.000
1218.057	4798.000
1218.202	4926.000
1218.348	4764.000
1218.493	4844.000
1218.638	4887.000
1218.783	4903.000
1218.929	4818.000
1219.074	4888.000
1219.219	4790.000
1219.365	4810.000
1219.510	4727.000
1219.655	4830.000
1219.800	4781.000
1219.946	4858.000
1220.091	4686.000
1220.236	4829.000
1220.381	4766.000
1220.526	4837.000
1220.672	4663.000
1220.817	4710.000
1220.962	4707.000
1221.107	4822.000
1221.252	4722.000
1221.397	4740.000
1221.542	4656.000
1221.687	4767.000
1221.833	4644.000
1221.978	4713.000
1222.123	4600.000
1222.268	4666.000
1222.413	4568.000
1222.558	4715.000
1222.703	4588.000
1222.848	4697.000
1222.993	4543.000
1223.138	4690.000
1223.283	4570.000
1223.428	4615.000
1223.573	4552.000
1223.718	4642.000
1223.863	4448.000
1224.008	4600.000
1224.153	4528.000
1224.298	4592.000
1224.442	4479.000
1224.587	4626.000
1224.732	4381.000
1224.877	4591.000
1225.022	4469.000
1225.167	4492.000
1225.312	4463.000
1225.457	4544.000
1225.601	4348.000
1225.746	4542.000
1225.891	4331.000
1226.036	4460.000
1226.181	4339.000
1226.325	4518.000
1226.470	4382.000
1226.615	4517.000
1226.760	4250.000
1226.904	4391.000
1227.049	4336.000
1227.194	4419.000
1227.339	4323.000
1227.483	4502.000
1227.628	4270.000
1227.773	4396.000
1227.917	4246.000
1228.062	4483.000
1228.207	4285.000
1228.351	4470.000
1228.496	4211.000
1228.641	4387.000
1228.785	4170.000
1228.930	4440.000
1229.074	4356.000
1229.219	4349.000
1229.363	4277.000
1229.508	4342.000
1229.653	4183.000
1229.797	4342.000
1229.942	4207.000
1230.086	4422.000
1230.231	4148.000
1230.375	4358.000
1230.520	4190.000
1230.664	4364.000
1230.809	4148.000
1230.953	4399.000
1231.098	4190.000
1231.242	4315.000
1231.386	4144.000
1231.531	4309.000
1231.675	4115.000
1231.820	4269.000
1231.964	4162.000
1232.108	4336.000
1232.253	4152.000
1232.397	4322.000
1232.541	4056.000
1232.686	4336.000
1232.830	4131.000
1232.974	4300.000
1233.119	4114.000
1233.263	4336.000
1233.407	4148.000
1233.552	4318.000
1233.696	4119.000
1233.840	4317.000
1233.984	4096.000
1234.129	4256.000
1234.273	4132.000
1234.417	4310.000
1234.561	4087.000
1234.705	4222.000
1234.850	4084.000
1234.994	4290.000
1235.138	4136.000
1235.282	4262.000
1235.426	4064.000
1235.570	4284.000
1235.715	4129.000
1235.859	4288.000
1236.003	4160.000
1236.147	4337.000
1236.291	4134.000
1236.435	4234.000
1236.579	4082.000
1236.723	4253.000
1236.867	4054.000
1237.011	4290.000
1237.155	4206.000
1237.299	4316.000
1237.443	4094.000
1237.587	4345.000
1237.731	4199.000
1237.875	4255.000
1238.019	4080.000
1238.163	4292.000
1238.307	4111.000
1238.451	4264.000
1238.595	4103.000
1238.739	4311.000
1238.883	4091.000
1239.027	4242.000
1239.171	4136.000
1239.315	4253.000
1239.458	4117.000
1239.602	4262.000
1239.746	4121.000
1239.890	4278.000
1240.034	4098.000
1240.178	4354.000
1240.321	4122.000
1240.465	4232.000
1240.609	4129.000
1240.753	4310.000
1240.896	4063.000
1241.040	4266.000
1241.184	4185.000
1241.328	4285.000
1241.471	4120.000
1241.615	4246.000
1241.759	4126.000
1241.903	4233.000
1242.046	4114.000
1242.190	4250.000
1242.334	4122.000
1242.477	4287.000
1242.621	4104.000
1242.765	4279.000
1242.908	3971.000
1243.052	4307.000
1243.195	4098.000
1243.339	4247.000
1243.483	4076.000
1243.626	4309.000
1243.770	4099.000
1243.913	4253.000
1244.057	4196.000
1244.200	4171.000
1244.344	4035.000
1244.487	4267.000
1244.631	4095.000
1244.774	4237.000
1244.918	4072.000
1245.061	4292.000
1245.205	4157.000
1245.348	4282.000
1245.492	4042.000
1245.635	4254.000
1245.779	4120.000
1245.922	4269.000
1246.065	4028.000
1246.209	4275.000
1246.352	4066.000
1246.496	4167.000
1246.639	4102.000
1246.782	4229.000
1246.926	4078.000
1247.069	4310.000
1247.212	4027.000
1247.356	4119.000
1247.499	4063.000
1247.642	4248.000
1247.785	4115.000
1247.929	4181.000
1248.072	3970.000
1248.215	4239.000
1248.358	4037.000
1248.502	4198.000
1248.645	4026.000
1248.788	4231.000
1248.931	4059.000
1249.075	4204.000
1249.218	4091.000
1249.361	4223.000
1249.504	4038.000
1249.647	4258.000
1249.790	4029.000
1249.933	4140.000
1250.077	4060.000
1250.220	4188.000
1250.363	3957.000
1250.506	4225.000
1250.649	3929.000
1250.792	4136.000
1250.935	3982.000
1251.078	4201.000
1251.221	4031.000
1251.364	4164.000
1251.507	4025.000
1251.650	4094.000
1251.793	3986.000
1251.936	4162.000
1252.079	4095.000
1252.222	4112.000
1252.365	3995.000
1252.508	4120.000
1252.651	4023.000
1252.794	4171.000
1252.937	3982.000
1253.080	4096.000
1253.223	4000.000
1253.366	4149.000
1253.509	4001.000
1253.651	4158.000
1253.794	3902.000
1253.937	4207.000
1254.080	3920.000
1254.223	4167.000
1254.366	3973.000
1254.508	4212.000
1254.651	4005.000
1254.794	4235.000
1254.937	3932.000
1255.080	4269.000
1255.222	3977.000
1255.365	4163.000
1255.508	4000.000
1255.651	4168.000
1255.793	3991.000
1255.936	4095.000
1256.079	3945.000
1256.221	4167.000
1256.364	3930.000
1256.507	4160.000
1256.649	3967.000
1256.792	4147.000
1256.935	4052.000
1257.077	4207.000
1257.220	4033.000
1257.362	4138.000
1257.505	3944.000
1257.648	4181.000
1257.790	3870.000
1257.933	4164.000
1258.075	4004.000
1258.218	4129.000
1258.360	4045.000
1258.503	4102.000
1258.646	3887.000
1258.788	4083.000
1258.931	3976.000
1259.073	4220.000
1259.216	3965.000
1259.358	4132.000
1259.500	3920.000
1259.643	4144.000
1259.785	3963.000
1259.928	4131.000
1260.070	3897.000
1260.213	4166.000
1260.355	4022.000
1260.497	4123.000
1260.640	3943.000
1260.782	4114.000
1260.924	3910.000
1261.067	4151.000
1261.209	3996.000
1261.351	4062.000
1261.494	3871.000
1261.636	4120.000
1261.778	3952.000
1261.921	4199.000
1262.063	3901.000
1262.205	4180.000
1262.348	3954.000
1262.490	4102.000
1262.632	3952.000
1262.774	4118.000
1262.916	3938.000
1263.059	4141.000
1263.201	3940.000
1263.343	4129.000
1263.485	3950.000
1263.627	4159.000
1263.770	3985.000
1263.912	4159.000
1264.054	3938.000
1264.196	4086.000
1264.338	3888.000
1264.480	4188.000
1264.622	3894.000
1264.764	4087.000
1264.906	3901.000
1265.048	4076.000
1265.191	3901.000
1265.333	4068.000
1265.475	3929.000
1265.617	4109.000
1265.759	3898.000
1265.901	4126.000
1266.043	3965.000
1266.185	4092.000
1266.327	3887.000
1266.469	4135.000
1266.611	3979.000
1266.753	4107.000
1266.894	3875.000
1267.036	4142.000
1267.178	3923.000
1267.320	4059.000
1267.462	3914.000
1267.604	4102.000
1267.746	3913.000
1267.888	4119.000
1268.030	3908.000
1268.171	4109.000
1268.313	3859.000
1268.455	4071.000
1268.597	3981.000
1268.739	4095.000
1268.881	3877.000
1269.022	4091.000
1269.164	3858.000
1269.306	4146.000
1269.448	4000.000
1269.589	4058.000
1269.731	3899.000
1269.873	4062.000
1270.015	3932.000
1270.156	4116.000
1270.298	3943.000
1270.440	4138.000
1270.581	3923.000
1270.723	4108.000
1270.865	3938.000
1271.006	4132.000
1271.148	3910.000
1271.289	4144.000
1271.431	3977.000
1271.573	4156.000
1271.714	3939.000
1271.856	4003.000
1271.997	3887.000
1272.139	4159.000
1272.281	3872.000
1272.422	4102.000
1272.564	3917.000
1272.705	4110.000
1272.847	3931.000
1272.988	4133.000
1273.130	3925.000
1273.271	4186.000
1273.413	3819.000
1273.554	4168.000
1273.696	3958.000
1273.837	4092.000
1273.978	3988.000
1274.120	4154.000
1274.261	3948.000
1274.403	4109.000
1274.544	3924.000
1274.685	4113.000
1274.827	3982.000
1274.968	4149.000
1275.110	3902.000
1275.251	4134.000
1275.392	4074.000
1275.534	4145.000
1275.675	3984.000
1275.816	4235.000
1275.957	3936.000
1276.099	4147.000
1276.240	3975.000
1276.381	4186.000
1276.523	3926.000
1276.664	4266.000
1276.805	3972.000
1276.946	4232.000
1277.087	3981.000
1277.229	4174.000
1277.370	4010.000
1277.511	4210.000
1277.652	3927.000
1277.793	4172.000
1277.935	3976.000
1278.076	4209.000
1278.217	4040.000
1278.358	4176.000
1278.499	3917.000
1278.640	4215.000
1278.781	4002.000
1278.922	4161.000
1279.063	3983.000
1279.204	4204.000
1279.345	3941.000
1279.487	4179.000
1279.628	3930.000
1279.769	4229.000
1279.910	4012.000
1280.051	4256.000
1280.192	3992.000
1280.333	4159.000
1280.474	3958.000
1280.615	4138.000
1280.755	4022.000
1280.896	4280.000
1281.037	3989.000
1281.178	4217.000
1281.319	3903.000
1281.460	4185.000
1281.601	3983.000
1281.742	4188.000
1281.883	3975.000
1282.024	4145.000
1282.164	4074.000
1282.305	4132.000
1282.446	3991.000
1282.587	4222.000
1282.728	3972.000
1282.869	4184.000
1283.009	3958.000
1283.150	4243.000
1283.291	3993.000
1283.432	4105.000
1283.572	3960.000
1283.713	4179.000
1283.854	3997.000
1283.995	4089.000
1284.135	3883.000
1284.276	4154.000
1284.417	4042.000
1284.557	4176.000
1284.698	4019.000
1284.839	4216.000
1284.979	3963.000
1285.120	4135.000
1285.261	3947.000
1285.401	4107.000
1285.542	3868.000
1285.682	4106.000
1285.823	4018.000
1285.964	4182.000
1286.104	3930.000
1286.245	4168.000
1286.385	3924.000
1286.526	4162.000
1286.666	3873.000
1286.807	4149.000
1286.947	3895.000
1287.088	4045.000
1287.228	3865.000
1287.369	4074.000
1287.509	3992.000
1287.650	4086.000
1287.790	3909.000
1287.931	4099.000
1288.071	3906.000
1288.212	4110.000
1288.352	3903.000
1288.492	4130.000
1288.633	3902.000
1288.773	4053.000
1288.913	3887.000
1289.054	4142.000
1289.194	3915.000
1289.334	4064.000
1289.475	3899.000
1289.615	4067.000
1289.755	3890.000
1289.896	4013.000
1290.036	3867.000
1290.176	4109.000
1290.317	3947.000
1290.457	4039.000
1290.597	3873.000
1290.737	4072.000
1290.878	3891.000
1291.018	4040.000
1291.158	3824.000
1291.298	4079.000
1291.438	3808.000
1291.579	4029.000
1291.719	3847.000
1291.859	4063.000
1291.999	3847.000
1292.139	4017.000
1292.279	3818.000
1292.419	4040.000
1292.560	3860.000
1292.700	4004.000
1292.840	3846.000
1292.980	4047.000
1293.120	3755.000
1293.260	4011.000
1293.400	3903.000
1293.540	4086.000
1293.680	3864.000
1293.820	3994.000
1293.960	3858.000
1294.100	3953.000
1294.240	3796.000
1294.380	4010.000
1294.520	3819.000
1294.660	4006.000
1294.800	3800.000
1294.940	3999.000
1295.080	3744.000
1295.220	4018.000
1295.360	3819.000
1295.499	4055.000
1295.639	3761.000
1295.779	4027.000
1295.919	3779.000
1296.059	3991.000
1296.199	3782.000
1296.339	4029.000
1296.478	3746.000
1296.618	3974.000
1296.758	3767.000
1296.898	3957.000
1297.038	3775.000
1297.177	4028.000
1297.317	3765.000
1297.457	3952.000
1297.597	3787.000
1297.736	3957.000
1297.876	3798.000
1298.016	4013.000
1298.156	3785.000
1298.295	3930.000
1298.435	3755.000
1298.575	3970.000
1298.714	3815.000
1298.854	3919.000
1298.994	3770.000
1299.133	3919.000
1299.273	3799.000
1299.412	3999.000
1299.552	3746.000
1299.692	3917.000
1299.831	3793.000
1299.971	3957.000
1300.110	3768.000
1300.250	4034.000
1300.389	3805.000
1300.529	3961.000
1300.669	3786.000
1300.808	3966.000
1300.948	3788.000
1301.087	3943.000
1301.227	3746.000
1301.366	3985.000
1301.505	3776.000
1301.645	3909.000
1301.784	3813.000
1301.924	3965.000
1302.063	3731.000
1302.203	3912.000
1302.342	3712.000
1302.481	3967.000
1302.621	3731.000
1302.760	3931.000
1302.900	3761.000
1303.039	4009.000
1303.178	3905.000
1303.318	3931.000
1303.457	3746.000
1303.596	3912.000
1303.736	3711.000
1303.875	3967.000
1304.014	3704.000
1304.153	3988.000
1304.293	3712.000
1304.432	3855.000
1304.571	3763.000
1304.710	3887.000
1304.850	3717.000
1304.989	3899.000
1305.128	3731.000
1305.267	3959.000
1305.406	3724.000
1305.546	3874.000
1305.685	3707.000
1305.824	3852.000
1305.963	3672.000
1306.102	3921.000
1306.241	3719.000
1306.380	3894.000
1306.519	3771.000
1306.659	3890.000
1306.798	3689.000
1306.937	3988.000
1307.076	3707.000
1307.215	3887.000
1307.354	3693.000
1307.493	3840.000
1307.632	3723.000
1307.771	3857.000
1307.910	3712.000
1308.049	3806.000
1308.188	3711.000
1308.327	3801.000
1308.466	3722.000
1308.605	3882.000
1308.744	3691.000
1308.883	3898.000
1309.022	3719.000
1309.161	3942.000
1309.299	3695.000
1309.438	3856.000
1309.577	3729.000
1309.716	3858.000
1309.855	3712.000
1309.994	3844.000
1310.133	3702.000
1310.271	3820.000
1310.410	3732.000
1310.549	3893.000
1310.688	3751.000
1310.827	3870.000
1310.965	3687.000
1311.104	3825.000
1311.243	3678.000
1311.382	3836.000
1311.520	3701.000
1311.659	3923.000
1311.798	3702.000
1311.937	3889.000
1312.075	3675.000
1312.214	3813.000
1312.353	3699.000
1312.491	3837.000
1312.630	3632.000
1312.769	3902.000
1312.907	3660.000
1313.046	3897.000
1313.185	3742.000
1313.323	3924.000
1313.462	3677.000
1313.600	3894.000
1313.739	3698.000
1313.878	3858.000
1314.016	3658.000
1314.155	3899.000
1314.293	3636.000
1314.432	3938.000
1314.570	3705.000
1314.709	3929.000
1314.847	3621.000
1314.986	3874.000
1315.124	3701.000
1315.263	3896.000
1315.401	3732.000
1315.540	3893.000
1315.678	3757.000
1315.816	3938.000
1315.955	3756.000
1316.093	3874.000
1316.232	3694.000
1316.370	3942.000
1316.508	3675.000
1316.647	3924.000
1316.785	3663.000
1316.923	3931.000
1317.062	3648.000
1317.200	3922.000
1317.338	3670.000
1317.477	3932.000
1317.615	3765.000
1317.753	3913.000
1317.892	3659.000
1318.030	3893.000
1318.168	3686.000
1318.306	3870.000
1318.445	3705.000
1318.583	3922.000
1318.721	3724.000
1318.859	3870.000
1318.998	3723.000
1319.136	3917.000
1319.274	3759.000
1319.412	3869.000
1319.550	3698.000
1319.688	3907.000
1319.826	3666.000
1319.965	3861.000
1320.103	3667.000
1320.241	3897.000
1320.379	3610.000
1320.517	3899.000
1320.655	3745.000
1320.793	3827.000
1320.931	3727.000
1321.069	3946.000
1321.207	3650.000
1321.345	3903.000
1321.483	3715.000
1321.621	3850.000
1321.759	3640.000
1321.897	3811.000
1322.035	3661.000
1322.173	3789.000
1322.311	3669.000
1322.449	3835.000
1322.587	3663.000
1322.725	3836.000
1322.863	3647.000
1323.001	3901.000
1323.139	3713.000
1323.277	3857.000
1323.415	3749.000
1323.552	3839.000
1323.690	3651.000
1323.828	3835.000
1323.966	3288.000
1324.104	3791.000
1324.242	3631.000
1324.379	3760.000
1324.517	3541.000
1324.655	3785.000
1324.793	3588.000
1324.931	3806.000
1325.068	3679.000
1325.206	3800.000
1325.344	3633.000
1325.481	3768.000
1325.619	3620.000
1325.757	3824.000
1325.895	3643.000
1326.032	3806.000
1326.170	3533.000
1326.308	3805.000
1326.445	3554.000
1326.583	3711.000
1326.721	3585.000
1326.858	3722.000
1326.996	3587.000
1327.133	3788.000
1327.271	3541.000
1327.409	3789.000
1327.546	3510.000
1327.684	3852.000
1327.821	3567.000
1327.959	3684.000
1328.096	3592.000
1328.234	3716.000
1328.371	3535.000
1328.509	3656.000
1328.646	3479.000
1328.784	3663.000
1328.921	3522.000
1329.059	3757.000
1329.196	3537.000
1329.334	3764.000
1329.471	3501.000
1329.609	3646.000
1329.746	3471.000
1329.883	3661.000
1330.021	3421.000
1330.158	3680.000
1330.296	3396.000
1330.433	3657.000
1330.570	3432.000
1330.708	3660.000
1330.845	3557.000
1330.982	3666.000
1331.120	3450.000
1331.257	3765.000
1331.394	3417.000
1331.531	3649.000
1331.669	3492.000
1331.806	3703.000
1331.943	3470.000
1332.080	3752.000
1332.218	4832.000
1332.355	3724.000
1332.492	3518.000
1332.629	3673.000
1332.767	3517.000
1332.904	3657.000
1333.041	3384.000
1333.178	3635.000
1333.315	3578.000
1333.452	3720.000
1333.589	3534.000
1333.727	3618.000
1333.864	3464.000
1334.001	3667.000
1334.138	3532.000
1334.275	3746.000
1334.412	3481.000
1334.549	3627.000
1334.686	3439.000
1334.823	3701.000
1334.960	3507.000
1335.097	3699.000
1335.234	3530.000
1335.371	3704.000
1335.508	3495.000
1335.645	3676.000
1335.782	3460.000
1335.919	3631.000
1336.056	3432.000
1336.193	3730.000
1336.330	3460.000
1336.467	3692.000
1336.604	3449.000
1336.741	3758.000
1336.878	3496.000
1337.015	3715.000
1337.151	3462.000
1337.288	3707.000
1337.425	3393.000
1337.562	3678.000
1337.699	3415.000
1337.836	3699.000
1337.972	3440.000
1338.109	3725.000
1338.246	3479.000
1338.383	3663.000
1338.520	3463.000
1338.656	3770.000
1338.793	3418.000
1338.930	3685.000
1339.067	3513.000
1339.203	3605.000
1339.340	3446.000
1339.477	3688.000
1339.613	3466.000
1339.750	3658.000
1339.887	3478.000
1340.023	3630.000
1340.160	3488.000
1340.297	3645.000
1340.433	3507.000
1340.570	3637.000
1340.706	3522.000
1340.843	3724.000
1340.980	3419.000
1341.116	3677.000
1341.253	3421.000
1341.389	3651.000
1341.526	3567.000
1341.662	3707.000
1341.799	3496.000
1341.936	3671.000
1342.072	3547.000
1342.209	3730.000
1342.345	3515.000
1342.482	3740.000
1342.618	3516.000
1342.754	3744.000
1342.891	3496.000
1343.027	3659.000
1343.164	3491.000
1343.300	3705.000
1343.437	3481.000
1343.573	3573.000
1343.709	3515.000
1343.846	3718.000
1343.982	3567.000
1344.118	3672.000
1344.255	3488.000
1344.391	3575.000
1344.527	3528.000
1344.664	3725.000
