1199.956	6149.000
1200.103	6066.000
1200.250	6076.000
1200.396	6186.000
1200.543	6071.000
1200.689	6152.000
1200.836	6074.000
1200.982	6127.000
1201.129	6068.000
1201.275	6110.000
1201.422	6022.000
1201.568	6165.000
1201.715	6059.000
1201.861	6082.000
1202.008	6048.000
1202.154	6170.000
1202.301	6059.000
1202.447	6153.000
1202.593	6095.000
1202.740	6218.000
1202.886	6081.000
1203.033	6139.000
1203.179	6262.000
1203.325	6174.000
1203.472	6211.000
1203.618	6185.000
1203.764	6242.000
1203.911	6205.000
1204.057	6236.000
1204.203	6248.000
1204.350	6239.000
1204.496	6303.000
1204.642	6304.000
1204.789	6263.000
1204.935	6238.000
1205.081	6236.000
1205.227	6324.000
1205.374	6247.000
1205.520	6314.000
1205.666	6319.000
1205.812	6287.000
1205.958	6310.000
1206.105	6224.000
1206.251	6348.000
1206.397	6253.000
1206.543	6294.000
1206.689	6312.000
1206.835	6223.000
1206.981	6296.000
1207.127	6294.000
1207.274	6270.000
1207.420	6272.000
1207.566	6321.000
1207.712	6334.000
1207.858	6248.000
1208.004	6334.000
1208.150	6256.000
1208.296	6299.000
1208.442	6277.000
1208.588	6257.000
1208.734	6345.000
1208.880	6279.000
1209.026	6303.000
1209.172	6284.000
1209.318	6254.000
1209.464	6338.000
1209.610	6293.000
1209.756	6264.000
1209.902	6281.000
1210.048	6307.000
1210.193	6293.000
1210.339	6275.000
1210.485	6319.000
1210.631	6307.000
1210.777	6249.000
1210.923	6282.000
1211.069	6271.000
1211.214	6269.000
1211.360	6314.000
1211.506	6329.000
1211.652	6265.000
1211.798	6271.000
1211.943	6287.000
1212.089	6274.000
1212.235	6225.000
1212.381	6255.000
1212.526	6220.000
1212.672	6234.000
1212.818	6263.000
1212.964	6206.000
1213.109	6208.000
1213.255	6251.000
1213.401	6233.000
1213.546	6220.000
1213.692	6242.000
1213.838	6170.000
1213.983	6137.000
1214.129	6169.000
1214.274	6183.000
1214.420	6171.000
1214.566	6139.000
1214.711	6089.000
1214.857	6081.000
1215.002	6066.000
1215.148	6101.000
1215.293	6150.000
1215.439	6038.000
1215.585	6086.000
1215.730	6018.000
1215.876	5994.000
1216.021	6008.000
1216.166	6026.000
1216.312	5838.000
1216.457	5986.000
1216.603	5921.000
1216.748	5902.000
1216.894	5910.000
1217.039	5933.000
1217.185	5892.000
1217.330	5872.000
1217.475	5798.000
1217.621	5834.000
1217.766	5799.000
1217.912	5859.000
1218.057	5696.000
1218.202	5779.000
1218.348	5657.000
1218.493	5666.000
1218.638	5722.000
1218.783	5702.000
1218.929	5622.000
1219.074	5651.000
1219.219	5577.000
1219.365	5553.000
1219.510	5504.000
1219.655	5550.000
1219.800	5519.000
1219.946	5527.000
1220.091	5420.000
1220.236	5471.000
1220.381	5423.000
1220.526	5452.000
1220.672	5323.000
1220.817	5345.000
1220.962	5307.000
1221.107	5392.000
1221.252	5304.000
1221.397	5311.000
1221.542	5179.000
1221.687	5270.000
1221.833	5170.000
1221.978	5193.000
1222.123	5080.000
1222.268	5166.000
1222.413	5009.000
1222.558	5191.000
1222.703	5043.000
1222.848	5119.000
1222.993	4966.000
1223.138	5080.000
1223.283	4967.000
1223.428	4961.000
1223.573	4888.000
1223.718	5010.000
1223.863	4780.000
1224.008	4909.000
1224.153	4800.000
1224.298	4866.000
1224.442	4772.000
1224.587	4872.000
1224.732	4666.000
1224.877	4820.000
1225.022	4688.000
1225.167	4712.000
1225.312	4686.000
1225.457	4751.000
1225.601	4539.000
1225.746	4711.000
1225.891	4460.000
1226.036	4611.000
1226.181	4510.000
1226.325	4656.000
1226.470	4490.000
1226.615	4636.000
1226.760	4382.000
1226.904	4487.000
1227.049	4448.000
1227.194	4527.000
1227.339	4428.000
1227.483	4539.000
1227.628	4348.000
1227.773	4475.000
1227.917	4279.000
1228.062	4483.000
1228.207	4315.000
1228.351	4485.000
1228.496	4247.000
1228.641	4400.000
1228.785	4174.000
1228.930	4441.000
1229.074	4328.000
1229.219	4322.000
1229.363	4274.000
1229.508	4335.000
1229.653	4180.000
1229.797	4327.000
1229.942	4178.000
1230.086	4372.000
1230.231	4123.000
1230.375	4324.000
1230.520	4140.000
1230.664	4286.000
1230.809	4093.000
1230.953	4357.000
1231.098	4124.000
1231.242	4261.000
1231.386	4053.000
1231.531	4231.000
1231.675	4052.000
1231.820	4202.000
1231.964	4091.000
1232.108	4244.000
1232.253	4084.000
1232.397	4266.000
1232.541	3946.000
1232.686	4221.000
1232.830	3998.000
1232.974	4193.000
1233.119	4011.000
1233.263	4263.000
1233.407	4057.000
1233.552	4180.000
1233.696	4011.000
1233.840	4236.000
1233.984	4025.000
1234.129	4144.000
1234.273	4016.000
1234.417	4216.000
1234.561	3965.000
1234.705	4133.000
1234.850	3980.000
1234.994	4168.000
1235.138	3999.000
1235.282	4158.000
1235.426	3943.000
1235.570	4209.000
1235.715	4003.000
1235.859	4177.000
1236.003	4053.000
1236.147	4245.000
1236.291	4014.000
1236.435	4109.000
1236.579	3984.000
1236.723	4131.000
1236.867	3933.000
1237.011	4177.000
1237.155	4058.000
1237.299	4187.000
1237.443	3927.000
1237.587	4227.000
1237.731	4077.000
1237.875	4111.000
1238.019	3955.000
1238.163	4154.000
1238.307	3985.000
1238.451	4135.000
1238.595	3940.000
1238.739	4184.000
1238.883	3964.000
1239.027	4112.000
1239.171	3944.000
1239.315	4131.000
1239.458	3984.000
1239.602	4140.000
1239.746	3942.000
1239.890	4158.000
1240.034	3994.000
1240.178	4211.000
1240.321	3987.000
1240.465	4119.000
1240.609	3990.000
1240.753	4162.000
1240.896	3918.000
1241.040	4130.000
1241.184	4035.000
1241.328	4152.000
1241.471	3963.000
1241.615	4095.000
1241.759	3963.000
1241.903	4102.000
1242.046	3955.000
1242.190	4110.000
1242.334	3995.000
1242.477	4174.000
1242.621	3967.000
1242.765	4104.000
1242.908	3798.000
1243.052	4164.000
1243.195	3923.000
1243.339	4086.000
1243.483	3911.000
1243.626	4144.000
1243.770	3935.000
1243.913	4097.000
1244.057	4017.000
1244.200	4027.000
1244.344	3891.000
1244.487	4094.000
1244.631	3956.000
1244.774	4085.000
1244.918	3899.000
1245.061	4145.000
1245.205	4016.000
1245.348	4114.000
1245.492	3876.000
1245.635	4115.000
1245.779	3955.000
1245.922	4087.000
1246.065	3871.000
1246.209	4139.000
1246.352	3899.000
1246.496	4008.000
1246.639	3923.000
1246.782	4068.000
1246.926	3919.000
1247.069	4177.000
1247.212	3868.000
1247.356	3949.000
1247.499	3894.000
1247.642	4098.000
1247.785	3942.000
1247.929	4016.000
1248.072	3824.000
1248.215	4093.000
1248.358	3879.000
1248.502	4059.000
1248.645	3877.000
1248.788	4073.000
1248.931	3896.000
1249.075	4045.000
1249.218	3934.000
1249.361	4072.000
1249.504	3894.000
1249.647	4127.000
1249.790	3871.000
1249.933	4006.000
1250.077	3898.000
1250.220	4030.000
1250.363	3798.000
1250.506	4072.000
1250.649	3778.000
1250.792	3979.000
1250.935	3843.000
1251.078	4052.000
1251.221	3876.000
1251.364	4009.000
1251.507	3878.000
1251.650	3958.000
1251.793	3840.000
1251.936	4014.000
1252.079	3929.000
1252.222	3949.000
1252.365	3840.000
1252.508	3993.000
1252.651	3856.000
1252.794	4016.000
1252.937	3785.000
1253.080	3960.000
1253.223	3808.000
1253.366	3986.000
1253.509	3831.000
1253.651	4011.000
1253.794	3767.000
1253.937	4040.000
1254.080	3747.000
1254.223	4000.000
1254.366	3791.000
1254.508	4048.000
1254.651	3814.000
1254.794	4096.000
1254.937	3757.000
1255.080	4081.000
1255.222	3776.000
1255.365	3975.000
1255.508	3814.000
1255.651	4004.000
1255.793	3811.000
1255.936	3942.000
1256.079	3813.000
1256.221	4030.000
1256.364	3771.000
1256.507	3984.000
1256.649	3790.000
1256.792	3995.000
1256.935	3886.000
1257.077	4028.000
1257.220	3870.000
1257.362	3984.000
1257.505	3764.000
1257.648	4039.000
1257.790	3687.000
1257.933	4003.000
1258.075	3839.000
1258.218	3983.000
1258.360	3838.000
1258.503	3938.000
1258.646	3717.000
1258.788	3930.000
1258.931	3819.000
1259.073	4048.000
1259.216	3794.000
1259.358	3954.000
1259.500	3744.000
1259.643	4006.000
1259.785	3775.000
1259.928	3949.000
1260.070	3739.000
1260.213	3994.000
1260.355	3830.000
1260.497	3963.000
1260.640	3754.000
1260.782	3981.000
1260.924	3763.000
1261.067	3983.000
1261.209	3819.000
1261.351	3913.000
1261.494	3715.000
1261.636	3950.000
1261.778	3775.000
1261.921	4017.000
1262.063	3737.000
1262.205	3995.000
1262.348	3763.000
1262.490	3932.000
1262.632	3765.000
1262.774	3969.000
1262.916	3775.000
1263.059	3948.000
1263.201	3775.000
1263.343	3932.000
1263.485	3784.000
1263.627	4014.000
1263.770	3799.000
1263.912	4002.000
1264.054	3753.000
1264.196	3880.000
1264.338	3736.000
1264.480	3988.000
1264.622	3706.000
1264.764	3878.000
1264.906	3716.000
1265.048	3891.000
1265.191	3735.000
1265.333	3890.000
1265.475	3774.000
1265.617	3936.000
1265.759	3761.000
1265.901	3953.000
1266.043	3795.000
1266.185	3924.000
1266.327	3721.000
1266.469	3941.000
1266.611	3810.000
1266.753	3929.000
1266.894	3735.000
1267.036	3990.000
1267.178	3740.000
1267.320	3924.000
1267.462	3720.000
1267.604	3916.000
1267.746	3739.000
1267.888	3946.000
1268.030	3721.000
1268.171	3923.000
1268.313	3685.000
1268.455	3872.000
1268.597	3800.000
1268.739	3897.000
1268.881	3698.000
1269.022	3907.000
1269.164	3654.000
1269.306	3967.000
1269.448	3804.000
1269.589	3900.000
1269.731	3732.000
1269.873	3864.000
1270.015	3780.000
1270.156	3920.000
1270.298	3795.000
1270.440	3988.000
1270.581	3743.000
1270.723	3936.000
1270.865	3754.000
1271.006	3927.000
1271.148	3748.000
1271.289	3960.000
1271.431	3785.000
1271.573	3974.000
1271.714	3772.000
1271.856	3831.000
1271.997	3662.000
1272.139	3944.000
1272.281	3679.000
1272.422	3920.000
1272.564	3728.000
1272.705	3912.000
1272.847	3725.000
1272.988	3905.000
1273.130	3727.000
1273.271	3958.000
1273.413	3611.000
1273.554	3972.000
1273.696	3741.000
1273.837	3918.000
1273.978	3742.000
1274.120	3943.000
1274.261	3739.000
1274.403	3907.000
1274.544	3704.000
1274.685	3880.000
1274.827	3756.000
1274.968	3927.000
1275.110	3674.000
1275.251	3902.000
1275.392	3881.000
1275.534	3916.000
1275.675	3733.000
1275.816	3962.000
1275.957	3685.000
1276.099	3899.000
1276.240	3687.000
1276.381	3912.000
1276.523	3699.000
1276.664	4018.000
1276.805	3766.000
1276.946	3976.000
1277.087	3738.000
1277.229	3952.000
1277.370	3758.000
1277.511	3953.000
1277.652	3663.000
1277.793	3912.000
1277.935	3702.000
1278.076	3949.000
1278.217	3774.000
1278.358	3926.000
1278.499	3662.000
1278.640	3942.000
1278.781	3758.000
1278.922	3909.000
1279.063	3744.000
1279.204	3941.000
1279.345	3695.000
1279.487	3917.000
1279.628	3666.000
1279.769	3968.000
1279.910	3758.000
1280.051	4042.000
1280.192	3750.000
1280.333	3929.000
1280.474	3722.000
1280.615	3908.000
1280.755	3800.000
1280.896	4028.000
1281.037	3745.000
1281.178	3959.000
1281.319	3653.000
1281.460	3922.000
1281.601	3740.000
1281.742	3998.000
1281.883	3743.000
1282.024	3907.000
1282.164	3845.000
1282.305	3896.000
1282.446	3746.000
1282.587	3965.000
1282.728	3706.000
1282.869	3966.000
1283.009	3692.000
1283.150	4008.000
1283.291	3793.000
1283.432	3850.000
1283.572	3739.000
1283.713	3947.000
1283.854	3767.000
1283.995	3885.000
1284.135	3657.000
1284.276	3956.000
1284.417	3788.000
1284.557	3945.000
1284.698	3780.000
1284.839	4014.000
1284.979	3767.000
1285.120	3940.000
1285.261	3734.000
1285.401	3911.000
1285.542	3667.000
1285.682	3884.000
1285.823	3804.000
1285.964	3948.000
1286.104	3734.000
1286.245	3953.000
1286.385	3737.000
1286.526	3952.000
1286.666	3682.000
1286.807	3940.000
1286.947	3705.000
1287.088	3899.000
1287.228	3674.000
1287.369	3895.000
1287.509	3811.000
1287.650	3909.000
1287.790	3733.000
1287.931	3916.000
1288.071	3766.000
1288.212	3941.000
1288.352	3720.000
1288.492	3957.000
1288.633	3754.000
1288.773	3901.000
1288.913	3703.000
1289.054	3955.000
1289.194	3727.000
1289.334	3887.000
1289.475	3727.000
1289.615	3868.000
1289.755	3713.000
1289.896	3840.000
1290.036	3673.000
1290.176	3953.000
1290.317	3779.000
1290.457	3874.000
1290.597	3709.000
1290.737	3906.000
1290.878	3718.000
1291.018	3862.000
1291.158	3682.000
1291.298	3884.000
1291.438	3644.000
1291.579	3871.000
1291.719	3725.000
1291.859	3888.000
1291.999	3667.000
1292.139	3853.000
1292.279	3658.000
1292.419	3904.000
1292.560	3676.000
1292.700	3852.000
1292.840	3731.000
1292.980	3863.000
1293.120	3602.000
1293.260	3839.000
1293.400	3762.000
1293.540	3944.000
1293.680	3735.000
1293.820	3823.000
1293.960	3721.000
1294.100	3817.000
1294.240	3634.000
1294.380	3857.000
1294.520	3668.000
1294.660	3831.000
1294.800	3624.000
1294.940	3845.000
1295.080	3627.000
1295.220	3880.000
1295.360	3676.000
1295.499	3878.000
1295.639	3596.000
1295.779	3840.000
1295.919	3638.000
1296.059	3878.000
1296.199	3620.000
1296.339	3863.000
1296.478	3608.000
1296.618	3817.000
1296.758	3623.000
1296.898	3787.000
1297.038	3612.000
1297.177	3863.000
1297.317	3624.000
1297.457	3794.000
1297.597	3635.000
1297.736	3801.000
1297.876	3634.000
1298.016	3851.000
1298.156	3630.000
1298.295	3767.000
1298.435	3589.000
1298.575	3791.000
1298.714	3621.000
1298.854	3753.000
1298.994	3646.000
1299.133	3786.000
1299.273	3643.000
1299.412	3842.000
1299.552	3608.000
1299.692	3763.000
1299.831	3653.000
1299.971	3823.000
1300.110	3617.000
1300.250	3869.000
1300.389	3609.000
1300.529	3820.000
1300.669	3639.000
1300.808	3831.000
1300.948	3612.000
1301.087	3763.000
1301.227	3583.000
1301.366	3815.000
1301.505	3601.000
1301.645	3741.000
1301.784	3660.000
1301.924	3810.000
1302.063	3596.000
1302.203	3720.000
1302.342	3555.000
1302.481	3827.000
1302.621	3576.000
1302.760	3747.000
1302.900	3604.000
1303.039	3835.000
1303.178	3778.000
1303.318	3762.000
1303.457	3587.000
1303.596	3751.000
1303.736	3529.000
1303.875	3845.000
1304.014	3565.000
1304.153	3787.000
1304.293	3547.000
1304.432	3689.000
1304.571	3610.000
1304.710	3735.000
1304.850	3549.000
1304.989	3728.000
1305.128	3552.000
1305.267	3784.000
1305.406	3523.000
1305.546	3707.000
1305.685	3535.000
1305.824	3683.000
1305.963	3518.000
1306.102	3729.000
1306.241	3553.000
1306.380	3703.000
1306.519	3600.000
1306.659	3720.000
1306.798	3533.000
1306.937	3788.000
1307.076	3538.000
1307.215	3711.000
1307.354	3504.000
1307.493	3671.000
1307.632	3566.000
1307.771	3724.000
1307.910	3539.000
1308.049	3631.000
1308.188	3534.000
1308.327	3648.000
1308.466	3587.000
1308.605	3709.000
1308.744	3530.000
1308.883	3735.000
1309.022	3543.000
1309.161	3752.000
1309.299	3542.000
1309.438	3695.000
1309.577	3555.000
1309.716	3697.000
1309.855	3534.000
1309.994	3671.000
1310.133	3504.000
1310.271	3675.000
1310.410	3537.000
1310.549	3735.000
1310.688	3583.000
1310.827	3718.000
1310.965	3534.000
1311.104	3644.000
1311.243	3510.000
1311.382	3663.000
1311.520	3516.000
1311.659	3753.000
1311.798	3520.000
1311.937	3735.000
1312.075	3508.000
1312.214	3665.000
1312.353	3519.000
1312.491	3663.000
1312.630	3479.000
1312.769	3719.000
1312.907	3517.000
1313.046	3728.000
1313.185	3561.000
1313.323	3779.000
1313.462	3487.000
1313.600	3740.000
1313.739	3511.000
1313.878	3689.000
1314.016	3483.000
1314.155	3764.000
1314.293	3467.000
1314.432	3765.000
1314.570	3542.000
1314.709	3753.000
1314.847	3487.000
1314.986	3689.000
1315.124	3540.000
1315.263	3740.000
1315.401	3522.000
1315.540	3755.000
1315.678	3547.000
1315.816	3752.000
1315.955	3576.000
1316.093	3708.000
1316.232	3517.000
1316.370	3754.000
1316.508	3502.000
1316.647	3737.000
1316.785	3527.000
1316.923	3735.000
1317.062	3497.000
1317.200	3736.000
1317.338	3499.000
1317.477	3777.000
1317.615	3573.000
1317.753	3745.000
1317.892	3484.000
1318.030	3695.000
1318.168	3527.000
1318.306	3665.000
1318.445	3511.000
1318.583	3713.000
1318.721	3570.000
1318.859	3698.000
1318.998	3542.000
1319.136	3743.000
1319.274	3550.000
1319.412	3701.000
1319.550	3533.000
1319.688	3760.000
1319.826	3519.000
1319.965	3712.000
1320.103	3474.000
1320.241	3705.000
1320.379	3442.000
1320.517	3744.000
1320.655	3562.000
1320.793	3639.000
1320.931	3574.000
1321.069	3800.000
1321.207	3486.000
1321.345	3727.000
1321.483	3565.000
1321.621	3682.000
1321.759	3480.000
1321.897	3634.000
1322.035	3477.000
1322.173	3644.000
1322.311	3539.000
1322.449	3678.000
1322.587	3512.000
1322.725	3659.000
1322.863	3478.000
1323.001	3719.000
1323.139	3550.000
1323.277	3677.000
1323.415	3574.000
1323.552	3703.000
1323.690	3512.000
1323.828	3680.000
1323.966	3100.000
1324.104	3649.000
1324.242	3478.000
1324.379	3620.000
1324.517	3409.000
1324.655	3640.000
1324.793	3436.000
1324.931	3692.000
1325.068	3528.000
1325.206	3660.000
1325.344	3515.000
1325.481	3632.000
1325.619	3457.000
1325.757	3691.000
1325.895	3492.000
1326.032	3631.000
1326.170	3395.000
1326.308	3680.000
1326.445	3426.000
1326.583	3618.000
1326.721	3493.000
1326.858	3615.000
1326.996	3450.000
1327.133	3647.000
1327.271	3403.000
1327.409	3655.000
1327.546	3385.000
1327.684	3724.000
1327.821	3442.000
1327.959	3586.000
1328.096	3471.000
1328.234	3574.000
1328.371	3403.000
1328.509	3536.000
1328.646	3336.000
1328.784	3547.000
1328.921	3412.000
1329.059	3652.000
1329.196	3415.000
1329.334	3607.000
1329.471	3388.000
1329.609	3545.000
1329.746	3357.000
1329.883	3554.000
1330.021	3290.000
1330.158	3543.000
1330.296	3304.000
1330.433	3536.000
1330.570	3344.000
1330.708	3562.000
1330.845	3467.000
1330.982	3550.000
1331.120	3345.000
1331.257	3644.000
1331.394	3331.000
1331.531	3563.000
1331.669	3363.000
1331.806	3596.000
1331.943	3355.000
1332.080	3652.000
1332.218	4741.000
1332.355	3610.000
1332.492	3402.000
1332.629	3562.000
1332.767	3399.000
1332.904	3581.000
1333.041	3270.000
1333.178	3503.000
1333.315	3473.000
1333.452	3627.000
1333.589	3425.000
1333.727	3545.000
1333.864	3342.000
1334.001	3549.000
1334.138	3433.000
1334.275	3640.000
1334.412	3374.000
1334.549	3554.000
1334.686	3361.000
1334.823	3591.000
1334.960	3401.000
1335.097	3610.000
1335.234	3390.000
1335.371	3590.000
1335.508	3414.000
1335.645	3572.000
1335.782	3347.000
1335.919	3535.000
1336.056	3340.000
1336.193	3610.000
1336.330	3354.000
1336.467	3589.000
1336.604	3337.000
1336.741	3604.000
1336.878	3394.000
1337.015	3634.000
1337.151	3359.000
1337.288	3591.000
1337.425	3286.000
1337.562	3582.000
1337.699	3347.000
1337.836	3591.000
1337.972	3315.000
1338.109	3627.000
1338.246	3398.000
1338.383	3569.000
1338.520	3358.000
1338.656	3647.000
1338.793	3307.000
1338.930	3597.000
1339.067	3399.000
1339.203	3522.000
1339.340	3346.000
1339.477	3595.000
1339.613	3376.000
1339.750	3559.000
1339.887	3365.000
1340.023	3540.000
1340.160	3382.000
1340.297	3534.000
1340.433	3396.000
1340.570	3544.000
1340.706	3402.000
1340.843	3628.000
1340.980	3347.000
1341.116	3571.000
1341.253	3342.000
1341.389	3530.000
1341.526	3441.000
1341.662	3619.000
1341.799	3369.000
1341.936	3543.000
1342.072	3415.000
1342.209	3619.000
1342.345	3406.000
1342.482	3659.000
1342.618	3428.000
1342.754	3643.000
1342.891	3389.000
1343.027	3539.000
1343.164	3362.000
1343.300	3577.000
1343.437	3373.000
1343.573	3458.000
1343.709	3431.000
1343.846	3642.000
1343.982	3463.000
1344.118	3551.000
1344.255	3380.000
1344.391	3505.000
1344.527	3448.000
1344.664	3622.000
