1489.766	2222.000
1489.917	2369.000
1490.067	2204.000
1490.217	2498.000
1490.367	2195.000
1490.517	2465.000
1490.668	2195.000
1490.818	2451.000
1490.968	2222.000
1491.118	2426.000
1491.268	2148.000
1491.418	2477.000
1491.568	2197.000
1491.718	2379.000
1491.868	2172.000
1492.018	2462.000
1492.168	2139.000
1492.318	2486.000
1492.468	2121.000
1492.618	2469.000
1492.768	2143.000
1492.918	2370.000
1493.068	2296.000
1493.218	2419.000
1493.368	2234.000
1493.518	2421.000
1493.667	2226.000
1493.817	2415.000
1493.967	2195.000
1494.117	2410.000
1494.267	2219.000
1494.416	2472.000
1494.566	2228.000
1494.716	2411.000
1494.865	2160.000
1495.015	2412.000
1495.165	2262.000
1495.314	2433.000
1495.464	2254.000
1495.614	2488.000
1495.763	2198.000
1495.913	2494.000
1496.063	2198.000
1496.212	2500.000
1496.362	2168.000
1496.511	2462.000
1496.661	2244.000
1496.810	2405.000
1496.960	2211.000
1497.109	2452.000
1497.259	2162.000
1497.408	2414.000
1497.557	2236.000
1497.707	2450.000
1497.856	2138.000
1498.005	2429.000
1498.155	2155.000
1498.304	2471.000
1498.453	2157.000
1498.603	2405.000
1498.752	2242.000
1498.901	2369.000
1499.051	2163.000
1499.200	2360.000
1499.349	2130.000
1499.498	2483.000
1499.647	2201.000
1499.797	2412.000
1499.946	2173.000
1500.095	2420.000
1500.244	2179.000
1500.393	2415.000
1500.542	2204.000
1500.691	2416.000
1500.840	2109.000
1500.989	2391.000
1501.138	2177.000
1501.287	2394.000
1501.436	2213.000
1501.585	2492.000
1501.734	2146.000
1501.883	2378.000
1502.032	2184.000
1502.181	2415.000
1502.330	2168.000
1502.479	2400.000
1502.627	2152.000
1502.776	2390.000
1502.925	2212.000
1503.074	2378.000
1503.223	2154.000
1503.371	2430.000
1503.520	2242.000
1503.669	2422.000
1503.818	2221.000
1503.966	2383.000
1504.115	2105.000
1504.264	2372.000
1504.412	2197.000
1504.561	2421.000
1504.710	2161.000
1504.858	2319.000
1505.007	2113.000
1505.155	2325.000
1505.304	2170.000
1505.453	2425.000
1505.601	2171.000
1505.750	2373.000
1505.898	2164.000
1506.047	2345.000
1506.195	2172.000
1506.343	2374.000
1506.492	2047.000
1506.640	2395.000
1506.789	2159.000
1506.937	2336.000
1507.085	2174.000
1507.234	2415.000
1507.382	2195.000
1507.530	2382.000
1507.679	2165.000
1507.827	2359.000
1507.975	2190.000
1508.123	2428.000
1508.272	2145.000
1508.420	2414.000
1508.568	2139.000
1508.716	2301.000
1508.864	2219.000
1509.013	2395.000
1509.161	2170.000
1509.309	2394.000
1509.457	2135.000
1509.605	2326.000
1509.753	2127.000
1509.901	2357.000
1510.049	2170.000
1510.197	2395.000
1510.345	2100.000
1510.493	2391.000
1510.641	2187.000
1510.789	2392.000
1510.937	2136.000
1511.085	2307.000
1511.233	2151.000
1511.381	2412.000
1511.528	2212.000
1511.676	2339.000
1511.824	2147.000
1511.972	2385.000
1512.120	2191.000
1512.268	2363.000
1512.415	2133.000
1512.563	2336.000
1512.711	2141.000
1512.859	2404.000
1513.006	2182.000
1513.154	2404.000
1513.302	2152.000
1513.449	2390.000
1513.597	2187.000
1513.744	2349.000
1513.892	2189.000
1514.040	2385.000
1514.187	2107.000
1514.335	2359.000
1514.482	2181.000
1514.630	2365.000
1514.777	2162.000
1514.925	2426.000
1515.072	2108.000
1515.220	2395.000
1515.367	2167.000
1515.515	2336.000
1515.662	2199.000
1515.809	2378.000
1515.957	2113.000
1516.104	2406.000
1516.251	2094.000
1516.399	2334.000
1516.546	2144.000
1516.693	2372.000
1516.841	2188.000
1516.988	2410.000
1517.135	2065.000
1517.282	2294.000
1517.430	2171.000
1517.577	2353.000
1517.724	2179.000
1517.871	2384.000
1518.018	2122.000
1518.165	2352.000
1518.312	2092.000
1518.460	2385.000
1518.607	2174.000
1518.754	2445.000
1518.901	2096.000
1519.048	2369.000
1519.195	2072.000
1519.342	2409.000
1519.489	2263.000
1519.636	2331.000
1519.783	2197.000
1519.930	2353.000
1520.077	2124.000
1520.223	2374.000
1520.370	2125.000
1520.517	2427.000
1520.664	2097.000
1520.811	2390.000
1520.958	2145.000
1521.104	2345.000
1521.251	2122.000
1521.398	2450.000
1521.545	2141.000
1521.691	2374.000
1521.838	2122.000
1521.985	2328.000
1522.132	2095.000
1522.278	2313.000
1522.425	2167.000
1522.571	2381.000
1522.718	2162.000
1522.865	2396.000
1523.011	2032.000
1523.158	2380.000
1523.304	2109.000
1523.451	2359.000
1523.597	2116.000
1523.744	2423.000
1523.890	2165.000
1524.037	2385.000
1524.183	2115.000
1524.330	2389.000
1524.476	2118.000
1524.623	2307.000
1524.769	2159.000
1524.915	2387.000
1525.062	2085.000
1525.208	2321.000
1525.354	2148.000
1525.501	2350.000
1525.647	2159.000
1525.793	2311.000
1525.940	2083.000
1526.086	2380.000
1526.232	2164.000
1526.378	2331.000
1526.524	2197.000
1526.671	2410.000
1526.817	2170.000
1526.963	2319.000
1527.109	2122.000
1527.255	2351.000
1527.401	2115.000
1527.547	2403.000
1527.693	2221.000
1527.839	2419.000
1527.985	2131.000
1528.131	2413.000
1528.277	2236.000
1528.423	2356.000
1528.569	2118.000
1528.715	2412.000
1528.861	2166.000
1529.007	2348.000
1529.153	2127.000
1529.299	2407.000
1529.445	2139.000
1529.591	2370.000
1529.736	2140.000
1529.882	2346.000
1530.028	2148.000
1530.174	2391.000
1530.320	2141.000
1530.465	2399.000
1530.611	2154.000
1530.757	2443.000
1530.902	2169.000
1531.048	2335.000
1531.194	2167.000
1531.339	2394.000
1531.485	2122.000
1531.631	2367.000
1531.776	2247.000
1531.922	2359.000
1532.067	2140.000
1532.213	2317.000
1532.358	2139.000
1532.504	2356.000
1532.649	2175.000
1532.795	2357.000
1532.940	2176.000
1533.086	2382.000
1533.231	2148.000
1533.377	2387.000
1533.522	2036.000
1533.668	2395.000
1533.813	2133.000
1533.958	2332.000
1534.104	2105.000
1534.249	2400.000
1534.394	2128.000
1534.539	2315.000
1534.685	2210.000
1534.830	2279.000
1534.975	2080.000
1535.120	2390.000
1535.266	2126.000
1535.411	2338.000
1535.556	2113.000
1535.701	2377.000
1535.846	2205.000
1535.991	2402.000
1536.137	2133.000
1536.282	2390.000
1536.427	2195.000
1536.572	2374.000
1536.717	2124.000
1536.862	2397.000
1537.007	2125.000
1537.152	2297.000
1537.297	2163.000
1537.442	2327.000
1537.587	2141.000
1537.732	2466.000
1537.876	2140.000
1538.021	2266.000
1538.166	2159.000
1538.311	2360.000
1538.456	2167.000
1538.601	2309.000
1538.746	2071.000
1538.890	2376.000
1539.035	2141.000
1539.180	2334.000
1539.325	2121.000
1539.469	2361.000
1539.614	2150.000
1539.759	2364.000
1539.903	2196.000
1540.048	2385.000
1540.193	2151.000
1540.337	2410.000
1540.482	2135.000
1540.627	2311.000
1540.771	2202.000
1540.916	2373.000
1541.060	2055.000
1541.205	2373.000
1541.349	2084.000
1541.494	2301.000
1541.638	2137.000
1541.783	2376.000
1541.927	2131.000
1542.072	2347.000
1542.216	2163.000
1542.360	2264.000
1542.505	2119.000
1542.649	2360.000
1542.794	2249.000
1542.938	2297.000
1543.082	2136.000
1543.227	2293.000
1543.371	2166.000
1543.515	2356.000
1543.659	2093.000
1543.804	2275.000
1543.948	2140.000
1544.092	2330.000
1544.236	2120.000
1544.380	2354.000
1544.524	2078.000
1544.669	2386.000
1544.813	2046.000
1544.957	2352.000
1545.101	2118.000
1545.245	2397.000
1545.389	2155.000
1545.533	2436.000
1545.677	2095.000
1545.821	2447.000
1545.965	2126.000
1546.109	2347.000
1546.253	2149.000
1546.397	2354.000
1546.541	2146.000
1546.685	2294.000
1546.829	2139.000
1546.973	2393.000
1547.116	2091.000
1547.260	2337.000
1547.404	2130.000
1547.548	2346.000
1547.692	2229.000
1547.835	2392.000
1547.979	2195.000
1548.123	2335.000
1548.267	2081.000
1548.410	2419.000
1548.554	2079.000
1548.698	2373.000
1548.841	2165.000
1548.985	2340.000
1549.129	2202.000
1549.272	2298.000
1549.416	2032.000
1549.559	2294.000
1549.703	2162.000
1549.847	2407.000
1549.990	2136.000
1550.134	2332.000
1550.277	2099.000
1550.421	2376.000
1550.564	2166.000
1550.707	2337.000
1550.851	2078.000
1550.994	2394.000
1551.138	2214.000
1551.281	2327.000
1551.424	2138.000
1551.568	2368.000
1551.711	2119.000
1551.854	2377.000
1551.998	2176.000
1552.141	2281.000
1552.284	2055.000
1552.427	2335.000
1552.571	2155.000
1552.714	2419.000
1552.857	2103.000
1553.000	2385.000
1553.143	2148.000
1553.287	2346.000
1553.430	2152.000
1553.573	2379.000
1553.716	2139.000
1553.859	2382.000
1554.002	2163.000
1554.145	2374.000
1554.288	2177.000
1554.431	2432.000
1554.574	2161.000
1554.717	2429.000
1554.860	2137.000
1555.003	2309.000
1555.146	2102.000
1555.289	2404.000
1555.432	2117.000
1555.575	2319.000
1555.718	2130.000
1555.861	2302.000
1556.003	2090.000
1556.146	2290.000
1556.289	2137.000
1556.432	2353.000
1556.575	2139.000
1556.717	2364.000
1556.860	2192.000
1557.003	2362.000
1557.145	2114.000
1557.288	2396.000
1557.431	2206.000
1557.573	2327.000
1557.716	2119.000
1557.859	2395.000
1558.001	2124.000
1558.144	2331.000
1558.287	2121.000
1558.429	2358.000
1558.572	2142.000
1558.714	2386.000
1558.857	2128.000
1558.999	2351.000
1559.142	2109.000
1559.284	2318.000
1559.427	2197.000
1559.569	2331.000
1559.711	2114.000
1559.854	2368.000
1559.996	2060.000
1560.138	2393.000
1560.281	2201.000
1560.423	2318.000
1560.565	2130.000
1560.708	2300.000
1560.850	2139.000
1560.992	2386.000
1561.135	2155.000
1561.277	2394.000
1561.419	2127.000
1561.561	2364.000
1561.703	2192.000
1561.846	2391.000
1561.988	2143.000
1562.130	2384.000
1562.272	2164.000
1562.414	2404.000
1562.556	2151.000
1562.698	2256.000
1562.840	2059.000
1562.982	2384.000
1563.124	2090.000
1563.266	2343.000
1563.408	2142.000
1563.550	2355.000
1563.692	2118.000
1563.834	2344.000
1563.976	2149.000
1564.118	2396.000
1564.260	2008.000
1564.402	2429.000
1564.544	2154.000
1564.685	2336.000
1564.827	2160.000
1564.969	2387.000
1565.111	2135.000
1565.253	2318.000
1565.394	2111.000
1565.536	2323.000
1565.678	2148.000
1565.819	2330.000
1565.961	2072.000
1566.103	2334.000
1566.244	2263.000
1566.386	2354.000
1566.528	2139.000
1566.669	2397.000
1566.811	2068.000
1566.952	2341.000
1567.094	2091.000
1567.236	2360.000
1567.377	2087.000
1567.519	2452.000
1567.660	2139.000
1567.802	2387.000
1567.943	2120.000
1568.084	2357.000
1568.226	2188.000
1568.367	2384.000
1568.509	2073.000
1568.650	2332.000
1568.791	2105.000
1568.933	2378.000
1569.074	2149.000
1569.215	2366.000
1569.357	2023.000
1569.498	2363.000
1569.639	2123.000
1569.780	2328.000
1569.922	2127.000
1570.063	2354.000
1570.204	2069.000
1570.345	2335.000
1570.486	2082.000
1570.628	2369.000
1570.769	2153.000
1570.910	2427.000
1571.051	2120.000
1571.192	2334.000
1571.333	2059.000
1571.474	2303.000
1571.615	2152.000
1571.756	2443.000
1571.897	2111.000
1572.038	2379.000
1572.179	2046.000
1572.320	2330.000
1572.461	2116.000
1572.602	2375.000
1572.743	2127.000
1572.884	2330.000
1573.025	2194.000
1573.165	2310.000
1573.306	2131.000
1573.447	2386.000
1573.588	2102.000
1573.729	2332.000
1573.869	2073.000
1574.010	2414.000
1574.151	2154.000
1574.292	2275.000
1574.432	2121.000
1574.573	2348.000
1574.714	2108.000
1574.854	2268.000
1574.995	2032.000
1575.136	2328.000
1575.276	2210.000
1575.417	2346.000
1575.557	2165.000
1575.698	2421.000
1575.838	2127.000
1575.979	2337.000
1576.119	2103.000
1576.260	2309.000
1576.400	2034.000
1576.541	2291.000
1576.681	2160.000
1576.822	2367.000
1576.962	2097.000
1577.102	2377.000
1577.243	2103.000
1577.383	2374.000
1577.524	2034.000
1577.664	2329.000
1577.804	2100.000
1577.944	2270.000
1578.085	2063.000
1578.225	2294.000
1578.365	2171.000
1578.505	2328.000
1578.646	2084.000
1578.786	2339.000
1578.926	2141.000
1579.066	2336.000
1579.206	2106.000
1579.346	2348.000
1579.487	2138.000
1579.627	2302.000
1579.767	2087.000
1579.907	2343.000
1580.047	2116.000
1580.187	2344.000
1580.327	2112.000
1580.467	2290.000
1580.607	2083.000
1580.747	2268.000
1580.887	2061.000
1581.027	2342.000
1581.167	2167.000
1581.307	2283.000
1581.446	2109.000
1581.586	2318.000
1581.726	2101.000
1581.866	2315.000
1582.006	2093.000
1582.146	2284.000
1582.285	2068.000
1582.425	2292.000
1582.565	2138.000
1582.705	2332.000
1582.844	2090.000
1582.984	2287.000
1583.124	2054.000
1583.263	2351.000
1583.403	2110.000
1583.543	2306.000
1583.682	2145.000
1583.822	2300.000
1583.961	2035.000
1584.101	2305.000
1584.241	2167.000
1584.380	2372.000
1584.520	2108.000
1584.659	2274.000
1584.799	2148.000
1584.938	2263.000
1585.077	2066.000
1585.217	2330.000
1585.356	2112.000
1585.496	2305.000
1585.635	2073.000
1585.775	2297.000
1585.914	2047.000
1586.053	2330.000
1586.193	2103.000
1586.332	2340.000
1586.471	2058.000
1586.610	2345.000
1586.750	2078.000
1586.889	2341.000
1587.028	2072.000
1587.167	2372.000
1587.307	2066.000
1587.446	2313.000
1587.585	2117.000
1587.724	2264.000
1587.863	2067.000
1588.002	2364.000
1588.141	2100.000
1588.280	2268.000
1588.419	2115.000
1588.558	2291.000
1588.697	2114.000
1588.837	2325.000
1588.975	2098.000
1589.114	2246.000
1589.253	2109.000
1589.392	2318.000
1589.531	2150.000
1589.670	2284.000
1589.809	2116.000
1589.948	2279.000
1590.087	2108.000
1590.226	2377.000
1590.365	2087.000
1590.503	2283.000
1590.642	2158.000
1590.781	2328.000
1590.920	2126.000
1591.058	2385.000
1591.197	2132.000
1591.336	2326.000
1591.475	2163.000
1591.613	2332.000
1591.752	2142.000
1591.891	2299.000
1592.029	2075.000
1592.168	2350.000
1592.306	2156.000
1592.445	2272.000
1592.584	2161.000
1592.722	2337.000
1592.861	2127.000
1592.999	2261.000
1593.138	2071.000
1593.276	2361.000
1593.415	2118.000
1593.553	2333.000
1593.691	2138.000
1593.830	2387.000
1593.968	2223.000
1594.107	2350.000
1594.245	2135.000
1594.383	2318.000
1594.522	2101.000
1594.660	2357.000
1594.798	2091.000
1594.937	2380.000
1595.075	2097.000
1595.213	2277.000
1595.351	2167.000
1595.490	2317.000
1595.628	2128.000
1595.766	2308.000
1595.904	2126.000
1596.042	2363.000
1596.180	2107.000
1596.319	2299.000
1596.457	2088.000
1596.595	2257.000
1596.733	2099.000
1596.871	2340.000
1597.009	2105.000
1597.147	2317.000
1597.285	2197.000
1597.423	2326.000
1597.561	2109.000
1597.699	2392.000
1597.837	2117.000
1597.975	2328.000
1598.113	2132.000
1598.251	2277.000
1598.388	2130.000
1598.526	2310.000
1598.664	2134.000
1598.802	2258.000
1598.940	2122.000
1599.078	2259.000
1599.215	2147.000
1599.353	2329.000
1599.491	2146.000
1599.629	2329.000
1599.766	2119.000
1599.904	2364.000
1600.042	2106.000
1600.179	2291.000
1600.317	2135.000
1600.455	2302.000
1600.592	2149.000
1600.730	2292.000
1600.867	2134.000
1601.005	2270.000
1601.142	2121.000
1601.280	2329.000
1601.418	2167.000
1601.555	2314.000
1601.693	2104.000
1601.830	2256.000
1601.967	2103.000
1602.105	2279.000
1602.242	2114.000
1602.380	2369.000
1602.517	2155.000
1602.654	2308.000
1602.792	2090.000
1602.929	2280.000
1603.066	2095.000
1603.204	2270.000
1603.341	2042.000
1603.478	2339.000
1603.616	2069.000
1603.753	2355.000
1603.890	2140.000
1604.027	2381.000
1604.164	2100.000
1604.302	2350.000
1604.439	2096.000
1604.576	2287.000
1604.713	2118.000
1604.850	2335.000
1604.987	2056.000
1605.124	2378.000
1605.261	2146.000
1605.398	2346.000
1605.535	2056.000
1605.672	2318.000
1605.809	2096.000
1605.946	2310.000
1606.083	2126.000
1606.220	2339.000
1606.357	2161.000
1606.494	2341.000
1606.631	2140.000
1606.768	2284.000
1606.905	2109.000
1607.041	2350.000
1607.178	2083.000
1607.315	2335.000
1607.452	2084.000
1607.589	2338.000
1607.725	2086.000
1607.862	2359.000
1607.999	2109.000
1608.136	2365.000
1608.272	2164.000
1608.409	2348.000
1608.546	2062.000
1608.682	2321.000
1608.819	2120.000
1608.955	2281.000
1609.092	2135.000
1609.229	2326.000
1609.365	2171.000
1609.502	2311.000
1609.638	2161.000
1609.775	2349.000
1609.911	2162.000
1610.048	2326.000
1610.184	2089.000
1610.321	2351.000
1610.457	2112.000
1610.594	2318.000
1610.730	2105.000
1610.866	2309.000
1611.003	2056.000
1611.139	2352.000
1611.275	2184.000
1611.412	2277.000
1611.548	2171.000
1611.684	2444.000
1611.820	2075.000
1611.957	2348.000
1612.093	2159.000
1612.229	2312.000
1612.365	2118.000
1612.502	2264.000
1612.638	2119.000
1612.774	2275.000
1612.910	2112.000
1613.046	2325.000
1613.182	2142.000
1613.318	2314.000
1613.454	2122.000
1613.590	2373.000
1613.726	2167.000
1613.863	2339.000
1613.999	2213.000
1614.134	2335.000
1614.270	2152.000
1614.406	2355.000
1614.542	1907.000
1614.678	2304.000
1614.814	2152.000
1614.950	2281.000
1615.086	2035.000
1615.222	2297.000
1615.358	2082.000
1615.493	2325.000
1615.629	2199.000
1615.765	2319.000
1615.901	2165.000
1616.037	2311.000
1616.172	2122.000
1616.308	2361.000
1616.444	2180.000
1616.579	2315.000
1616.715	2042.000
1616.851	2341.000
1616.986	2101.000
1617.122	2278.000
1617.258	2114.000
1617.393	2288.000
1617.529	2142.000
1617.664	2367.000
1617.800	2098.000
1617.935	2334.000
1618.071	2066.000
1618.206	2419.000
1618.342	2154.000
1618.477	2271.000
1618.613	2165.000
1618.748	2284.000
1618.884	2124.000
1619.019	2261.000
1619.154	2055.000
1619.290	2273.000
1619.425	2101.000
1619.560	2378.000
1619.696	2114.000
1619.831	2341.000
1619.966	2084.000
1620.102	2242.000
1620.237	2084.000
1620.372	2295.000
1620.507	2031.000
1620.642	2296.000
1620.778	2032.000
1620.913	2281.000
1621.048	2066.000
1621.183	2309.000
1621.318	2161.000
1621.453	2301.000
1621.588	2067.000
1621.723	2380.000
1621.859	2062.000
1621.994	2304.000
1622.129	2115.000
1622.264	2315.000
1622.399	2074.000
1622.534	2378.000
1622.668	2834.000
1622.803	2346.000
1622.938	2144.000
1623.073	2325.000
1623.208	2151.000
1623.343	2293.000
1623.478	2025.000
1623.613	2250.000
1623.747	2205.000
1623.882	2391.000
1624.017	2142.000
1624.152	2283.000
1624.287	2089.000
1624.421	2274.000
1624.556	2168.000
1624.691	2390.000
1624.825	2114.000
1624.960	2277.000
1625.095	2099.000
1625.229	2338.000
1625.364	2118.000
1625.499	2298.000
1625.633	2140.000
1625.768	2343.000
1625.902	2127.000
1626.037	2314.000
1626.171	2058.000
1626.306	2264.000
1626.440	2084.000
1626.575	2348.000
1626.709	2101.000
1626.844	2315.000
1626.978	2091.000
1627.113	2357.000
1627.247	2122.000
1627.381	2382.000
1627.516	2113.000
1627.650	2309.000
1627.784	2039.000
1627.919	2329.000
1628.053	2090.000
1628.187	2358.000
1628.322	2077.000
1628.456	2374.000
1628.590	2119.000
1628.724	2326.000
1628.858	2113.000
1628.993	2388.000
1629.127	2062.000
1629.261	2348.000
1629.395	2145.000
1629.529	2293.000
1629.663	2077.000
1629.797	2355.000
1629.931	2083.000
1630.065	2288.000
1630.199	2089.000
1630.333	2283.000
1630.467	2129.000
1630.601	2285.000
1630.735	2120.000
1630.869	2312.000
1631.003	2166.000
1631.137	2373.000
1631.271	2064.000
1631.405	2326.000
1631.539	2056.000
1631.673	2283.000
1631.807	2162.000
1631.940	2350.000
1632.074	2115.000
1632.208	2306.000
1632.342	2144.000
1632.475	2330.000
1632.609	2126.000
1632.743	2394.000
1632.877	2135.000
1633.010	2376.000
1633.144	2126.000
1633.278	2283.000
1633.411	2118.000
1633.545	2348.000
1633.678	2131.000
1633.812	2242.000
1633.946	2183.000
1634.079	2347.000
1634.213	2183.000
1634.346	2291.000
1634.480	2106.000
1634.613	2217.000
1634.747	2155.000
1634.880	2381.000
