1529.702	3467.000
1529.853	3601.000
1530.004	3453.000
1530.155	3679.000
1530.306	3417.000
1530.456	3657.000
1530.607	3383.000
1530.758	3641.000
1530.909	3432.000
1531.059	3629.000
1531.210	3372.000
1531.360	3673.000
1531.511	3429.000
1531.662	3559.000
1531.812	3393.000
1531.963	3664.000
1532.113	3354.000
1532.264	3669.000
1532.415	3343.000
1532.565	3675.000
1532.716	3378.000
1532.866	3581.000
1533.016	3510.000
1533.167	3620.000
1533.317	3477.000
1533.468	3582.000
1533.618	3428.000
1533.768	3593.000
1533.919	3428.000
1534.069	3601.000
1534.219	3418.000
1534.370	3686.000
1534.520	3468.000
1534.670	3615.000
1534.821	3386.000
1534.971	3608.000
1535.121	3504.000
1535.271	3564.000
1535.421	3468.000
1535.571	3668.000
1535.722	3415.000
1535.872	3679.000
1536.022	3402.000
1536.172	3675.000
1536.322	3376.000
1536.472	3645.000
1536.622	3439.000
1536.772	3614.000
1536.922	3430.000
1537.072	3620.000
1537.222	3396.000
1537.372	3582.000
1537.522	3441.000
1537.672	3669.000
1537.822	3380.000
1537.972	3623.000
1538.122	3385.000
1538.271	3617.000
1538.421	3376.000
1538.571	3552.000
1538.721	3431.000
1538.871	3557.000
1539.020	3387.000
1539.170	3555.000
1539.320	3360.000
1539.470	3650.000
1539.619	3393.000
1539.769	3563.000
1539.919	3362.000
1540.068	3595.000
1540.218	3397.000
1540.367	3556.000
1540.517	3399.000
1540.667	3581.000
1540.816	3323.000
1540.966	3572.000
1541.115	3354.000
1541.265	3536.000
1541.414	3375.000
1541.564	3639.000
1541.713	3341.000
1541.863	3563.000
1542.012	3405.000
1542.161	3570.000
1542.311	3368.000
1542.460	3557.000
1542.609	3308.000
1542.759	3536.000
1542.908	3403.000
1543.057	3549.000
1543.207	3336.000
1543.356	3570.000
1543.505	3400.000
1543.654	3547.000
1543.804	3385.000
1543.953	3538.000
1544.102	3342.000
1544.251	3531.000
1544.400	3343.000
1544.549	3577.000
1544.698	3345.000
1544.848	3460.000
1544.997	3296.000
1545.146	3430.000
1545.295	3328.000
1545.444	3563.000
1545.593	3339.000
1545.742	3519.000
1545.891	3336.000
1546.040	3505.000
1546.189	3351.000
1546.337	3533.000
1546.486	3231.000
1546.635	3569.000
1546.784	3317.000
1546.933	3470.000
1547.082	3349.000
1547.231	3567.000
1547.379	3355.000
1547.528	3497.000
1547.677	3318.000
1547.826	3480.000
1547.974	3324.000
1548.123	3569.000
1548.272	3296.000
1548.420	3521.000
1548.569	3243.000
1548.718	3450.000
1548.866	3392.000
1549.015	3549.000
1549.163	3341.000
1549.312	3525.000
1549.461	3325.000
1549.609	3451.000
1549.758	3303.000
1549.906	3513.000
1550.055	3354.000
1550.203	3535.000
1550.352	3293.000
1550.500	3512.000
1550.648	3353.000
1550.797	3530.000
1550.945	3290.000
1551.093	3460.000
1551.242	3340.000
1551.390	3546.000
1551.538	3373.000
1551.687	3490.000
1551.835	3309.000
1551.983	3535.000
1552.131	3353.000
1552.280	3497.000
1552.428	3269.000
1552.576	3473.000
1552.724	3281.000
1552.872	3535.000
1553.021	3335.000
1553.169	3521.000
1553.317	3301.000
1553.465	3506.000
1553.613	3348.000
1553.761	3474.000
1553.909	3332.000
1554.057	3531.000
1554.205	3260.000
1554.353	3502.000
1554.501	3336.000
1554.649	3479.000
1554.797	3316.000
1554.945	3523.000
1555.093	3252.000
1555.240	3510.000
1555.388	3309.000
1555.536	3450.000
1555.684	3346.000
1555.832	3534.000
1555.980	3234.000
1556.127	3505.000
1556.275	3234.000
1556.423	3428.000
1556.571	3298.000
1556.718	3526.000
1556.866	3309.000
1557.014	3534.000
1557.161	3237.000
1557.309	3399.000
1557.456	3313.000
1557.604	3465.000
1557.752	3318.000
1557.899	3543.000
1558.047	3286.000
1558.194	3471.000
1558.342	3254.000
1558.489	3501.000
1558.637	3324.000
1558.784	3548.000
1558.932	3228.000
1559.079	3450.000
1559.227	3204.000
1559.374	3540.000
1559.521	3385.000
1559.669	3441.000
1559.816	3343.000
1559.963	3472.000
1560.111	3267.000
1560.258	3462.000
1560.405	3274.000
1560.552	3528.000
1560.700	3226.000
1560.847	3484.000
1560.994	3271.000
1561.141	3463.000
1561.288	3233.000
1561.436	3543.000
1561.583	3287.000
1561.730	3485.000
1561.877	3228.000
1562.024	3451.000
1562.171	3222.000
1562.318	3450.000
1562.465	3281.000
1562.612	3511.000
1562.759	3277.000
1562.906	3501.000
1563.053	3164.000
1563.200	3490.000
1563.347	3230.000
1563.494	3463.000
1563.641	3255.000
1563.788	3518.000
1563.934	3293.000
1564.081	3486.000
1564.228	3238.000
1564.375	3490.000
1564.522	3236.000
1564.668	3454.000
1564.815	3296.000
1564.962	3518.000
1565.109	3239.000
1565.255	3429.000
1565.402	3247.000
1565.549	3467.000
1565.695	3305.000
1565.842	3446.000
1565.988	3213.000
1566.135	3465.000
1566.282	3285.000
1566.428	3474.000
1566.575	3350.000
1566.721	3532.000
1566.868	3303.000
1567.014	3415.000
1567.161	3249.000
1567.307	3459.000
1567.454	3245.000
1567.600	3506.000
1567.746	3368.000
1567.893	3513.000
1568.039	3258.000
1568.186	3546.000
1568.332	3372.000
1568.478	3466.000
1568.625	3269.000
1568.771	3510.000
1568.917	3273.000
1569.063	3490.000
1569.210	3257.000
1569.356	3499.000
1569.502	3272.000
1569.648	3468.000
1569.794	3277.000
1569.940	3498.000
1570.087	3299.000
1570.233	3476.000
1570.379	3287.000
1570.525	3507.000
1570.671	3263.000
1570.817	3565.000
1570.963	3307.000
1571.109	3460.000
1571.255	3332.000
1571.401	3520.000
1571.547	3255.000
1571.693	3513.000
1571.839	3396.000
1571.985	3497.000
1572.130	3293.000
1572.276	3459.000
1572.422	3283.000
1572.568	3483.000
1572.714	3278.000
1572.860	3459.000
1573.005	3317.000
1573.151	3475.000
1573.297	3310.000
1573.443	3497.000
1573.588	3155.000
1573.734	3530.000
1573.880	3288.000
1574.025	3460.000
1574.171	3277.000
1574.317	3519.000
1574.462	3252.000
1574.608	3477.000
1574.753	3348.000
1574.899	3411.000
1575.045	3218.000
1575.190	3488.000
1575.336	3267.000
1575.481	3453.000
1575.626	3248.000
1575.772	3529.000
1575.917	3367.000
1576.063	3465.000
1576.208	3276.000
1576.354	3483.000
1576.499	3333.000
1576.644	3474.000
1576.790	3241.000
1576.935	3537.000
1577.080	3271.000
1577.225	3412.000
1577.371	3310.000
1577.516	3476.000
1577.661	3261.000
1577.806	3583.000
1577.952	3260.000
1578.097	3358.000
1578.242	3299.000
1578.387	3507.000
1578.532	3327.000
1578.677	3459.000
1578.822	3206.000
1578.967	3511.000
1579.113	3259.000
1579.258	3457.000
1579.403	3250.000
1579.548	3464.000
1579.693	3304.000
1579.838	3478.000
1579.982	3316.000
1580.127	3498.000
1580.272	3299.000
1580.417	3523.000
1580.562	3242.000
1580.707	3423.000
1580.852	3330.000
1580.997	3474.000
1581.141	3206.000
1581.286	3507.000
1581.431	3199.000
1581.576	3441.000
1581.720	3265.000
1581.865	3471.000
1582.010	3277.000
1582.155	3454.000
1582.299	3295.000
1582.444	3382.000
1582.589	3247.000
1582.733	3468.000
1582.878	3352.000
1583.022	3377.000
1583.167	3271.000
1583.311	3420.000
1583.456	3284.000
1583.601	3465.000
1583.745	3229.000
1583.890	3404.000
1584.034	3266.000
1584.178	3438.000
1584.323	3257.000
1584.467	3476.000
1584.612	3204.000
1584.756	3500.000
1584.900	3171.000
1585.045	3461.000
1585.189	3251.000
1585.333	3497.000
1585.478	3274.000
1585.622	3524.000
1585.766	3196.000
1585.910	3555.000
1586.055	3275.000
1586.199	3454.000
1586.343	3266.000
1586.487	3466.000
1586.631	3277.000
1586.775	3410.000
1586.920	3265.000
1587.064	3465.000
1587.208	3223.000
1587.352	3442.000
1587.496	3251.000
1587.640	3459.000
1587.784	3351.000
1587.928	3530.000
1588.072	3322.000
1588.216	3439.000
1588.360	3231.000
1588.504	3522.000
1588.648	3154.000
1588.792	3486.000
1588.935	3313.000
1589.079	3433.000
1589.223	3332.000
1589.367	3402.000
1589.511	3187.000
1589.655	3411.000
1589.798	3274.000
1589.942	3546.000
1590.086	3248.000
1590.230	3472.000
1590.373	3211.000
1590.517	3522.000
1590.661	3262.000
1590.804	3445.000
1590.948	3191.000
1591.091	3512.000
1591.235	3296.000
1591.379	3456.000
1591.522	3232.000
1591.666	3488.000
1591.809	3245.000
1591.953	3493.000
1592.096	3287.000
1592.240	3407.000
1592.383	3161.000
1592.527	3447.000
1592.670	3262.000
1592.814	3549.000
1592.957	3236.000
1593.100	3489.000
1593.244	3248.000
1593.387	3458.000
1593.530	3271.000
1593.674	3498.000
1593.817	3255.000
1593.960	3488.000
1594.103	3275.000
1594.247	3451.000
1594.390	3288.000
1594.533	3512.000
1594.676	3288.000
1594.819	3504.000
1594.963	3284.000
1595.106	3412.000
1595.249	3247.000
1595.392	3515.000
1595.535	3246.000
1595.678	3424.000
1595.821	3225.000
1595.964	3401.000
1596.107	3217.000
1596.250	3430.000
1596.393	3258.000
1596.536	3462.000
1596.679	3265.000
1596.822	3498.000
1596.965	3304.000
1597.108	3457.000
1597.251	3242.000
1597.393	3508.000
1597.536	3324.000
1597.679	3467.000
1597.822	3275.000
1597.965	3555.000
1598.107	3275.000
1598.250	3460.000
1598.393	3255.000
1598.536	3443.000
1598.678	3275.000
1598.821	3475.000
1598.964	3242.000
1599.106	3449.000
1599.249	3208.000
1599.392	3410.000
1599.534	3299.000
1599.677	3429.000
1599.819	3207.000
1599.962	3447.000
1600.104	3203.000
1600.247	3489.000
1600.389	3312.000
1600.532	3414.000
1600.674	3227.000
1600.817	3388.000
1600.959	3294.000
1601.102	3443.000
1601.244	3287.000
1601.386	3478.000
1601.529	3226.000
1601.671	3472.000
1601.813	3277.000
1601.956	3480.000
1602.098	3218.000
1602.240	3493.000
1602.382	3318.000
1602.525	3490.000
1602.667	3245.000
1602.809	3345.000
1602.951	3197.000
1603.093	3482.000
1603.236	3182.000
1603.378	3431.000
1603.520	3239.000
1603.662	3412.000
1603.804	3233.000
1603.946	3413.000
1604.088	3220.000
1604.230	3471.000
1604.372	3084.000
1604.514	3503.000
1604.656	3240.000
1604.798	3429.000
1604.940	3277.000
1605.082	3445.000
1605.224	3251.000
1605.366	3397.000
1605.507	3194.000
1605.649	3406.000
1605.791	3255.000
1605.933	3427.000
1606.075	3161.000
1606.217	3427.000
1606.358	3351.000
1606.500	3437.000
1606.642	3218.000
1606.783	3460.000
1606.925	3199.000
1607.067	3405.000
1607.209	3190.000
1607.350	3431.000
1607.492	3180.000
1607.633	3531.000
1607.775	3224.000
1607.917	3486.000
1608.058	3241.000
1608.200	3424.000
1608.341	3243.000
1608.483	3449.000
1608.624	3152.000
1608.766	3380.000
1608.907	3188.000
1609.049	3455.000
1609.190	3262.000
1609.331	3414.000
1609.473	3148.000
1609.614	3427.000
1609.755	3236.000
1609.897	3396.000
1610.038	3221.000
1610.179	3418.000
1610.321	3170.000
1610.462	3410.000
1610.603	3151.000
1610.744	3441.000
1610.886	3223.000
1611.027	3507.000
1611.168	3237.000
1611.309	3392.000
1611.450	3149.000
1611.591	3362.000
1611.732	3239.000
1611.874	3517.000
1612.015	3181.000
1612.156	3431.000
1612.297	3128.000
1612.438	3402.000
1612.579	3198.000
1612.720	3425.000
1612.861	3188.000
1613.002	3371.000
1613.143	3300.000
1613.283	3361.000
1613.424	3216.000
1613.565	3443.000
1613.706	3162.000
1613.847	3406.000
1613.988	3170.000
1614.129	3467.000
1614.269	3232.000
1614.410	3322.000
1614.551	3212.000
1614.692	3413.000
1614.832	3194.000
1614.973	3342.000
1615.114	3131.000
1615.254	3400.000
1615.395	3265.000
1615.536	3431.000
1615.676	3232.000
1615.817	3476.000
1615.958	3208.000
1616.098	3390.000
1616.239	3193.000
1616.379	3363.000
1616.520	3096.000
1616.660	3367.000
1616.801	3252.000
1616.941	3406.000
1617.082	3158.000
1617.222	3429.000
1617.362	3187.000
1617.503	3427.000
1617.643	3111.000
1617.784	3381.000
1617.924	3159.000
1618.064	3334.000
1618.205	3131.000
1618.345	3347.000
1618.485	3265.000
1618.625	3368.000
1618.766	3162.000
1618.906	3387.000
1619.046	3188.000
1619.186	3381.000
1619.326	3161.000
1619.467	3402.000
1619.607	3182.000
1619.747	3339.000
1619.887	3166.000
1620.027	3432.000
1620.167	3171.000
1620.307	3373.000
1620.447	3159.000
1620.587	3344.000
1620.727	3143.000
1620.867	3305.000
1621.007	3113.000
1621.147	3396.000
1621.287	3203.000
1621.427	3335.000
1621.567	3161.000
1621.707	3360.000
1621.847	3144.000
1621.986	3347.000
1622.126	3108.000
1622.266	3334.000
1622.406	3105.000
1622.546	3351.000
1622.685	3144.000
1622.825	3379.000
1622.965	3121.000
1623.105	3310.000
1623.244	3121.000
1623.384	3364.000
1623.524	3175.000
1623.663	3337.000
1623.803	3169.000
1623.942	3322.000
1624.082	3079.000
1624.222	3326.000
1624.361	3211.000
1624.501	3434.000
1624.640	3163.000
1624.780	3328.000
1624.919	3197.000
1625.059	3298.000
1625.198	3105.000
1625.337	3354.000
1625.477	3180.000
1625.616	3328.000
1625.756	3122.000
1625.895	3326.000
1626.034	3106.000
1626.174	3379.000
1626.313	3152.000
1626.452	3382.000
1626.591	3106.000
1626.731	3386.000
1626.870	3147.000
1627.009	3378.000
1627.148	3133.000
1627.288	3403.000
1627.427	3116.000
1627.566	3322.000
1627.705	3112.000
1627.844	3316.000
1627.983	3092.000
1628.122	3418.000
1628.261	3141.000
1628.400	3322.000
1628.539	3179.000
1628.678	3319.000
1628.817	3165.000
1628.956	3371.000
1629.095	3153.000
1629.234	3306.000
1629.373	3122.000
1629.512	3337.000
1629.651	3181.000
1629.790	3303.000
1629.929	3158.000
1630.068	3337.000
1630.206	3188.000
1630.345	3427.000
1630.484	3149.000
1630.623	3298.000
1630.762	3205.000
1630.900	3364.000
1631.039	3158.000
1631.178	3429.000
1631.316	3195.000
1631.455	3381.000
1631.594	3223.000
1631.732	3383.000
1631.871	3185.000
1632.010	3338.000
1632.148	3159.000
1632.287	3386.000
1632.425	3190.000
1632.564	3338.000
1632.702	3216.000
1632.841	3401.000
1632.979	3153.000
1633.118	3300.000
1633.256	3137.000
1633.395	3411.000
1633.533	3179.000
1633.671	3332.000
1633.810	3194.000
1633.948	3448.000
1634.086	3400.000
1634.225	3377.000
1634.363	3165.000
1634.501	3370.000
1634.640	3130.000
1634.778	3439.000
1634.916	3155.000
1635.054	3412.000
1635.192	3141.000
1635.331	3296.000
1635.469	3215.000
1635.607	3370.000
1635.745	3172.000
1635.883	3352.000
1636.021	3175.000
1636.159	3416.000
1636.297	3143.000
1636.435	3348.000
1636.573	3140.000
1636.711	3306.000
1636.849	3157.000
1636.987	3379.000
1637.125	3186.000
1637.263	3343.000
1637.401	3203.000
1637.539	3351.000
1637.677	3165.000
1637.815	3458.000
1637.953	3159.000
1638.091	3382.000
1638.228	3155.000
1638.366	3291.000
1638.504	3158.000
1638.642	3312.000
1638.779	3188.000
1638.917	3265.000
1639.055	3180.000
1639.193	3291.000
1639.330	3193.000
1639.468	3342.000
1639.606	3164.000
1639.743	3379.000
1639.881	3217.000
1640.018	3391.000
1640.156	3161.000
1640.294	3313.000
1640.431	3187.000
1640.569	3319.000
1640.706	3207.000
1640.844	3305.000
1640.981	3164.000
1641.119	3305.000
1641.256	3175.000
1641.393	3380.000
1641.531	3225.000
1641.668	3332.000
1641.806	3163.000
1641.943	3276.000
1642.080	3153.000
1642.218	3311.000
1642.355	3140.000
1642.492	3385.000
1642.629	3179.000
1642.767	3385.000
1642.904	3148.000
1643.041	3306.000
1643.178	3153.000
1643.315	3330.000
1643.453	3081.000
1643.590	3360.000
1643.727	3146.000
1643.864	3384.000
1644.001	3199.000
1644.138	3416.000
1644.275	3137.000
1644.412	3401.000
1644.549	3147.000
1644.686	3349.000
1644.823	3126.000
1644.960	3392.000
1645.097	3137.000
1645.234	3393.000
1645.371	3189.000
1645.508	3404.000
1645.645	3132.000
1645.782	3382.000
1645.918	3169.000
1646.055	3374.000
1646.192	3172.000
1646.329	3364.000
1646.466	3202.000
1646.602	3416.000
1646.739	3203.000
1646.876	3333.000
1647.013	3191.000
1647.149	3411.000
1647.286	3164.000
1647.423	3395.000
1647.559	3159.000
1647.696	3418.000
1647.833	3151.000
1647.969	3432.000
1648.106	3141.000
1648.242	3455.000
1648.379	3234.000
1648.515	3433.000
1648.652	3135.000
1648.788	3364.000
1648.925	3192.000
1649.061	3357.000
1649.198	3192.000
1649.334	3377.000
1649.470	3218.000
1649.607	3387.000
1649.743	3187.000
1649.879	3378.000
1650.016	3235.000
1650.152	3403.000
1650.288	3177.000
1650.425	3425.000
1650.561	3204.000
1650.697	3347.000
1650.833	3162.000
1650.970	3383.000
1651.106	3121.000
1651.242	3396.000
1651.378	3227.000
1651.514	3353.000
1651.650	3234.000
1651.787	3489.000
1651.923	3158.000
1652.059	3429.000
1652.195	3246.000
1652.331	3385.000
1652.467	3175.000
1652.603	3327.000
1652.739	3158.000
1652.875	3329.000
1653.011	3190.000
1653.147	3385.000
1653.282	3203.000
1653.418	3369.000
1653.554	3197.000
1653.690	3444.000
1653.826	3238.000
1653.962	3380.000
1654.098	3280.000
1654.233	3395.000
1654.369	3234.000
1654.505	3394.000
1654.641	2795.000
1654.776	3387.000
1654.912	3203.000
1655.048	3326.000
1655.183	3092.000
1655.319	3364.000
1655.455	3138.000
1655.590	3362.000
1655.726	3258.000
1655.862	3376.000
1655.997	3235.000
1656.133	3328.000
1656.268	3210.000
1656.404	3394.000
1656.539	3236.000
1656.675	3381.000
1656.810	3125.000
1656.946	3385.000
1657.081	3168.000
1657.216	3358.000
1657.352	3203.000
1657.487	3338.000
1657.623	3188.000
1657.758	3399.000
1657.893	3160.000
1658.029	3399.000
1658.164	3137.000
1658.299	3457.000
1658.434	3198.000
1658.570	3311.000
1658.705	3220.000
1658.840	3334.000
1658.975	3127.000
1659.110	3311.000
1659.245	3115.000
1659.381	3289.000
1659.516	3140.000
1659.651	3398.000
1659.786	3146.000
1659.921	3401.000
1660.056	3112.000
1660.191	3280.000
1660.326	3115.000
1660.461	3305.000
1660.596	3053.000
1660.731	3322.000
1660.866	3039.000
1661.001	3294.000
1661.136	3086.000
1661.271	3318.000
1661.406	3200.000
1661.540	3320.000
1661.675	3118.000
1661.810	3395.000
1661.945	3066.000
1662.080	3336.000
1662.214	3162.000
1662.349	3366.000
1662.484	3144.000
1662.619	3426.000
1662.753	4478.000
1662.888	3373.000
1663.023	3170.000
1663.157	3328.000
1663.292	3187.000
1663.427	3314.000
1663.561	3072.000
1663.696	3290.000
1663.830	3282.000
1663.965	3391.000
1664.099	3228.000
1664.234	3333.000
1664.368	3136.000
1664.503	3335.000
1664.637	3242.000
1664.772	3419.000
1664.906	3157.000
1665.041	3348.000
1665.175	3147.000
1665.309	3376.000
1665.444	3191.000
1665.578	3395.000
1665.712	3207.000
1665.847	3357.000
1665.981	3188.000
1666.115	3360.000
1666.249	3137.000
1666.384	3308.000
1666.518	3138.000
1666.652	3436.000
1666.786	3148.000
1666.920	3357.000
1667.055	3161.000
1667.189	3395.000
1667.323	3177.000
1667.457	3434.000
1667.591	3178.000
1667.725	3372.000
1667.859	3099.000
1667.993	3378.000
1668.127	3127.000
1668.261	3385.000
1668.395	3136.000
1668.529	3390.000
1668.663	3186.000
1668.797	3359.000
1668.931	3170.000
1669.065	3405.000
1669.199	3090.000
1669.332	3380.000
1669.466	3207.000
1669.600	3315.000
1669.734	3150.000
1669.868	3413.000
1670.001	3179.000
1670.135	3329.000
1670.269	3168.000
1670.403	3331.000
1670.536	3182.000
1670.670	3329.000
1670.804	3191.000
1670.937	3362.000
1671.071	3206.000
1671.205	3414.000
1671.338	3110.000
1671.472	3387.000
1671.605	3128.000
1671.739	3351.000
1671.872	3259.000
1672.006	3404.000
1672.139	3177.000
1672.273	3344.000
1672.406	3229.000
1672.540	3430.000
1672.673	3187.000
1672.807	3451.000
1672.940	3219.000
1673.073	3453.000
1673.207	3187.000
1673.340	3324.000
1673.473	3202.000
1673.607	3394.000
1673.740	3205.000
1673.873	3269.000
1674.006	3238.000
1674.140	3419.000
1674.273	3244.000
1674.406	3356.000
1674.539	3153.000
1674.672	3265.000
1674.805	3257.000
1674.939	3449.000
