969.812	3874.000
969.956	3889.000
970.101	3855.000
970.245	4020.000
970.389	3889.000
970.533	4048.000
970.678	3867.000
970.822	4049.000
970.966	3902.000
971.110	3990.000
971.255	3893.000
971.399	4069.000
971.543	3966.000
971.687	4001.000
971.831	3939.000
971.976	4098.000
972.120	3921.000
972.264	4084.000
972.408	3962.000
972.552	4103.000
972.697	3973.000
972.841	4031.000
972.985	4110.000
973.129	4063.000
973.273	4077.000
973.417	4073.000
973.562	4111.000
973.706	4069.000
973.850	4100.000
973.994	4104.000
974.138	4134.000
974.282	4228.000
974.426	4185.000
974.570	4135.000
974.715	4113.000
974.859	4149.000
975.003	4233.000
975.147	4184.000
975.291	4210.000
975.435	4228.000
975.579	4217.000
975.723	4247.000
975.867	4212.000
976.011	4260.000
976.155	4200.000
976.299	4228.000
976.444	4279.000
976.588	4192.000
976.732	4282.000
976.876	4257.000
977.020	4275.000
977.164	4211.000
977.308	4329.000
977.452	4296.000
977.596	4289.000
977.740	4266.000
977.884	4316.000
978.028	4264.000
978.172	4309.000
978.316	4263.000
978.460	4402.000
978.604	4258.000
978.748	4351.000
978.892	4226.000
979.036	4318.000
979.180	4316.000
979.323	4409.000
979.467	4250.000
979.611	4414.000
979.755	4320.000
979.899	4398.000
980.043	4283.000
980.187	4466.000
980.331	4295.000
980.475	4431.000
980.619	4314.000
980.763	4468.000
980.907	4339.000
981.050	4612.000
981.194	4452.000
981.338	4511.000
981.482	4396.000
981.626	4603.000
981.770	4391.000
981.914	4577.000
982.058	4399.000
982.201	4579.000
982.345	4415.000
982.489	4656.000
982.633	4406.000
982.777	4711.000
982.921	4511.000
983.064	4714.000
983.208	4467.000
983.352	4741.000
983.496	4458.000
983.640	4653.000
983.783	4494.000
983.927	4754.000
984.071	4519.000
984.215	4767.000
984.359	4475.000
984.502	4783.000
984.646	4484.000
984.790	4864.000
984.934	4638.000
985.077	4887.000
985.221	4570.000
985.365	4885.000
985.509	4583.000
985.652	4999.000
985.796	4699.000
985.940	4976.000
986.084	4802.000
986.227	5043.000
986.371	4683.000
986.515	5095.000
986.658	4770.000
986.802	5153.000
986.946	4800.000
987.089	5118.000
987.233	4784.000
987.377	5211.000
987.520	4915.000
987.664	5167.000
987.808	4941.000
987.951	5186.000
988.095	4786.000
988.239	5372.000
988.382	4909.000
988.526	5303.000
988.670	4946.000
988.813	5293.000
988.957	4867.000
989.100	5322.000
989.244	4941.000
989.388	5423.000
989.531	5009.000
989.675	5381.000
989.818	5031.000
989.962	5482.000
990.106	5125.000
990.249	5544.000
990.393	5099.000
990.536	5631.000
990.680	5215.000
990.823	5719.000
990.967	5200.000
991.110	5622.000
991.254	5260.000
991.398	5755.000
991.541	5276.000
991.685	5772.000
991.828	5271.000
991.972	5815.000
992.115	5419.000
992.259	5934.000
992.402	5437.000
992.546	5923.000
992.689	5459.000
992.833	6015.000
992.976	5388.000
993.120	5993.000
993.263	5532.000
993.406	5973.000
993.550	5513.000
993.693	6103.000
993.837	5539.000
993.980	6080.000
994.124	5614.000
994.267	6088.000
994.411	5640.000
994.554	6159.000
994.697	5548.000
994.841	6268.000
994.984	5703.000
995.128	6221.000
995.271	5670.000
995.414	6196.000
995.558	5681.000
995.701	6328.000
995.845	5802.000
995.988	6373.000
996.131	5785.000
996.275	6322.000
996.418	5732.000
996.561	6494.000
996.705	5868.000
996.848	6600.000
996.991	5999.000
997.135	6532.000
997.278	5967.000
997.421	6596.000
997.565	6058.000
997.708	6648.000
997.851	6098.000
997.995	6704.000
998.138	6057.000
998.281	6675.000
998.424	6214.000
998.568	6933.000
998.711	6166.000
998.854	6971.000
998.998	6264.000
999.141	6935.000
999.284	6368.000
999.427	7079.000
999.571	6478.000
999.714	7064.000
999.857	6480.000
1000.000	7175.000
1000.143	6533.000
1000.287	7243.000
1000.430	6632.000
1000.573	7379.000
1000.716	6662.000
1000.860	7371.000
1001.003	6747.000
1001.146	7465.000
1001.289	6835.000
1001.432	7600.000
1001.575	6944.000
1001.719	7653.000
1001.862	6978.000
1002.005	7558.000
1002.148	7021.000
1002.291	7656.000
1002.434	7048.000
1002.578	7750.000
1002.721	7131.000
1002.864	7832.000
1003.007	7121.000
1003.150	7856.000
1003.293	7232.000
1003.436	7949.000
1003.579	7207.000
1003.723	7970.000
1003.866	7354.000
1004.009	7956.000
1004.152	7318.000
1004.295	8095.000
1004.438	7355.000
1004.581	8156.000
1004.724	7426.000
1004.867	8250.000
1005.010	7596.000
1005.153	8415.000
1005.296	7672.000
1005.439	8577.000
1005.582	7763.000
1005.725	8504.000
1005.868	7713.000
1006.012	8456.000
1006.155	7730.000
1006.298	8502.000
1006.441	7867.000
1006.584	8693.000
1006.727	7899.000
1006.870	8631.000
1007.013	7977.000
1007.156	8840.000
1007.298	7966.000
1007.441	8739.000
1007.584	8073.000
1007.727	8878.000
1007.870	8097.000
1008.013	8933.000
1008.156	8235.000
1008.299	8935.000
1008.442	8245.000
1008.585	9118.000
1008.728	8375.000
1008.871	9188.000
1009.014	8450.000
1009.157	9283.000
1009.300	8582.000
1009.443	9375.000
1009.585	8686.000
1009.728	9438.000
1009.871	8639.000
1010.014	9507.000
1010.157	8728.000
1010.300	9577.000
1010.443	8853.000
1010.586	9794.000
1010.728	8986.000
1010.871	9725.000
1011.014	8971.000
1011.157	9912.000
1011.300	9088.000
1011.443	9956.000
1011.585	9189.000
1011.728	10085.000
1011.871	9347.000
1012.014	10222.000
1012.157	9449.000
1012.300	10198.000
1012.442	9639.000
1012.585	10378.000
1012.728	9594.000
1012.871	10463.000
1013.013	9752.000
1013.156	10557.000
1013.299	9763.000
1013.442	10684.000
1013.585	9737.000
1013.727	10537.000
1013.870	9943.000
1014.013	10744.000
1014.156	9963.000
1014.298	10750.000
1014.441	10040.000
1014.584	10915.000
1014.726	10126.000
1014.869	10937.000
1015.012	10122.000
1015.155	11026.000
1015.297	10164.000
1015.440	11045.000
1015.583	10307.000
1015.725	11142.000
1015.868	10295.000
1016.011	11341.000
1016.153	10431.000
1016.296	11257.000
1016.439	10514.000
1016.581	11307.000
1016.724	10486.000
1016.867	11469.000
1017.009	10727.000
1017.152	11581.000
1017.295	10677.000
1017.437	11522.000
1017.580	10846.000
1017.722	11690.000
1017.865	10888.000
1018.008	11705.000
1018.150	10906.000
1018.293	11847.000
1018.435	11090.000
1018.578	11994.000
1018.721	11260.000
1018.863	12143.000
1019.006	11451.000
1019.148	12229.000
1019.291	11403.000
1019.433	12380.000
1019.576	11586.000
1019.718	12437.000
1019.861	11778.000
1020.003	12530.000
1020.146	11698.000
1020.289	12556.000
1020.431	11827.000
1020.574	12707.000
1020.716	11892.000
1020.859	12759.000
1021.001	11884.000
1021.144	12736.000
1021.286	11967.000
1021.429	12969.000
1021.571	11935.000
1021.713	12987.000
1021.856	12208.000
1021.998	13232.000
1022.141	12364.000
1022.283	13308.000
1022.426	12367.000
1022.568	13286.000
1022.711	12418.000
1022.853	13333.000
1022.996	12592.000
1023.138	13265.000
1023.280	12627.000
1023.423	13364.000
1023.565	12763.000
1023.708	13477.000
1023.850	12732.000
1023.992	13541.000
1024.135	12928.000
1024.277	13558.000
1024.420	13062.000
1024.562	13647.000
1024.704	12908.000
1024.847	13796.000
1024.989	13065.000
1025.131	13864.000
1025.274	13131.000
1025.416	14080.000
1025.558	13257.000
1025.701	14017.000
1025.843	13256.000
1025.985	14060.000
1026.128	13477.000
1026.270	14255.000
1026.412	13602.000
1026.555	14439.000
1026.697	13710.000
1026.839	14447.000
1026.982	13806.000
1027.124	14486.000
1027.266	13953.000
1027.408	14801.000
1027.551	14079.000
1027.693	14934.000
1027.835	14151.000
1027.977	14868.000
1028.120	14229.000
1028.262	15157.000
1028.404	14564.000
1028.546	15323.000
1028.689	14635.000
1028.831	15313.000
1028.973	14705.000
1029.115	15506.000
1029.257	14756.000
1029.400	15520.000
1029.542	14916.000
1029.684	15736.000
1029.826	14928.000
1029.968	15734.000
1030.111	15058.000
1030.253	15641.000
1030.395	15010.000
1030.537	15642.000
1030.679	14895.000
1030.821	15643.000
1030.964	15147.000
1031.106	15875.000
1031.248	15628.000
1031.390	16084.000
1031.532	15537.000
1031.674	16147.000
1031.816	15607.000
1031.958	16231.000
1032.101	15700.000
1032.243	16326.000
1032.385	15773.000
1032.527	16328.000
1032.669	15748.000
1032.811	16453.000
1032.953	15968.000
1033.095	16663.000
1033.237	16136.000
1033.379	16582.000
1033.521	15993.000
1033.663	16782.000
1033.805	16239.000
1033.948	16838.000
1034.090	16435.000
1034.232	17195.000
1034.374	16471.000
1034.516	17131.000
1034.658	16441.000
1034.800	16938.000
1034.942	16410.000
1035.084	17102.000
1035.226	16803.000
1035.368	17331.000
1035.510	16833.000
1035.652	17342.000
1035.794	16868.000
1035.936	17333.000
1036.078	16916.000
1036.220	17714.000
1036.362	17202.000
1036.503	17650.000
1036.645	17264.000
1036.787	17818.000
1036.929	17340.000
1037.071	17976.000
1037.213	17410.000
1037.355	17864.000
1037.497	17529.000
1037.639	18128.000
1037.781	17796.000
1037.923	18374.000
1038.065	17771.000
1038.207	18364.000
1038.348	17954.000
1038.490	18433.000
1038.632	17970.000
1038.774	18657.000
1038.916	18313.000
1039.058	18734.000
1039.200	18062.000
1039.342	18879.000
1039.483	18184.000
1039.625	18717.000
1039.767	18482.000
1039.909	19016.000
1040.051	18945.000
1040.193	19356.000
1040.334	19005.000
1040.476	19784.000
1040.618	19683.000
1040.760	19868.000
1040.902	19080.000
1041.043	19991.000
1041.185	19701.000
1041.327	20129.000
1041.469	19406.000
1041.611	19844.000
1041.752	19590.000
1041.894	20160.000
1042.036	19536.000
1042.178	20398.000
1042.319	19844.000
1042.461	20127.000
1042.603	19827.000
1042.745	20783.000
1042.886	20206.000
1043.028	20178.000
1043.170	20203.000
1043.311	20967.000
1043.453	20250.000
1043.595	21144.000
1043.737	21026.000
1043.878	21047.000
1044.020	20352.000
1044.162	21190.000
1044.303	20619.000
1044.445	20661.000
1044.587	20875.000
1044.728	21521.000
1044.870	20695.000
1045.012	21360.000
1045.153	21754.000
1045.295	21788.000
1045.437	21196.000
1045.578	22313.000
1045.720	21356.000
1045.861	22586.000
1046.003	22598.000
1046.145	22292.000
1046.286	22548.000
1046.428	22574.000
1046.569	21921.000
1046.711	22776.000
1046.853	21774.000
1046.994	22681.000
1047.136	22284.000
1047.277	22748.000
1047.419	22255.000
1047.561	22823.000
1047.702	22647.000
1047.844	23231.000
1047.985	23098.000
1048.127	23372.000
1048.268	23122.000
1048.410	23138.000
1048.551	23399.000
1048.693	23762.000
1048.834	23454.000
1048.976	24232.000
1049.117	24049.000
1049.259	24670.000
1049.400	24345.000
1049.542	24919.000
1049.683	24500.000
1049.825	25304.000
1049.966	24840.000
1050.108	25153.000
1050.249	25716.000
1050.391	25838.000
1050.532	26556.000
1050.674	26660.000
1050.815	27348.000
1050.957	27263.000
1051.098	28793.000
1051.239	26958.000
1051.381	30625.000
1051.522	28817.000
1051.664	30289.000
1051.805	30480.000
1051.947	28968.000
1052.088	31678.000
1052.229	28713.000
1052.371	34355.000
1052.512	30081.000
1052.654	32225.000
1052.795	31386.000
1052.936	30123.000
1053.078	34726.000
1053.219	31147.000
1053.360	32557.000
1053.502	34873.000
1053.643	30286.000
1053.784	32941.000
1053.926	32345.000
1054.067	30764.000
1054.208	32956.000
1054.350	33577.000
1054.491	31568.000
1054.632	33643.000
1054.774	33359.000
1054.915	32384.000
1055.056	32738.000
1055.198	34710.000
1055.339	33560.000
1055.480	33936.000
1055.622	34941.000
1055.763	36291.000
1055.904	33859.000
1056.045	36879.000
1056.187	37021.000
1056.328	37122.000
1056.469	36860.000
1056.610	38466.000
1056.752	38385.000
1056.893	39016.000
1057.034	41043.000
1057.175	42129.000
1057.316	40419.000
1057.458	41613.000
1057.599	42550.000
1057.740	47639.000
1057.881	48166.000
1058.023	46889.000
1058.164	43633.000
1058.305	47910.000
1058.446	54813.000
1058.587	62547.000
1058.728	58457.000
1058.870	55375.000
1059.011	50603.000
1059.152	56915.000
1059.293	62639.000
1059.434	62489.000
1059.575	62658.000
1059.716	62656.000
1059.858	62527.000
1059.999	62564.000
1060.140	62603.000
1060.281	62487.000
1060.422	62683.000
1060.563	62583.000
1060.704	62576.000
1060.845	62533.000
1060.986	62612.000
1061.128	62653.000
1061.269	62720.000
1061.410	62464.000
1061.551	62597.000
1061.692	62540.000
1061.833	62675.000
1061.974	62536.000
1062.115	62648.000
1062.256	62532.000
1062.397	62523.000
1062.538	62408.000
1062.679	62608.000
1062.820	62568.000
1062.961	62681.000
1063.102	62542.000
1063.243	62632.000
1063.384	62676.000
1063.525	62594.000
1063.666	62494.000
1063.807	62661.000
1063.948	62605.000
1064.089	63006.000
1064.230	62476.000
1064.371	62652.000
1064.512	62502.000
1064.653	62606.000
1064.794	62534.000
1064.935	62626.000
1065.076	62481.000
1065.217	62629.000
1065.358	62874.000
1065.499	62619.000
1065.640	62532.000
1065.781	62668.000
1065.922	62527.000
1066.062	62617.000
1066.203	62618.000
1066.344	62530.000
1066.485	62528.000
1066.626	62730.000
1066.767	62579.000
1066.908	62582.000
1067.049	62469.000
1067.190	62641.000
1067.330	62487.000
1067.471	62619.000
1067.612	62514.000
1067.753	62536.000
1067.894	62571.000
1068.035	62630.000
1068.176	62606.000
1068.316	62690.000
1068.457	62571.000
1068.598	62622.000
1068.739	62578.000
1068.880	62700.000
1069.020	62518.000
1069.161	62610.000
1069.302	62526.000
1069.443	62654.000
1069.584	62592.000
1069.724	62659.000
1069.865	62466.000
1070.006	62605.000
1070.147	62471.000
1070.287	62675.000
1070.428	62484.000
1070.569	62641.000
1070.710	62411.000
1070.850	62709.000
1070.991	62604.000
1071.132	62576.000
1071.273	62498.000
1071.413	62639.000
1071.554	62490.000
1071.695	62614.000
1071.836	62427.000
1071.976	62592.000
1072.117	62512.000
1072.258	62630.000
1072.398	62542.000
1072.539	62666.000
1072.680	62471.000
1072.820	62690.000
1072.961	62548.000
1073.102	62637.000
1073.242	49394.000
1073.383	58088.000
1073.524	62538.000
1073.664	52137.000
1073.805	62485.000
1073.946	62634.000
1074.086	50902.000
1074.227	62636.000
1074.367	57545.000
1074.508	47484.000
1074.649	62529.000
1074.789	44025.000
1074.930	55596.000
1075.070	41838.000
1075.211	47161.000
1075.352	40929.000
1075.492	46057.000
1075.633	41378.000
1075.773	45267.000
1075.914	38941.000
1076.054	45127.000
1076.195	38720.000
1076.335	49064.000
1076.476	39381.000
1076.617	49747.000
1076.757	38269.000
1076.898	43632.000
1077.038	35790.000
1077.179	43689.000
1077.319	35842.000
1077.460	43194.000
1077.600	33953.000
1077.741	38894.000
1077.881	32461.000
1078.022	35470.000
1078.162	31673.000
1078.303	35320.000
1078.443	33253.000
1078.584	34512.000
1078.724	32072.000
1078.864	32674.000
1079.005	31416.000
1079.145	31812.000
1079.286	32028.000
1079.426	30883.000
1079.567	31932.000
1079.707	31051.000
1079.848	30841.000
1079.988	31981.000
1080.128	29593.000
1080.269	31520.000
1080.409	30101.000
1080.550	29969.000
1080.690	30553.000
1080.830	29904.000
1080.971	30254.000
1081.111	30448.000
1081.252	29744.000
1081.392	30693.000
1081.532	29871.000
1081.673	29988.000
1081.813	31024.000
1081.953	30010.000
1082.094	30142.000
1082.234	31525.000
1082.374	29702.000
1082.515	29642.000
1082.655	30239.000
1082.795	30300.000
1082.936	29092.000
1083.076	30484.000
1083.216	30704.000
1083.356	29945.000
1083.497	29376.000
1083.637	30759.000
1083.777	30087.000
1083.918	29181.000
1084.058	29265.000
1084.198	30158.000
1084.338	29619.000
1084.479	28799.000
1084.619	29027.000
1084.759	29595.000
1084.899	28602.000
1085.040	28283.000
1085.180	28209.000
1085.320	28613.000
1085.460	27733.000
1085.601	28150.000
1085.741	28126.000
1085.881	28717.000
1086.021	27971.000
1086.161	28310.000
1086.302	28179.000
1086.442	28333.000
1086.582	27566.000
1086.722	27298.000
1086.862	27330.000
1087.002	27377.000
1087.143	27080.000
1087.283	27323.000
1087.423	27200.000
1087.563	27297.000
1087.703	27210.000
1087.843	27566.000
1087.984	27056.000
1088.124	26854.000
1088.264	26831.000
1088.404	26943.000
1088.544	26758.000
1088.684	26862.000
1088.824	26858.000
1088.964	26980.000
1089.104	27151.000
1089.244	27244.000
1089.385	26974.000
1089.525	26781.000
1089.665	26526.000
1089.805	26592.000
1089.945	26260.000
1090.085	26292.000
1090.225	26511.000
1090.365	26533.000
1090.505	26130.000
1090.645	26344.000
1090.785	26296.000
1090.925	26580.000
1091.065	26449.000
1091.205	26905.000
1091.345	26790.000
1091.485	27033.000
1091.625	26893.000
1091.765	26885.000
1091.905	26599.000
1092.045	26840.000
1092.185	26620.000
1092.325	26952.000
1092.465	26740.000
1092.605	26940.000
1092.745	26784.000
1092.885	27132.000
1093.025	26883.000
1093.165	27332.000
1093.305	27209.000
1093.445	27674.000
1093.585	27685.000
1093.725	27464.000
1093.865	27668.000
1094.005	27530.000
1094.144	27113.000
1094.284	26922.000
1094.424	26598.000
1094.564	26466.000
1094.704	26483.000
1094.844	26625.000
1094.984	26763.000
1095.124	26868.000
1095.264	26855.000
1095.403	26714.000
1095.543	26635.000
1095.683	26704.000
1095.823	26550.000
1095.963	26460.000
1096.103	26493.000
1096.243	26327.000
1096.382	26199.000
1096.522	26286.000
1096.662	26170.000
1096.802	26278.000
1096.942	26087.000
1097.081	26140.000
1097.221	26239.000
1097.361	26132.000
1097.501	26209.000
1097.641	26159.000
1097.780	26127.000
1097.920	26401.000
1098.060	26382.000
1098.200	26392.000
1098.339	26385.000
1098.479	26467.000
1098.619	26410.000
1098.759	26513.000
1098.899	26468.000
1099.038	26418.000
1099.178	26372.000
1099.318	26241.000
1099.457	26239.000
1099.597	26432.000
1099.737	26413.000
1099.877	26607.000
1100.016	26659.000
1100.156	26740.000
1100.296	26636.000
1100.435	26748.000
1100.575	26686.000
1100.715	26944.000
1100.854	26688.000
1100.994	26744.000
1101.134	26780.000
1101.273	26711.000
1101.413	26774.000
1101.553	26845.000
1101.692	26792.000
1101.832	26643.000
1101.972	26834.000
1102.111	27959.000
1102.251	26674.000
1102.390	26672.000
1102.530	26691.000
1102.670	26690.000
1102.809	26603.000
1102.949	26625.000
1103.088	26570.000
1103.228	26611.000
1103.368	26594.000
1103.507	26650.000
1103.647	26512.000
1103.786	26533.000
1103.926	26499.000
1104.066	26630.000
1104.205	26813.000
1104.345	26905.000
1104.484	26897.000
1104.624	26808.000
1104.763	26879.000
1104.903	26898.000
1105.042	26991.000
1105.182	27009.000
1105.321	26922.000
1105.461	26949.000
1105.600	26995.000
1105.740	27519.000
1105.879	27253.000
1106.019	27098.000
1106.158	26786.000
1106.298	26767.000
1106.437	26843.000
1106.577	26871.000
1106.716	26861.000
1106.856	26972.000
1106.995	26988.000
1107.135	26962.000
1107.274	27031.000
1107.413	26954.000
1107.553	27029.000
1107.692	27051.000
1107.832	27126.000
1107.971	27050.000
1108.111	27136.000
1108.250	27136.000
1108.389	27070.000
1108.529	26993.000
1108.668	27060.000
1108.808	26894.000
1108.947	27126.000
1109.086	27046.000
1109.226	26897.000
1109.365	26850.000
1109.504	26914.000
1109.644	26954.000
1109.783	26868.000
1109.922	26921.000
1110.062	27010.000
1110.201	27257.000
1110.340	27165.000
1110.480	27192.000
1110.619	27032.000
1110.758	27023.000
1110.898	27152.000
1111.037	27126.000
1111.176	26927.000
1111.316	26873.000
1111.455	26927.000
1111.594	26979.000
1111.734	26884.000
1111.873	26790.000
1112.012	26875.000
1112.151	26880.000
1112.291	26834.000
1112.430	26806.000
1112.569	26895.000
1112.708	26808.000
1112.848	26872.000
1112.987	26795.000
1113.126	26845.000
1113.265	26913.000
1113.405	26876.000
1113.544	26836.000
1113.683	26767.000
1113.822	26875.000
1113.961	27003.000
1114.101	27005.000
1114.240	26971.000
1114.379	27030.000
1114.518	26904.000
1114.657	27101.000
1114.797	26982.000
