1249.954	3706.000
1250.101	3687.000
1250.248	3674.000
1250.395	3791.000
1250.542	3692.000
1250.689	3778.000
1250.836	3667.000
1250.983	3753.000
1251.130	3679.000
1251.278	3746.000
1251.425	3645.000
1251.572	3787.000
1251.719	3709.000
1251.866	3731.000
1252.013	3667.000
1252.160	3801.000
1252.307	3603.000
1252.454	3792.000
1252.601	3649.000
1252.748	3763.000
1252.895	3600.000
1253.042	3677.000
1253.188	3784.000
1253.335	3747.000
1253.482	3744.000
1253.629	3739.000
1253.776	3710.000
1253.923	3728.000
1254.070	3698.000
1254.217	3704.000
1254.364	3687.000
1254.510	3786.000
1254.657	3739.000
1254.804	3731.000
1254.951	3651.000
1255.098	3768.000
1255.244	3775.000
1255.391	3724.000
1255.538	3727.000
1255.685	3768.000
1255.831	3649.000
1255.978	3784.000
1256.125	3671.000
1256.271	3815.000
1256.418	3637.000
1256.565	3776.000
1256.711	3744.000
1256.858	3719.000
1257.005	3702.000
1257.151	3747.000
1257.298	3674.000
1257.445	3737.000
1257.591	3731.000
1257.738	3777.000
1257.884	3658.000
1258.031	3763.000
1258.177	3627.000
1258.324	3773.000
1258.470	3646.000
1258.617	3692.000
1258.763	3718.000
1258.910	3708.000
1259.056	3650.000
1259.203	3685.000
1259.349	3601.000
1259.496	3783.000
1259.642	3660.000
1259.789	3701.000
1259.935	3595.000
1260.082	3730.000
1260.228	3683.000
1260.374	3706.000
1260.521	3679.000
1260.667	3736.000
1260.813	3564.000
1260.960	3683.000
1261.106	3621.000
1261.252	3684.000
1261.399	3667.000
1261.545	3770.000
1261.691	3621.000
1261.837	3708.000
1261.984	3641.000
1262.130	3701.000
1262.276	3598.000
1262.422	3676.000
1262.569	3586.000
1262.715	3676.000
1262.861	3634.000
1263.007	3655.000
1263.153	3588.000
1263.300	3720.000
1263.446	3650.000
1263.592	3670.000
1263.738	3643.000
1263.884	3691.000
1264.030	3586.000
1264.176	3717.000
1264.322	3656.000
1264.468	3756.000
1264.614	3584.000
1264.761	3679.000
1264.907	3591.000
1265.053	3696.000
1265.199	3655.000
1265.345	3787.000
1265.491	3614.000
1265.637	3665.000
1265.783	3634.000
1265.928	3716.000
1266.074	3678.000
1266.220	3894.000
1266.366	3655.000
1266.512	3843.000
1266.658	3590.000
1266.804	3627.000
1266.950	3581.000
1267.096	3691.000
1267.242	3595.000
1267.387	3660.000
1267.533	3584.000
1267.679	3645.000
1267.825	3595.000
1267.971	3703.000
1268.117	3550.000
1268.262	3686.000
1268.408	3514.000
1268.554	3599.000
1268.700	3637.000
1268.845	3699.000
1268.991	3594.000
1269.137	3669.000
1269.282	3557.000
1269.428	3623.000
1269.574	3546.000
1269.719	3668.000
1269.865	3582.000
1270.011	3696.000
1270.156	3543.000
1270.302	3670.000
1270.448	3604.000
1270.593	3678.000
1270.739	3553.000
1270.884	3616.000
1271.030	3550.000
1271.176	3695.000
1271.321	3611.000
1271.467	3652.000
1271.612	3565.000
1271.758	3691.000
1271.903	3603.000
1272.049	3646.000
1272.194	3547.000
1272.340	3624.000
1272.485	3543.000
1272.630	3706.000
1272.776	3598.000
1272.921	3688.000
1273.067	3560.000
1273.212	3716.000
1273.358	3577.000
1273.503	3651.000
1273.648	3581.000
1273.794	3689.000
1273.939	3485.000
1274.084	3674.000
1274.230	3593.000
1274.375	3645.000
1274.520	3596.000
1274.666	3692.000
1274.811	3513.000
1274.956	3700.000
1275.101	3534.000
1275.247	3627.000
1275.392	3589.000
1275.537	3683.000
1275.682	3509.000
1275.827	3686.000
1275.973	3508.000
1276.118	3631.000
1276.263	3561.000
1276.408	3662.000
1276.553	3551.000
1276.698	3718.000
1276.844	3479.000
1276.989	3583.000
1277.134	3549.000
1277.279	3646.000
1277.424	3580.000
1277.569	3717.000
1277.714	3522.000
1277.859	3637.000
1278.004	3502.000
1278.149	3685.000
1278.294	3545.000
1278.439	3733.000
1278.584	3498.000
1278.729	3644.000
1278.874	3455.000
1279.019	3715.000
1279.164	3667.000
1279.309	3621.000
1279.454	3567.000
1279.599	3618.000
1279.744	3510.000
1279.888	3662.000
1280.033	3530.000
1280.178	3732.000
1280.323	3454.000
1280.468	3682.000
1280.613	3513.000
1280.758	3664.000
1280.902	3475.000
1281.047	3740.000
1281.192	3532.000
1281.337	3668.000
1281.481	3500.000
1281.626	3645.000
1281.771	3482.000
1281.916	3630.000
1282.060	3561.000
1282.205	3689.000
1282.350	3529.000
1282.495	3682.000
1282.639	3417.000
1282.784	3693.000
1282.929	3478.000
1283.073	3634.000
1283.218	3488.000
1283.362	3721.000
1283.507	3549.000
1283.652	3684.000
1283.796	3511.000
1283.941	3679.000
1284.085	3502.000
1284.230	3622.000
1284.374	3558.000
1284.519	3687.000
1284.663	3497.000
1284.808	3613.000
1284.952	3508.000
1285.097	3651.000
1285.241	3543.000
1285.386	3652.000
1285.530	3483.000
1285.675	3700.000
1285.819	3527.000
1285.964	3654.000
1286.108	3583.000
1286.252	3715.000
1286.397	3544.000
1286.541	3613.000
1286.686	3513.000
1286.830	3660.000
1286.974	3483.000
1287.119	3711.000
1287.263	3630.000
1287.407	3699.000
1287.552	3497.000
1287.696	3728.000
1287.840	3618.000
1287.984	3676.000
1288.129	3496.000
1288.273	3688.000
1288.417	3511.000
1288.561	3680.000
1288.705	3510.000
1288.850	3743.000
1288.994	3520.000
1289.138	3660.000
1289.282	3546.000
1289.426	3674.000
1289.570	3524.000
1289.715	3665.000
1289.859	3552.000
1290.003	3661.000
1290.147	3489.000
1290.291	3725.000
1290.435	3534.000
1290.579	3629.000
1290.723	3543.000
1290.867	3732.000
1291.011	3464.000
1291.155	3664.000
1291.299	3592.000
1291.443	3684.000
1291.587	3526.000
1291.731	3668.000
1291.875	3483.000
1292.019	3641.000
1292.163	3525.000
1292.307	3648.000
1292.451	3550.000
1292.595	3682.000
1292.739	3486.000
1292.883	3659.000
1293.027	3374.000
1293.170	3721.000
1293.314	3499.000
1293.458	3624.000
1293.602	3497.000
1293.746	3689.000
1293.890	3490.000
1294.033	3630.000
1294.177	3573.000
1294.321	3565.000
1294.465	3465.000
1294.608	3647.000
1294.752	3507.000
1294.896	3619.000
1295.040	3465.000
1295.183	3695.000
1295.327	3561.000
1295.471	3631.000
1295.614	3444.000
1295.758	3684.000
1295.902	3531.000
1296.045	3656.000
1296.189	3431.000
1296.332	3681.000
1296.476	3465.000
1296.620	3561.000
1296.763	3531.000
1296.907	3602.000
1297.050	3461.000
1297.194	3720.000
1297.337	3461.000
1297.481	3511.000
1297.625	3460.000
1297.768	3664.000
1297.912	3532.000
1298.055	3569.000
1298.198	3396.000
1298.342	3659.000
1298.485	3431.000
1298.629	3615.000
1298.772	3420.000
1298.916	3642.000
1299.059	3467.000
1299.202	3628.000
1299.346	3511.000
1299.489	3658.000
1299.633	3429.000
1299.776	3648.000
1299.919	3419.000
1300.063	3562.000
1300.206	3492.000
1300.349	3608.000
1300.492	3394.000
1300.636	3640.000
1300.779	3381.000
1300.922	3579.000
1301.066	3441.000
1301.209	3650.000
1301.352	3536.000
1301.495	3579.000
1301.638	3559.000
1301.782	3530.000
1301.925	3463.000
1302.068	3614.000
1302.211	3556.000
1302.354	3550.000
1302.497	3496.000
1302.641	3577.000
1302.784	3506.000
1302.927	3607.000
1303.070	3418.000
1303.213	3570.000
1303.356	3447.000
1303.499	3594.000
1303.642	3433.000
1303.785	3597.000
1303.928	3379.000
1304.071	3648.000
1304.214	3410.000
1304.357	3599.000
1304.500	3407.000
1304.643	3657.000
1304.786	3432.000
1304.929	3693.000
1305.072	3412.000
1305.215	3694.000
1305.358	3437.000
1305.501	3596.000
1305.644	3459.000
1305.786	3616.000
1305.929	3449.000
1306.072	3543.000
1306.215	3443.000
1306.358	3669.000
1306.501	3394.000
1306.644	3585.000
1306.786	3464.000
1306.929	3654.000
1307.072	3524.000
1307.215	3645.000
1307.357	3521.000
1307.500	3604.000
1307.643	3397.000
1307.786	3684.000
1307.928	3361.000
1308.071	3644.000
1308.214	3470.000
1308.356	3614.000
1308.499	3543.000
1308.642	3555.000
1308.784	3357.000
1308.927	3569.000
1309.070	3469.000
1309.212	3655.000
1309.355	3462.000
1309.497	3597.000
1309.640	3381.000
1309.783	3605.000
1309.925	3457.000
1310.068	3573.000
1310.210	3361.000
1310.353	3662.000
1310.495	3503.000
1310.638	3594.000
1310.780	3439.000
1310.923	3602.000
1311.065	3410.000
1311.208	3645.000
1311.350	3478.000
1311.493	3547.000
1311.635	3381.000
1311.777	3598.000
1311.920	3438.000
1312.062	3687.000
1312.205	3448.000
1312.347	3655.000
1312.489	3428.000
1312.632	3591.000
1312.774	3444.000
1312.916	3632.000
1313.059	3429.000
1313.201	3579.000
1313.343	3464.000
1313.485	3625.000
1313.628	3451.000
1313.770	3660.000
1313.912	3460.000
1314.054	3633.000
1314.197	3444.000
1314.339	3569.000
1314.481	3387.000
1314.623	3629.000
1314.765	3419.000
1314.908	3573.000
1315.050	3428.000
1315.192	3564.000
1315.334	3419.000
1315.476	3581.000
1315.618	3458.000
1315.760	3601.000
1315.902	3448.000
1316.045	3647.000
1316.187	3453.000
1316.329	3604.000
1316.471	3412.000
1316.613	3622.000
1316.755	3509.000
1316.897	3624.000
1317.039	3425.000
1317.181	3668.000
1317.323	3448.000
1317.465	3625.000
1317.607	3435.000
1317.749	3597.000
1317.890	3439.000
1318.032	3624.000
1318.174	3420.000
1318.316	3637.000
1318.458	3404.000
1318.600	3600.000
1318.742	3514.000
1318.884	3605.000
1319.026	3399.000
1319.167	3601.000
1319.309	3353.000
1319.451	3664.000
1319.593	3512.000
1319.735	3563.000
1319.876	3413.000
1320.018	3536.000
1320.160	3446.000
1320.302	3624.000
1320.443	3446.000
1320.585	3648.000
1320.727	3390.000
1320.868	3593.000
1321.010	3442.000
1321.152	3623.000
1321.294	3407.000
1321.435	3617.000
1321.577	3481.000
1321.718	3678.000
1321.860	3439.000
1322.002	3535.000
1322.143	3405.000
1322.285	3619.000
1322.426	3372.000
1322.568	3564.000
1322.710	3407.000
1322.851	3585.000
1322.993	3408.000
1323.134	3579.000
1323.276	3379.000
1323.417	3654.000
1323.559	3311.000
1323.700	3635.000
1323.842	3429.000
1323.983	3579.000
1324.124	3442.000
1324.266	3627.000
1324.407	3432.000
1324.549	3554.000
1324.690	3394.000
1324.832	3559.000
1324.973	3445.000
1325.114	3579.000
1325.256	3339.000
1325.397	3565.000
1325.538	3529.000
1325.680	3647.000
1325.821	3504.000
1325.962	3760.000
1326.103	3586.000
1326.245	3800.000
1326.386	3608.000
1326.527	3831.000
1326.669	3664.000
1326.810	4227.000
1326.951	3762.000
1327.092	3848.000
1327.233	3528.000
1327.375	4044.000
1327.516	3982.000
1327.657	4348.000
1327.798	4200.000
1327.939	3734.000
1328.080	3433.000
1328.221	3627.000
1328.363	3461.000
1328.504	3564.000
1328.645	3324.000
1328.786	3582.000
1328.927	3376.000
1329.068	3529.000
1329.209	3392.000
1329.350	3546.000
1329.491	3289.000
1329.632	3552.000
1329.773	3309.000
1329.914	3616.000
1330.055	3408.000
1330.196	3634.000
1330.337	3404.000
1330.478	3540.000
1330.619	3330.000
1330.760	3520.000
1330.901	3412.000
1331.041	3641.000
1331.182	3363.000
1331.323	3576.000
1331.464	3277.000
1331.605	3569.000
1331.746	3390.000
1331.887	3547.000
1332.027	3379.000
1332.168	3533.000
1332.309	3463.000
1332.450	3525.000
1332.591	3400.000
1332.731	3597.000
1332.872	3324.000
1333.013	3567.000
1333.154	3354.000
1333.294	3599.000
1333.435	3419.000
1333.576	3486.000
1333.716	3334.000
1333.857	3554.000
1333.998	3384.000
1334.138	3478.000
1334.279	3271.000
1334.420	3549.000
1334.560	3421.000
1334.701	3542.000
1334.841	3377.000
1334.982	3595.000
1335.123	3370.000
1335.263	3574.000
1335.404	3362.000
1335.544	3495.000
1335.685	3266.000
1335.825	3508.000
1335.966	3413.000
1336.106	3585.000
1336.247	3328.000
1336.387	3547.000
1336.528	3325.000
1336.668	3547.000
1336.809	3278.000
1336.949	3520.000
1337.089	3316.000
1337.230	3476.000
1337.370	3276.000
1337.511	3490.000
1337.651	3411.000
1337.791	3486.000
1337.932	3318.000
1338.072	3504.000
1338.212	3351.000
1338.353	3517.000
1338.493	3337.000
1338.633	3523.000
1338.773	3336.000
1338.914	3505.000
1339.054	3314.000
1339.194	3536.000
1339.335	3339.000
1339.475	3478.000
1339.615	3315.000
1339.755	3494.000
1339.895	3309.000
1340.036	3458.000
1340.176	3254.000
1340.316	3560.000
1340.456	3375.000
1340.596	3470.000
1340.736	3328.000
1340.876	3479.000
1341.016	3329.000
1341.157	3482.000
1341.297	3259.000
1341.437	3501.000
1341.577	3307.000
1341.717	3478.000
1341.857	3323.000
1341.997	3513.000
1342.137	3308.000
1342.277	3461.000
1342.417	3260.000
1342.557	3527.000
1342.697	3346.000
1342.837	3484.000
1342.977	3375.000
1343.117	3501.000
1343.257	3263.000
1343.397	3499.000
1343.536	3364.000
1343.676	3577.000
1343.816	3340.000
1343.956	3475.000
1344.096	3355.000
1344.236	3452.000
1344.376	3268.000
1344.515	3510.000
1344.655	3326.000
1344.795	3496.000
1344.935	3315.000
1345.075	3475.000
1345.214	3240.000
1345.354	3510.000
1345.494	3310.000
1345.634	3533.000
1345.773	3247.000
1345.913	3487.000
1346.053	3316.000
1346.192	3514.000
1346.332	3295.000
1346.472	3537.000
1346.611	3269.000
1346.751	3465.000
1346.891	3300.000
1347.030	3441.000
1347.170	3279.000
1347.310	3518.000
1347.449	3310.000
1347.589	3459.000
1347.728	3299.000
1347.868	3448.000
1348.007	3299.000
1348.147	3501.000
1348.286	3317.000
1348.426	3434.000
1348.565	3292.000
1348.705	3479.000
1348.844	3348.000
1348.984	3460.000
1349.123	3344.000
1349.263	3460.000
1349.402	3298.000
1349.542	3540.000
1349.681	3306.000
1349.821	3505.000
1349.960	3395.000
1350.099	3498.000
1350.239	3286.000
1350.378	3542.000
1350.517	3343.000
1350.657	3489.000
1350.796	3362.000
1350.935	3508.000
1351.075	3344.000
1351.214	3468.000
1351.353	3284.000
1351.492	3521.000
1351.632	3351.000
1351.771	3429.000
1351.910	3363.000
1352.049	3528.000
1352.189	3368.000
1352.328	3523.000
1352.467	3338.000
1352.606	3631.000
1352.745	3343.000
1352.885	3485.000
1353.024	3336.000
1353.163	3560.000
1353.302	3503.000
1353.441	3504.000
1353.580	3328.000
1353.719	3488.000
1353.858	3274.000
1353.997	3548.000
1354.136	3259.000
1354.275	3526.000
1354.414	3259.000
1354.554	3375.000
1354.693	3357.000
1354.832	3462.000
1354.970	3289.000
1355.109	3475.000
1355.248	3318.000
1355.387	3522.000
1355.526	3298.000
1355.665	3455.000
1355.804	3273.000
1355.943	3426.000
1356.082	3280.000
1356.221	3476.000
1356.360	3299.000
1356.499	3451.000
1356.637	3347.000
1356.776	3467.000
1356.915	3264.000
1357.054	3556.000
1357.193	3303.000
1357.332	3464.000
1357.470	3301.000
1357.609	3403.000
1357.748	3323.000
1357.887	3407.000
1358.025	3305.000
1358.164	3365.000
1358.303	3325.000
1358.442	3384.000
1358.580	3323.000
1358.719	3468.000
1358.858	3272.000
1358.996	3477.000
1359.135	3297.000
1359.274	3496.000
1359.412	3284.000
1359.551	3443.000
1359.689	3340.000
1359.828	3419.000
1359.967	3292.000
1360.105	3441.000
1360.244	3305.000
1360.382	3369.000
1360.521	3302.000
1360.659	3446.000
1360.798	3310.000
1360.936	3412.000
1361.075	3277.000
1361.213	3379.000
1361.352	3268.000
1361.490	3428.000
1361.629	3365.000
1361.767	3900.000
1361.906	3659.000
1362.044	3816.000
1362.183	3351.000
1362.321	3538.000
1362.459	3460.000
1362.598	3513.000
1362.736	3374.000
1362.874	3607.000
1363.013	3485.000
1363.151	3686.000
1363.289	3439.000
1363.428	3575.000
1363.566	3293.000
1363.704	3612.000
1363.843	3409.000
1363.981	3524.000
1364.119	3298.000
1364.257	3497.000
1364.396	3247.000
1364.534	3507.000
1364.672	3282.000
1364.810	3493.000
1364.948	3222.000
1365.087	3481.000
1365.225	3288.000
1365.363	3488.000
1365.501	3271.000
1365.639	3477.000
1365.777	3362.000
1365.915	3519.000
1366.053	3324.000
1366.192	3459.000
1366.330	3301.000
1366.468	3523.000
1366.606	3283.000
1366.744	3497.000
1366.882	3296.000
1367.020	3512.000
1367.158	3283.000
1367.296	3532.000
1367.434	3291.000
1367.572	3578.000
1367.710	3395.000
1367.848	3507.000
1367.986	3267.000
1368.124	3468.000
1368.261	3291.000
1368.399	3445.000
1368.537	3317.000
1368.675	3500.000
1368.813	3346.000
1368.951	3481.000
1369.089	3335.000
1369.227	3523.000
1369.364	3342.000
1369.502	3486.000
1369.640	3312.000
1369.778	3531.000
1369.916	3284.000
1370.053	3504.000
1370.191	3290.000
1370.329	3473.000
1370.467	3230.000
1370.604	3532.000
1370.742	3374.000
1370.880	3446.000
1371.017	3370.000
1371.155	3575.000
1371.293	3265.000
1371.430	3543.000
1371.568	3356.000
1371.706	3506.000
1371.843	3307.000
1371.981	3423.000
1372.119	3300.000
1372.256	3436.000
1372.394	3305.000
1372.531	3506.000
1372.669	3316.000
1372.806	3470.000
1372.944	3308.000
1373.082	3545.000
1373.219	3363.000
1373.357	3496.000
1373.494	3386.000
1373.632	3498.000
1373.769	3333.000
1373.906	3509.000
1374.044	2980.000
1374.181	3469.000
1374.319	3284.000
1374.456	3413.000
1374.594	3226.000
1374.731	3455.000
1374.868	3262.000
1375.006	3482.000
1375.143	3394.000
1375.280	3500.000
1375.418	3334.000
1375.555	3460.000
1375.692	3324.000
1375.830	3500.000
1375.967	3320.000
1376.104	3478.000
1376.242	3246.000
1376.379	3483.000
1376.516	3269.000
1376.653	3429.000
1376.791	3307.000
1376.928	3409.000
1377.065	3293.000
1377.202	3489.000
1377.339	3237.000
1377.477	3490.000
1377.614	3225.000
1377.751	3555.000
1377.888	3329.000
1378.025	3406.000
1378.162	3307.000
1378.299	3409.000
1378.436	3260.000
1378.574	3403.000
1378.711	3239.000
1378.848	3428.000
1378.985	3241.000
1379.122	3487.000
1379.259	3261.000
1379.396	3477.000
1379.533	3236.000
1379.670	3347.000
1379.807	3213.000
1379.944	3381.000
1380.081	3138.000
1380.218	3392.000
1380.355	3144.000
1380.491	3381.000
1380.628	3183.000
1380.765	3383.000
1380.902	3312.000
1381.039	3435.000
1381.176	3203.000
1381.313	3509.000
1381.450	3174.000
1381.586	3400.000
1381.723	3247.000
1381.860	3449.000
1381.997	3226.000
1382.134	3501.000
1382.271	4909.000
1382.407	3475.000
1382.544	3269.000
1382.681	3432.000
1382.818	3282.000
1382.954	3422.000
1383.091	3147.000
1383.228	3377.000
1383.364	3340.000
1383.501	3491.000
1383.638	3307.000
1383.774	3396.000
1383.911	3231.000
1384.048	3400.000
1384.184	3306.000
1384.321	3505.000
1384.457	3263.000
1384.594	3413.000
1384.731	3237.000
1384.867	3474.000
1385.004	3281.000
1385.140	3453.000
1385.277	3276.000
1385.413	3463.000
1385.550	3295.000
1385.686	3444.000
1385.823	3231.000
1385.959	3407.000
1386.096	3244.000
1386.232	3530.000
1386.369	3312.000
1386.505	3471.000
1386.642	3302.000
1386.778	3557.000
1386.914	3316.000
1387.051	3523.000
1387.187	3357.000
1387.324	3565.000
1387.460	3237.000
1387.596	3490.000
1387.733	3217.000
1387.869	3506.000
1388.005	3212.000
1388.142	3483.000
1388.278	3267.000
1388.414	3453.000
1388.550	3255.000
1388.687	3511.000
1388.823	3186.000
1388.959	3482.000
1389.095	3292.000
1389.232	3393.000
1389.368	3227.000
1389.504	3484.000
1389.640	3234.000
1389.776	3428.000
1389.912	3246.000
1390.049	3445.000
1390.185	3272.000
1390.321	3390.000
1390.457	3294.000
1390.593	3448.000
1390.729	3286.000
1390.865	3499.000
1391.001	3211.000
1391.137	3494.000
1391.273	3266.000
1391.409	3539.000
1391.545	3480.000
1391.681	3631.000
1391.817	3377.000
1391.953	3464.000
1392.089	3302.000
1392.225	3514.000
1392.361	3312.000
1392.497	3546.000
1392.633	3301.000
1392.769	3529.000
1392.905	3262.000
1393.041	3422.000
1393.177	3272.000
1393.313	3478.000
1393.449	3275.000
1393.584	3359.000
1393.720	3304.000
1393.856	3496.000
1393.992	3313.000
1394.128	3424.000
1394.264	3261.000
1394.399	3361.000
1394.535	3321.000
1394.671	3535.000
