1389.877	3414.000
1390.026	3513.000
1390.174	3370.000
1390.323	3613.000
1390.472	3381.000
1390.621	3600.000
1390.770	3363.000
1390.919	3563.000
1391.067	3387.000
1391.216	3577.000
1391.365	3353.000
1391.514	3628.000
1391.662	3393.000
1391.811	3539.000
1391.960	3356.000
1392.109	3636.000
1392.257	3317.000
1392.406	3627.000
1392.555	3309.000
1392.703	3616.000
1392.852	3312.000
1393.000	3504.000
1393.149	3475.000
1393.298	3584.000
1393.446	3390.000
1393.595	3578.000
1393.743	3408.000
1393.892	3559.000
1394.040	3357.000
1394.189	3533.000
1394.337	3404.000
1394.486	3615.000
1394.634	3462.000
1394.783	3561.000
1394.931	3347.000
1395.079	3551.000
1395.228	3446.000
1395.376	3562.000
1395.525	3421.000
1395.673	3600.000
1395.821	3360.000
1395.970	3652.000
1396.118	3356.000
1396.266	3662.000
1396.414	3360.000
1396.563	3595.000
1396.711	3423.000
1396.859	3575.000
1397.007	3415.000
1397.156	3595.000
1397.304	3364.000
1397.452	3531.000
1397.600	3412.000
1397.748	3618.000
1397.896	3333.000
1398.045	3606.000
1398.193	3346.000
1398.341	3574.000
1398.489	3325.000
1398.637	3529.000
1398.785	3384.000
1398.933	3517.000
1399.081	3372.000
1399.229	3526.000
1399.377	3338.000
1399.525	3600.000
1399.673	3381.000
1399.821	3547.000
1399.969	3331.000
1400.117	3524.000
1400.265	3346.000
1400.413	3515.000
1400.561	3382.000
1400.708	3557.000
1400.856	3281.000
1401.004	3505.000
1401.152	3309.000
1401.300	3480.000
1401.448	3378.000
1401.595	3601.000
1401.743	3342.000
1401.891	3512.000
1402.039	3362.000
1402.186	3524.000
1402.334	3308.000
1402.482	3504.000
1402.629	3308.000
1402.777	3518.000
1402.925	3360.000
1403.072	3508.000
1403.220	3299.000
1403.368	3520.000
1403.515	3367.000
1403.663	3511.000
1403.810	3335.000
1403.958	3489.000
1404.105	3296.000
1404.253	3505.000
1404.400	3327.000
1404.548	3523.000
1404.695	3309.000
1404.843	3434.000
1404.990	3266.000
1405.138	3447.000
1405.285	3331.000
1405.433	3525.000
1405.580	3290.000
1405.727	3493.000
1405.875	3315.000
1406.022	3476.000
1406.170	3339.000
1406.317	3509.000
1406.464	3183.000
1406.611	3525.000
1406.759	3288.000
1406.906	3440.000
1407.053	3309.000
1407.201	3530.000
1407.348	3338.000
1407.495	3469.000
1407.642	3321.000
1407.789	3437.000
1407.937	3322.000
1408.084	3547.000
1408.231	3260.000
1408.378	3495.000
1408.525	3262.000
1408.672	3407.000
1408.819	3370.000
1408.966	3511.000
1409.113	3334.000
1409.260	3521.000
1409.407	3289.000
1409.554	3421.000
1409.701	3303.000
1409.848	3471.000
1409.995	3332.000
1410.142	3511.000
1410.289	3262.000
1410.436	3465.000
1410.583	3347.000
1410.730	3491.000
1410.877	3272.000
1411.024	3446.000
1411.171	3289.000
1411.318	3516.000
1411.464	3349.000
1411.611	3475.000
1411.758	3283.000
1411.905	3503.000
1412.052	3321.000
1412.198	3466.000
1412.345	3275.000
1412.492	3434.000
1412.638	3282.000
1412.785	3508.000
1412.932	3346.000
1413.079	3506.000
1413.225	3294.000
1413.372	3518.000
1413.518	3332.000
1413.665	3459.000
1413.812	3312.000
1413.958	3506.000
1414.105	3250.000
1414.251	3464.000
1414.398	3336.000
1414.544	3454.000
1414.691	3312.000
1414.838	3510.000
1414.984	3234.000
1415.130	3491.000
1415.277	3306.000
1415.423	3428.000
1415.570	3323.000
1415.716	3495.000
1415.863	3241.000
1416.009	3527.000
1416.155	3200.000
1416.302	3447.000
1416.448	3292.000
1416.594	3523.000
1416.741	3313.000
1416.887	3519.000
1417.033	3203.000
1417.180	3394.000
1417.326	3292.000
1417.472	3472.000
1417.618	3335.000
1417.765	3507.000
1417.911	3286.000
1418.057	3473.000
1418.203	3256.000
1418.349	3481.000
1418.495	3295.000
1418.642	3527.000
1418.788	3230.000
1418.934	3430.000
1419.080	3203.000
1419.226	3529.000
1419.372	3380.000
1419.518	3422.000
1419.664	3316.000
1419.810	3435.000
1419.956	3248.000
1420.102	3430.000
1420.248	3291.000
1420.394	3535.000
1420.540	3218.000
1420.686	3463.000
1420.832	3241.000
1420.978	3451.000
1421.124	3231.000
1421.270	3530.000
1421.415	3267.000
1421.561	3448.000
1421.707	3225.000
1421.853	3424.000
1421.999	3226.000
1422.144	3443.000
1422.290	3257.000
1422.436	3480.000
1422.582	3264.000
1422.727	3480.000
1422.873	3156.000
1423.019	3453.000
1423.165	3222.000
1423.310	3448.000
1423.456	3253.000
1423.602	3516.000
1423.747	3309.000
1423.893	3472.000
1424.038	3237.000
1424.184	3477.000
1424.330	3260.000
1424.475	3447.000
1424.621	3271.000
1424.766	3495.000
1424.912	3227.000
1425.057	3414.000
1425.203	3261.000
1425.348	3471.000
1425.494	3290.000
1425.639	3445.000
1425.785	3190.000
1425.930	3458.000
1426.075	3271.000
1426.221	3447.000
1426.366	3322.000
1426.512	3542.000
1426.657	3282.000
1426.802	3410.000
1426.948	3247.000
1427.093	3462.000
1427.238	3239.000
1427.383	3482.000
1427.529	3346.000
1427.674	3501.000
1427.819	3227.000
1427.964	3539.000
1428.110	3364.000
1428.255	3466.000
1428.400	3236.000
1428.545	3514.000
1428.690	3250.000
1428.835	3476.000
1428.981	3275.000
1429.126	3520.000
1429.271	3251.000
1429.416	3441.000
1429.561	3290.000
1429.706	3481.000
1429.851	3293.000
1429.996	3480.000
1430.141	3307.000
1430.286	3511.000
1430.431	3305.000
1430.576	3550.000
1430.721	3301.000
1430.866	3440.000
1431.011	3307.000
1431.156	3520.000
1431.301	3233.000
1431.445	3485.000
1431.590	3360.000
1431.735	3479.000
1431.880	3284.000
1432.025	3433.000
1432.170	3265.000
1432.314	3448.000
1432.459	3288.000
1432.604	3444.000
1432.749	3317.000
1432.893	3492.000
1433.038	3278.000
1433.183	3479.000
1433.328	3123.000
1433.472	3543.000
1433.617	3286.000
1433.762	3456.000
1433.906	3287.000
1434.051	3522.000
1434.195	3285.000
1434.340	3505.000
1434.485	3376.000
1434.629	3473.000
1434.774	3266.000
1434.918	3512.000
1435.063	3287.000
1435.207	3469.000
1435.352	3230.000
1435.496	3503.000
1435.641	3350.000
1435.785	3473.000
1435.930	3230.000
1436.074	3475.000
1436.219	3337.000
1436.363	3496.000
1436.507	3224.000
1436.652	3506.000
1436.796	3259.000
1436.940	3407.000
1437.085	3320.000
1437.229	3427.000
1437.373	3257.000
1437.518	3563.000
1437.662	3246.000
1437.806	3358.000
1437.950	3265.000
1438.095	3525.000
1438.239	3316.000
1438.383	3413.000
1438.527	3204.000
1438.671	3491.000
1438.815	3260.000
1438.960	3444.000
1439.104	3239.000
1439.248	3478.000
1439.392	3263.000
1439.536	3439.000
1439.680	3335.000
1439.824	3497.000
1439.968	3272.000
1440.112	3527.000
1440.256	3257.000
1440.400	3415.000
1440.544	3305.000
1440.688	3452.000
1440.832	3170.000
1440.976	3480.000
1441.120	3186.000
1441.264	3384.000
1441.408	3247.000
1441.552	3498.000
1441.696	3265.000
1441.839	3440.000
1441.983	3264.000
1442.127	3379.000
1442.271	3235.000
1442.415	3443.000
1442.559	3344.000
1442.702	3389.000
1442.846	3263.000
1442.990	3420.000
1443.133	3284.000
1443.277	3465.000
1443.421	3219.000
1443.565	3364.000
1443.708	3251.000
1443.852	3432.000
1443.996	3269.000
1444.139	3444.000
1444.283	3182.000
1444.426	3480.000
1444.570	3177.000
1444.714	3464.000
1444.857	3234.000
1445.001	3481.000
1445.144	3260.000
1445.288	3531.000
1445.431	3198.000
1445.575	3544.000
1445.718	3265.000
1445.862	3459.000
1446.005	3271.000
1446.148	3485.000
1446.292	3368.000
1446.435	3534.000
1446.579	3388.000
1446.722	3662.000
1446.865	3393.000
1447.009	3629.000
1447.152	3578.000
1447.295	3537.000
1447.439	3367.000
1447.582	3510.000
1447.725	3331.000
1447.869	3427.000
1448.012	3215.000
1448.155	3501.000
1448.298	3154.000
1448.441	3456.000
1448.585	3302.000
1448.728	3436.000
1448.871	3323.000
1449.014	3394.000
1449.157	3188.000
1449.300	3399.000
1449.443	3275.000
1449.586	3518.000
1449.730	3241.000
1449.873	3445.000
1450.016	3189.000
1450.159	3481.000
1450.302	3251.000
1450.445	3421.000
1450.588	3180.000
1450.731	3474.000
1450.874	3291.000
1451.017	3448.000
1451.160	3248.000
1451.302	3472.000
1451.445	3210.000
1451.588	3477.000
1451.731	3292.000
1451.874	3384.000
1452.017	3194.000
1452.160	3436.000
1452.302	3261.000
1452.445	3520.000
1452.588	3211.000
1452.731	3495.000
1452.874	3267.000
1453.016	3450.000
1453.159	3274.000
1453.302	3465.000
1453.444	3271.000
1453.587	3486.000
1453.730	3295.000
1453.872	3445.000
1454.015	3296.000
1454.158	3530.000
1454.300	3290.000
1454.443	3489.000
1454.586	3250.000
1454.728	3394.000
1454.871	3207.000
1455.013	3519.000
1455.156	3229.000
1455.298	3429.000
1455.441	3213.000
1455.583	3414.000
1455.726	3226.000
1455.868	3417.000
1456.011	3260.000
1456.153	3448.000
1456.296	3257.000
1456.438	3472.000
1456.580	3289.000
1456.723	3469.000
1456.865	3233.000
1457.007	3497.000
1457.150	3321.000
1457.292	3457.000
1457.434	3239.000
1457.577	3531.000
1457.719	3244.000
1457.861	3424.000
1458.003	3233.000
1458.146	3457.000
1458.288	3279.000
1458.430	3465.000
1458.572	3235.000
1458.714	3434.000
1458.857	3230.000
1458.999	3418.000
1459.141	3320.000
1459.283	3410.000
1459.425	3228.000
1459.567	3466.000
1459.709	3204.000
1459.851	3485.000
1459.993	3341.000
1460.135	3411.000
1460.277	3243.000
1460.419	3401.000
1460.561	3282.000
1460.703	3457.000
1460.845	3305.000
1460.987	3499.000
1461.129	3226.000
1461.271	3478.000
1461.413	3267.000
1461.555	3460.000
1461.697	3299.000
1461.839	3502.000
1461.981	3299.000
1462.122	3513.000
1462.264	3267.000
1462.406	3358.000
1462.548	3201.000
1462.690	3491.000
1462.831	3203.000
1462.973	3450.000
1463.115	3248.000
1463.257	3432.000
1463.398	3237.000
1463.540	3449.000
1463.682	3237.000
1463.823	3509.000
1463.965	3147.000
1464.107	3509.000
1464.248	3241.000
1464.390	3453.000
1464.531	3279.000
1464.673	3489.000
1464.815	3262.000
1464.956	3427.000
1465.098	3206.000
1465.239	3421.000
1465.381	3261.000
1465.522	3443.000
1465.664	3205.000
1465.805	3453.000
1465.947	3365.000
1466.088	3466.000
1466.229	3260.000
1466.371	3469.000
1466.512	3199.000
1466.654	3427.000
1466.795	3222.000
1466.936	3466.000
1467.078	3226.000
1467.219	3551.000
1467.360	3235.000
1467.502	3491.000
1467.643	3233.000
1467.784	3466.000
1467.925	3277.000
1468.067	3497.000
1468.208	3194.000
1468.349	3424.000
1468.490	3227.000
1468.631	3452.000
1468.773	3301.000
1468.914	3443.000
1469.055	3159.000
1469.196	3447.000
1469.337	3252.000
1469.478	3402.000
1469.619	3249.000
1469.760	3448.000
1469.901	3214.000
1470.042	3430.000
1470.183	3169.000
1470.324	3490.000
1470.465	3252.000
1470.606	3524.000
1470.747	3246.000
1470.888	3438.000
1471.029	3208.000
1471.170	3397.000
1471.311	3261.000
1471.452	3541.000
1471.593	3221.000
1471.734	3468.000
1471.875	3163.000
1472.015	3472.000
1472.156	3251.000
1472.297	3457.000
1472.438	3229.000
1472.579	3454.000
1472.719	3340.000
1472.860	3405.000
1473.001	3257.000
1473.142	3515.000
1473.282	3253.000
1473.423	3485.000
1473.564	3233.000
1473.704	3506.000
1473.845	3264.000
1473.986	3367.000
1474.126	3229.000
1474.267	3440.000
1474.408	3243.000
1474.548	3347.000
1474.689	3152.000
1474.829	3420.000
1474.970	3292.000
1475.110	3454.000
1475.251	3284.000
1475.391	3501.000
1475.532	3254.000
1475.672	3447.000
1475.813	3212.000
1475.953	3411.000
1476.094	3148.000
1476.234	3399.000
1476.374	3289.000
1476.515	3474.000
1476.655	3209.000
1476.796	3449.000
1476.936	3233.000
1477.076	3432.000
1477.217	3150.000
1477.357	3435.000
1477.497	3215.000
1477.637	3374.000
1477.778	3153.000
1477.918	3367.000
1478.058	3280.000
1478.198	3403.000
1478.338	3176.000
1478.479	3402.000
1478.619	3233.000
1478.759	3424.000
1478.899	3207.000
1479.039	3435.000
1479.179	3207.000
1479.319	3393.000
1479.460	3196.000
1479.600	3435.000
1479.740	3229.000
1479.880	3391.000
1480.020	3199.000
1480.160	3371.000
1480.300	3168.000
1480.440	3353.000
1480.580	3160.000
1480.720	3448.000
1480.860	3262.000
1481.000	3367.000
1481.139	3172.000
1481.279	3416.000
1481.419	3214.000
1481.559	3387.000
1481.699	3165.000
1481.839	3372.000
1481.979	3133.000
1482.118	3369.000
1482.258	3203.000
1482.398	3396.000
1482.538	3173.000
1482.678	3369.000
1482.817	3154.000
1482.957	3399.000
1483.097	3190.000
1483.236	3351.000
1483.376	3211.000
1483.516	3382.000
1483.655	3118.000
1483.795	3358.000
1483.935	3272.000
1484.074	3457.000
1484.214	3190.000
1484.354	3392.000
1484.493	3242.000
1484.633	3360.000
1484.772	3150.000
1484.912	3401.000
1485.051	3195.000
1485.191	3347.000
1485.330	3149.000
1485.470	3378.000
1485.609	3135.000
1485.749	3416.000
1485.888	3206.000
1486.027	3422.000
1486.167	3118.000
1486.306	3414.000
1486.446	3168.000
1486.585	3413.000
1486.724	3171.000
1486.864	3425.000
1487.003	3161.000
1487.142	3366.000
1487.282	3192.000
1487.421	3354.000
1487.560	3175.000
1487.699	3424.000
1487.839	3164.000
1487.978	3330.000
1488.117	3198.000
1488.256	3347.000
1488.395	3214.000
1488.535	3417.000
1488.674	3225.000
1488.813	3342.000
1488.952	3184.000
1489.091	3397.000
1489.230	3207.000
1489.369	3325.000
1489.508	3208.000
1489.647	3365.000
1489.786	3224.000
1489.925	3470.000
1490.064	3188.000
1490.203	3387.000
1490.342	3247.000
1490.481	3402.000
1490.620	3208.000
1490.759	3472.000
1490.898	3215.000
1491.037	3419.000
1491.176	3250.000
1491.315	3423.000
1491.454	3236.000
1491.592	3394.000
1491.731	3197.000
1491.870	3422.000
1492.009	3234.000
1492.148	3357.000
1492.286	3274.000
1492.425	3448.000
1492.564	3227.000
1492.703	3352.000
1492.841	3190.000
1492.980	3479.000
1493.119	3228.000
1493.257	3402.000
1493.396	3261.000
1493.535	3486.000
1493.673	3397.000
1493.812	3444.000
1493.951	3222.000
1494.089	3425.000
1494.228	3192.000
1494.366	3461.000
1494.505	3204.000
1494.643	3451.000
1494.782	3168.000
1494.920	3325.000
1495.059	3248.000
1495.197	3406.000
1495.336	3202.000
1495.474	3390.000
1495.613	3200.000
1495.751	3447.000
1495.890	3203.000
1496.028	3358.000
1496.166	3180.000
1496.305	3342.000
1496.443	3203.000
1496.581	3408.000
1496.720	3220.000
1496.858	3395.000
1496.996	3285.000
1497.135	3385.000
1497.273	3214.000
1497.411	3490.000
1497.549	3198.000
1497.688	3419.000
1497.826	3204.000
1497.964	3324.000
1498.102	3231.000
1498.240	3352.000
1498.378	3239.000
1498.517	3314.000
1498.655	3212.000
1498.793	3335.000
1498.931	3237.000
1499.069	3397.000
1499.207	3213.000
1499.345	3446.000
1499.483	3217.000
1499.621	3429.000
1499.759	3201.000
1499.897	3390.000
1500.035	3207.000
1500.173	3362.000
1500.311	3237.000
1500.449	3363.000
1500.587	3229.000
1500.725	3360.000
1500.863	3235.000
1501.001	3391.000
1501.138	3265.000
1501.276	3393.000
1501.414	3200.000
1501.552	3327.000
1501.690	3194.000
1501.828	3367.000
1501.965	3204.000
1502.103	3435.000
1502.241	3221.000
1502.379	3418.000
1502.516	3194.000
1502.654	3366.000
1502.792	3205.000
1502.929	3357.000
1503.067	3160.000
1503.205	3433.000
1503.342	3182.000
1503.480	3451.000
1503.618	3259.000
1503.755	3425.000
1503.893	3191.000
1504.030	3446.000
1504.168	3197.000
1504.305	3372.000
1504.443	3198.000
1504.580	3409.000
1504.718	3178.000
1504.855	3435.000
1504.993	3239.000
1505.130	3442.000
1505.268	3158.000
1505.405	3414.000
1505.543	3221.000
1505.680	3435.000
1505.817	3236.000
1505.955	3437.000
1506.092	3285.000
1506.229	3461.000
1506.367	3273.000
1506.504	3388.000
1506.641	3220.000
1506.779	3450.000
1506.916	3218.000
1507.053	3447.000
1507.190	3219.000
1507.328	3454.000
1507.465	3178.000
1507.602	3461.000
1507.739	3188.000
1507.876	3486.000
1508.014	3283.000
1508.151	3448.000
1508.288	3202.000
1508.425	3424.000
1508.562	3257.000
1508.699	3392.000
1508.836	3229.000
1508.973	3440.000
1509.110	3260.000
1509.247	3414.000
1509.384	3275.000
1509.521	3440.000
1509.658	3288.000
1509.795	3429.000
1509.932	3199.000
1510.069	3467.000
1510.206	3227.000
1510.343	3422.000
1510.480	3229.000
1510.617	3405.000
1510.754	3170.000
1510.890	3461.000
1511.027	3274.000
1511.164	3379.000
1511.301	3286.000
1511.438	3539.000
1511.575	3213.000
1511.711	3454.000
1511.848	3264.000
1511.985	3400.000
1512.121	3220.000
1512.258	3368.000
1512.395	3214.000
1512.532	3398.000
1512.668	3268.000
1512.805	3448.000
1512.942	3263.000
1513.078	3404.000
1513.215	3234.000
1513.351	3478.000
1513.488	3315.000
1513.625	3423.000
1513.761	3314.000
1513.898	3444.000
1514.034	3250.000
1514.171	3406.000
1514.307	2924.000
1514.444	3416.000
1514.580	3254.000
1514.717	3387.000
1514.853	3153.000
1514.989	3420.000
1515.126	3193.000
1515.262	3425.000
1515.399	3296.000
1515.535	3422.000
1515.671	3266.000
1515.808	3406.000
1515.944	3224.000
1516.080	3462.000
1516.217	3264.000
1516.353	3423.000
1516.489	3150.000
1516.625	3459.000
1516.762	3216.000
1516.898	3408.000
1517.034	3251.000
1517.170	3340.000
1517.307	3237.000
1517.443	3418.000
1517.579	3179.000
1517.715	3441.000
1517.851	3156.000
1517.987	3481.000
1518.123	3258.000
1518.259	3360.000
1518.396	3268.000
1518.532	3374.000
1518.668	3208.000
1518.804	3331.000
1518.940	3137.000
1519.076	3341.000
1519.212	3203.000
1519.348	3447.000
1519.484	3227.000
1519.620	3390.000
1519.755	3179.000
1519.891	3321.000
1520.027	3181.000
1520.163	3376.000
1520.299	3087.000
1520.435	3348.000
1520.571	3110.000
1520.707	3334.000
1520.842	3157.000
1520.978	3358.000
1521.114	3255.000
1521.250	3369.000
1521.385	3144.000
1521.521	3457.000
1521.657	3114.000
1521.793	3376.000
1521.928	3215.000
1522.064	3400.000
1522.200	3179.000
1522.335	3443.000
1522.471	4872.000
1522.607	3434.000
1522.742	3194.000
1522.878	3384.000
1523.013	3218.000
1523.149	3371.000
1523.285	3109.000
1523.420	3352.000
1523.556	3288.000
1523.691	3432.000
1523.827	3241.000
1523.962	3345.000
1524.098	3186.000
1524.233	3388.000
1524.369	3487.000
1524.504	4027.000
1524.639	3586.000
1524.775	3817.000
1524.910	3334.000
1525.046	3695.000
1525.181	3484.000
1525.316	3737.000
1525.452	3477.000
1525.587	3578.000
1525.722	3399.000
1525.858	3541.000
1525.993	3242.000
1526.128	3413.000
1526.263	3186.000
1526.399	3432.000
1526.534	3207.000
1526.669	3419.000
1526.804	3159.000
1526.939	3450.000
1527.074	3229.000
1527.210	3477.000
1527.345	3194.000
1527.480	3426.000
1527.615	3109.000
1527.750	3423.000
1527.885	3152.000
1528.020	3411.000
1528.155	3176.000
1528.290	3461.000
1528.425	3190.000
1528.560	3396.000
1528.695	3202.000
1528.830	3468.000
1528.965	3150.000
1529.100	3428.000
1529.235	3239.000
1529.370	3357.000
1529.505	3192.000
1529.640	3400.000
1529.775	3211.000
1529.910	3378.000
1530.044	3212.000
1530.179	3384.000
1530.314	3236.000
1530.449	3357.000
1530.584	3228.000
1530.718	3395.000
1530.853	3229.000
1530.988	3488.000
1531.123	3150.000
1531.257	3421.000
1531.392	3192.000
1531.527	3364.000
1531.661	3285.000
1531.796	3448.000
1531.931	3233.000
1532.065	3384.000
1532.200	3288.000
1532.335	3435.000
1532.469	3237.000
1532.604	3498.000
1532.738	3264.000
1532.873	3492.000
1533.007	3248.000
1533.142	3403.000
1533.276	3223.000
1533.411	3427.000
1533.545	3258.000
1533.680	3327.000
1533.814	3295.000
1533.949	3463.000
1534.083	3295.000
1534.218	3439.000
1534.352	3226.000
1534.486	3343.000
1534.621	3287.000
1534.755	3491.000
