829.593	4661.000
829.736	4823.000
829.879	4660.000
830.022	4893.000
830.166	4635.000
830.309	4894.000
830.452	4644.000
830.595	4833.000
830.738	4623.000
830.881	4811.000
831.024	4564.000
831.167	4855.000
831.310	4620.000
831.453	4711.000
831.597	4599.000
831.740	4832.000
831.883	4518.000
832.026	4779.000
832.169	4484.000
832.312	4710.000
832.455	4430.000
832.598	4677.000
832.741	4612.000
832.884	4687.000
833.027	4570.000
833.170	4719.000
833.314	4547.000
833.457	4696.000
833.600	4548.000
833.743	4740.000
833.886	4561.000
834.029	4900.000
834.172	4631.000
834.315	4791.000
834.458	4550.000
834.601	4822.000
834.744	4687.000
834.887	4825.000
835.030	4688.000
835.173	4882.000
835.316	4618.000
835.459	4846.000
835.602	4583.000
835.745	4819.000
835.889	4529.000
836.032	4779.000
836.175	4523.000
836.318	4673.000
836.461	4527.000
836.604	4725.000
836.747	4395.000
836.890	4582.000
837.033	4484.000
837.176	4688.000
837.319	4389.000
837.462	4640.000
837.605	4427.000
837.748	4658.000
837.891	4356.000
838.034	4635.000
838.177	4465.000
838.320	4635.000
838.463	4448.000
838.606	4634.000
838.749	4421.000
838.892	4748.000
839.035	4524.000
839.178	4669.000
839.321	4466.000
839.464	4700.000
839.607	4491.000
839.750	4658.000
839.893	4474.000
840.036	4732.000
840.179	4405.000
840.322	4623.000
840.465	4428.000
840.608	4614.000
840.751	4462.000
840.894	4675.000
841.037	4402.000
841.180	4586.000
841.323	4435.000
841.465	4613.000
841.608	4396.000
841.751	4562.000
841.894	4398.000
842.037	4597.000
842.180	4439.000
842.323	4584.000
842.466	4442.000
842.609	4655.000
842.752	4477.000
842.895	4622.000
843.038	4453.000
843.181	4610.000
843.324	4379.000
843.467	4592.000
843.610	4456.000
843.753	4637.000
843.896	4375.000
844.039	4559.000
844.181	4384.000
844.324	4531.000
844.467	4395.000
844.610	4668.000
844.753	4388.000
844.896	4592.000
845.039	4394.000
845.182	4560.000
845.325	4387.000
845.468	4574.000
845.611	4276.000
845.753	4587.000
845.896	4390.000
846.039	4561.000
846.182	4394.000
846.325	4625.000
846.468	4427.000
846.611	4606.000
846.754	4387.000
846.897	4597.000
847.040	4443.000
847.182	4706.000
847.325	4435.000
847.468	4673.000
847.611	4398.000
847.754	4559.000
847.897	4513.000
848.040	4673.000
848.183	4451.000
848.325	4675.000
848.468	4479.000
848.611	4620.000
848.754	4471.000
848.897	4667.000
849.040	4531.000
849.183	4717.000
849.326	4483.000
849.468	4722.000
849.611	4564.000
849.754	4744.000
849.897	4526.000
850.040	4695.000
850.183	4561.000
850.325	4788.000
850.468	4653.000
850.611	4735.000
850.754	4602.000
850.897	4828.000
851.040	4642.000
851.183	4795.000
851.325	4629.000
851.468	4773.000
851.611	4603.000
851.754	4841.000
851.897	4677.000
852.039	4872.000
852.182	4649.000
852.325	4881.000
852.468	4679.000
852.611	4833.000
852.754	4687.000
852.896	4906.000
853.039	4610.000
853.182	4869.000
853.325	4740.000
853.468	4843.000
853.610	4666.000
853.753	4850.000
853.896	4624.000
854.039	4875.000
854.182	4661.000
854.324	4793.000
854.467	4658.000
854.610	4814.000
854.753	4609.000
854.895	4856.000
855.038	4484.000
855.181	4784.000
855.324	4633.000
855.467	4862.000
855.609	4608.000
855.752	4840.000
855.895	4520.000
856.038	4677.000
856.180	4566.000
856.323	4780.000
856.466	4568.000
856.609	4845.000
856.752	4606.000
856.894	4764.000
857.037	4561.000
857.180	4864.000
857.323	4696.000
857.465	4939.000
857.608	4639.000
857.751	4889.000
857.894	4647.000
858.036	5007.000
858.179	4891.000
858.322	4940.000
858.464	4806.000
858.607	5002.000
858.750	4819.000
858.893	5028.000
859.035	4808.000
859.178	5157.000
859.321	4793.000
859.464	5060.000
859.606	4848.000
859.749	5059.000
859.892	4763.000
860.034	5114.000
860.177	4875.000
860.320	5062.000
860.463	4736.000
860.605	5008.000
860.748	4808.000
860.891	4992.000
861.033	4815.000
861.176	5132.000
861.319	4848.000
861.461	5074.000
861.604	4811.000
861.747	5107.000
861.890	4838.000
862.032	5115.000
862.175	4906.000
862.318	5162.000
862.460	4939.000
862.603	5179.000
862.746	4938.000
862.888	5188.000
863.031	5006.000
863.174	5230.000
863.316	5049.000
863.459	5320.000
863.602	5063.000
863.744	5217.000
863.887	4993.000
864.030	5292.000
864.172	5075.000
864.315	5261.000
864.458	5011.000
864.600	5353.000
864.743	5066.000
864.886	5271.000
865.028	5165.000
865.171	5325.000
865.314	5061.000
865.456	5203.000
865.599	5059.000
865.741	5184.000
865.884	4996.000
866.027	5267.000
866.169	5121.000
866.312	5231.000
866.455	5058.000
866.597	5303.000
866.740	5075.000
866.882	5190.000
867.025	4993.000
867.168	5191.000
867.310	5014.000
867.453	5199.000
867.596	4985.000
867.738	5155.000
867.881	4933.000
868.023	5139.000
868.166	4968.000
868.309	5109.000
868.451	4994.000
868.594	5118.000
868.736	4928.000
868.879	5142.000
869.022	4994.000
869.164	5176.000
869.307	4951.000
869.449	5085.000
869.592	4981.000
869.735	5155.000
869.877	4924.000
870.020	5157.000
870.162	5043.000
870.305	5179.000
870.447	5035.000
870.590	5163.000
870.733	5034.000
870.875	5290.000
871.018	5152.000
871.160	5320.000
871.303	5200.000
871.445	5443.000
871.588	5224.000
871.731	5401.000
871.873	5159.000
872.016	5499.000
872.158	5235.000
872.301	5437.000
872.443	5289.000
872.586	5486.000
872.728	5287.000
872.871	5477.000
873.013	5360.000
873.156	5321.000
873.299	5182.000
873.441	5447.000
873.584	5219.000
873.726	5342.000
873.869	5149.000
874.011	5417.000
874.154	5206.000
874.296	5340.000
874.439	5113.000
874.581	5269.000
874.724	5141.000
874.866	5282.000
875.009	5037.000
875.151	5284.000
875.294	5074.000
875.436	5201.000
875.579	5100.000
875.721	5254.000
875.864	5094.000
876.006	5368.000
876.149	5098.000
876.291	5239.000
876.434	5114.000
876.576	5371.000
876.719	5205.000
876.861	5358.000
877.004	5153.000
877.146	5470.000
877.289	5248.000
877.431	5520.000
877.574	5303.000
877.716	5581.000
877.859	5370.000
878.001	5602.000
878.144	5457.000
878.286	5638.000
878.429	5431.000
878.571	5701.000
878.714	5398.000
878.856	5618.000
878.998	5507.000
879.141	5654.000
879.283	5399.000
879.426	5711.000
879.568	5402.000
879.711	5570.000
879.853	5428.000
879.996	5653.000
880.138	5468.000
880.281	5581.000
880.423	5433.000
880.565	5526.000
880.708	5415.000
880.850	5542.000
880.993	5456.000
881.135	5501.000
881.278	5345.000
881.420	5501.000
881.562	5375.000
881.705	5550.000
881.847	5305.000
881.990	5564.000
882.132	5583.000
882.275	5779.000
882.417	5912.000
882.559	6229.000
882.702	6050.000
882.844	6303.000
882.987	6167.000
883.129	6079.000
883.271	7461.000
883.414	7005.000
883.556	5874.000
883.699	5756.000
883.841	5339.000
883.983	5761.000
884.126	5396.000
884.268	5587.000
884.411	5387.000
884.553	5601.000
884.695	5427.000
884.838	5602.000
884.980	5415.000
885.122	5705.000
885.265	5439.000
885.407	5683.000
885.550	5527.000
885.692	5724.000
885.834	5619.000
885.977	5769.000
886.119	5614.000
886.261	5795.000
886.404	5550.000
886.546	5887.000
886.689	5591.000
886.831	5870.000
886.973	5690.000
887.116	5869.000
887.258	5821.000
887.400	5821.000
887.543	5626.000
887.685	5845.000
887.827	5723.000
887.970	5967.000
888.112	5733.000
888.254	5873.000
888.397	5682.000
888.539	5896.000
888.681	5739.000
888.824	5827.000
888.966	5667.000
889.108	5881.000
889.251	5749.000
889.393	5826.000
889.535	5655.000
889.678	5822.000
889.820	5660.000
889.962	5840.000
890.105	5763.000
890.247	5724.000
890.389	5606.000
890.531	5770.000
890.674	5691.000
890.816	5857.000
890.958	5633.000
891.101	5816.000
891.243	5690.000
891.385	5807.000
891.528	5686.000
891.670	5833.000
891.812	5716.000
891.954	5828.000
892.097	5743.000
892.239	5847.000
892.381	5747.000
892.524	5965.000
892.666	5848.000
892.808	5972.000
892.950	5780.000
893.093	5899.000
893.235	5757.000
893.377	5975.000
893.519	5781.000
893.662	5954.000
893.804	5792.000
893.946	5936.000
894.088	5791.000
894.231	6017.000
894.373	5828.000
894.515	6036.000
894.657	5869.000
894.800	6058.000
894.942	5903.000
895.084	6074.000
895.226	5857.000
895.369	6122.000
895.511	5872.000
895.653	6016.000
895.795	5783.000
895.938	6075.000
896.080	5797.000
896.222	5973.000
896.364	5771.000
896.507	6018.000
896.649	5856.000
896.791	6011.000
896.933	5801.000
897.075	6006.000
897.218	5809.000
897.360	6018.000
897.502	5943.000
897.644	6069.000
897.787	5881.000
897.929	6094.000
898.071	5897.000
898.213	6792.000
898.355	6372.000
898.498	6184.000
898.640	5993.000
898.782	6152.000
898.924	6037.000
899.066	6246.000
899.208	6108.000
899.351	6333.000
899.493	6034.000
899.635	6270.000
899.777	6108.000
899.919	6303.000
900.062	6087.000
900.204	6345.000
900.346	6170.000
900.488	6345.000
900.630	6106.000
900.772	6229.000
900.915	6067.000
901.057	6374.000
901.199	6072.000
901.341	6288.000
901.483	6115.000
901.625	6327.000
901.768	6092.000
901.910	6268.000
902.052	6104.000
902.194	6435.000
902.336	6041.000
902.478	6351.000
902.620	6110.000
902.763	6318.000
902.905	6129.000
903.047	6269.000
903.189	6051.000
903.331	6298.000
903.473	6003.000
903.615	6159.000
903.758	6037.000
903.900	6233.000
904.042	5875.000
904.184	6170.000
904.326	6069.000
904.468	6201.000
904.610	5890.000
904.752	6143.000
904.895	5803.000
905.037	6037.000
905.179	5730.000
905.321	6035.000
905.463	5720.000
905.605	6075.000
905.747	5749.000
905.889	6037.000
906.031	5725.000
906.173	5940.000
906.316	5776.000
906.458	5992.000
906.600	5633.000
906.742	5866.000
906.884	5705.000
907.026	5944.000
907.168	5728.000
907.310	5936.000
907.452	5680.000
907.594	5917.000
907.736	5774.000
907.878	5950.000
908.021	5782.000
908.163	5951.000
908.305	5704.000
908.447	6039.000
908.589	5739.000
908.731	5960.000
908.873	5819.000
909.015	6123.000
909.157	5872.000
909.299	5986.000
909.441	5814.000
909.583	6042.000
909.725	5862.000
909.867	6152.000
910.009	5894.000
910.151	6115.000
910.293	5763.000
910.435	6086.000
910.577	5943.000
910.719	6106.000
910.862	5857.000
911.004	6031.000
911.146	5970.000
911.288	6024.000
911.430	5850.000
911.572	6136.000
911.714	5842.000
911.856	6063.000
911.998	5816.000
912.140	6153.000
912.282	5894.000
912.424	6006.000
912.566	5922.000
912.708	6127.000
912.850	5933.000
912.992	6035.000
913.134	5840.000
913.276	6151.000
913.418	6007.000
913.560	6134.000
913.702	6054.000
913.844	6315.000
913.986	6062.000
914.128	6231.000
914.270	6127.000
914.412	6316.000
914.554	6073.000
914.696	6338.000
914.838	6320.000
914.980	6419.000
915.122	6224.000
915.264	6473.000
915.406	6356.000
915.548	6502.000
915.690	6202.000
915.831	6508.000
915.973	6382.000
916.115	6513.000
916.257	6359.000
916.399	6612.000
916.541	6546.000
916.683	6567.000
916.825	6433.000
916.967	6649.000
917.109	6519.000
917.251	6641.000
917.393	6448.000
917.535	6706.000
917.677	6494.000
917.819	6640.000
917.961	6421.000
918.103	6728.000
918.245	6469.000
918.387	6605.000
918.528	6461.000
918.670	6628.000
918.812	6369.000
918.954	6547.000
919.096	6389.000
919.238	6635.000
919.380	6422.000
919.522	6532.000
919.664	6396.000
919.806	6549.000
919.948	6411.000
920.090	6491.000
920.231	6317.000
920.373	6492.000
920.515	6270.000
920.657	6500.000
920.799	6302.000
920.941	6473.000
921.083	6221.000
921.225	6429.000
921.367	6233.000
921.509	6494.000
921.650	6257.000
921.792	6493.000
921.934	6250.000
922.076	6384.000
922.218	6078.000
922.360	6373.000
922.502	6263.000
922.644	6441.000
922.785	6135.000
922.927	6256.000
923.069	6171.000
923.211	6266.000
923.353	6087.000
923.495	6310.000
923.637	6092.000
923.779	6235.000
923.920	6053.000
924.062	6195.000
924.204	6021.000
924.346	6263.000
924.488	6089.000
924.630	6240.000
924.771	5951.000
924.913	6200.000
925.055	5986.000
925.197	6215.000
925.339	5948.000
925.481	6240.000
925.623	5955.000
925.764	6161.000
925.906	5933.000
926.048	6118.000
926.190	5924.000
926.332	6271.000
926.473	5933.000
926.615	6151.000
926.757	5994.000
926.899	6170.000
927.041	5940.000
927.183	6241.000
927.324	5982.000
927.466	6171.000
927.608	5905.000
927.750	6274.000
927.892	6059.000
928.033	6218.000
928.175	5984.000
928.317	6209.000
928.459	6060.000
928.601	6338.000
928.742	5984.000
928.884	6212.000
929.026	6144.000
929.168	6323.000
929.310	5987.000
929.451	6383.000
929.593	6139.000
929.735	6369.000
929.877	6143.000
930.018	6342.000
930.160	6128.000
930.302	6341.000
930.444	6130.000
930.585	6433.000
930.727	6233.000
930.869	6344.000
931.011	6240.000
931.153	6407.000
931.294	6277.000
931.436	6373.000
931.578	6174.000
931.720	6438.000
931.861	6276.000
932.003	6466.000
932.145	6355.000
932.287	6519.000
932.428	6516.000
932.570	6493.000
932.712	6392.000
932.854	6514.000
932.995	6394.000
933.137	6617.000
933.279	6464.000
933.420	6629.000
933.562	6495.000
933.704	6577.000
933.846	6538.000
933.987	6700.000
934.129	6546.000
934.271	6684.000
934.412	6576.000
934.554	6769.000
934.696	6618.000
934.838	6725.000
934.979	6581.000
935.121	6776.000
935.263	6654.000
935.404	6845.000
935.546	6656.000
935.688	6807.000
935.830	6807.000
935.971	6800.000
936.113	6627.000
936.255	6946.000
936.396	6715.000
936.538	6884.000
936.680	6728.000
936.821	6792.000
936.963	6749.000
937.105	6843.000
937.246	6759.000
937.388	6743.000
937.530	6771.000
937.671	6853.000
937.813	6762.000
937.955	6815.000
938.096	6790.000
938.238	6930.000
938.380	6729.000
938.521	6891.000
938.663	6786.000
938.805	6919.000
938.946	6801.000
939.088	6814.000
939.230	6772.000
939.371	6891.000
939.513	6783.000
939.655	6828.000
939.796	6805.000
939.938	6905.000
940.080	6900.000
940.221	6938.000
940.363	6793.000
940.504	6969.000
940.646	6879.000
940.788	7000.000
940.929	6846.000
941.071	7037.000
941.213	6923.000
941.354	7067.000
941.496	6887.000
941.637	6975.000
941.779	6951.000
941.921	7019.000
942.062	6805.000
942.204	7038.000
942.346	6972.000
942.487	7103.000
942.629	6925.000
942.770	7147.000
942.912	6951.000
943.054	7171.000
943.195	6991.000
943.337	7112.000
943.478	6931.000
943.620	7247.000
943.761	6951.000
943.903	7199.000
944.045	7044.000
944.186	7270.000
944.328	6998.000
944.469	7167.000
944.611	7001.000
944.753	7256.000
944.894	7070.000
945.036	7279.000
945.177	7108.000
945.319	7349.000
945.460	7180.000
945.602	7245.000
945.744	7073.000
945.885	7364.000
946.027	7134.000
946.168	7321.000
946.310	7132.000
946.451	7352.000
946.593	7176.000
946.734	7447.000
946.876	7215.000
947.018	7470.000
947.159	7366.000
947.301	7491.000
947.442	7215.000
947.584	7448.000
947.725	7307.000
947.867	7491.000
948.008	7390.000
948.150	7537.000
948.291	7441.000
948.433	7597.000
948.574	7507.000
948.716	7675.000
948.857	7536.000
948.999	7645.000
949.140	7534.000
949.282	7752.000
949.424	7503.000
949.565	7712.000
949.707	7622.000
949.848	7783.000
949.990	7523.000
950.131	7772.000
950.273	7691.000
950.414	7765.000
950.556	7682.000
950.697	7810.000
950.839	7660.000
950.980	7879.000
951.122	7754.000
951.263	7814.000
951.404	7653.000
951.546	7820.000
951.687	7718.000
951.829	7785.000
951.970	7694.000
952.112	7852.000
952.253	7776.000
952.395	7923.000
952.536	7681.000
952.678	7923.000
952.819	7843.000
952.961	7954.000
953.102	7756.000
953.244	7894.000
953.385	7769.000
953.527	7982.000
953.668	7445.000
953.809	7905.000
953.951	7703.000
954.092	7927.000
954.234	7718.000
954.375	7989.000
954.517	7658.000
954.658	7917.000
954.800	7820.000
954.941	8022.000
955.082	7790.000
955.224	7922.000
955.365	7781.000
955.507	8089.000
955.648	7882.000
955.790	8005.000
955.931	7790.000
956.072	8138.000
956.214	7915.000
956.355	8084.000
956.497	7869.000
956.638	8045.000
956.780	8003.000
956.921	8225.000
957.062	7937.000
957.204	8184.000
957.345	7981.000
957.487	8379.000
957.628	8047.000
957.769	8216.000
957.911	8080.000
958.052	8284.000
958.194	8141.000
958.335	8244.000
958.476	8089.000
958.618	8218.000
958.759	8187.000
958.901	8430.000
959.042	8175.000
959.183	8358.000
959.325	8184.000
959.466	8412.000
959.607	8250.000
959.749	8410.000
959.890	8796.000
960.032	10336.000
960.173	10052.000
960.314	9362.000
960.456	8686.000
960.597	9432.000
960.738	9229.000
960.880	9278.000
961.021	8888.000
961.162	9105.000
961.304	8864.000
961.445	8758.000
961.586	8504.000
961.728	8553.000
961.869	8296.000
962.011	8602.000
962.152	10005.000
962.293	8647.000
962.435	8403.000
962.576	8516.000
962.717	8462.000
962.859	8601.000
963.000	8384.000
963.141	8549.000
963.283	8554.000
963.424	8748.000
963.565	8604.000
963.706	8637.000
963.848	8438.000
963.989	8606.000
964.130	8638.000
964.272	8762.000
964.413	8560.000
964.554	8647.000
964.696	8519.000
964.837	8820.000
964.978	8627.000
965.120	8736.000
965.261	8562.000
965.402	8761.000
965.543	8701.000
965.685	8791.000
965.826	8574.000
965.967	8726.000
966.109	8627.000
966.250	8914.000
966.391	8716.000
966.532	8881.000
966.674	8644.000
966.815	8889.000
966.956	8796.000
967.098	8993.000
967.239	8761.000
967.380	8893.000
967.521	8626.000
967.663	8962.000
967.804	8780.000
967.945	8982.000
968.086	8743.000
968.228	8994.000
968.369	8884.000
968.510	9043.000
968.651	8854.000
968.793	9060.000
968.934	8755.000
969.075	9085.000
969.216	8945.000
969.358	8942.000
969.499	8874.000
969.640	9065.000
969.781	8904.000
969.923	9152.000
970.064	8922.000
970.205	9073.000
970.346	8919.000
970.488	9062.000
970.629	9017.000
970.770	9171.000
970.911	8964.000
971.053	9171.000
971.194	8893.000
971.335	9216.000
971.476	8961.000
971.617	9180.000
971.759	9077.000
971.900	9290.000
972.041	9062.000
972.182	9323.000
972.323	9158.000
972.465	9306.000
972.606	9120.000
972.747	9401.000
972.888	9189.000
973.029	9412.000
973.171	9140.000
973.312	9352.000
973.453	9174.000
973.594	9373.000
973.735	9205.000
973.877	9348.000
974.018	9227.000
974.159	9497.000
974.300	9326.000
974.441	9478.000
974.582	9340.000
974.724	9420.000
974.865	9406.000
975.006	9602.000
