969.812	4370.000
969.956	4781.000
970.101	4379.000
970.245	4919.000
970.389	4375.000
970.533	4907.000
970.678	4369.000
970.822	4875.000
970.966	4387.000
971.110	4883.000
971.255	4440.000
971.399	4963.000
971.543	4492.000
971.687	4935.000
971.831	4549.000
971.976	5113.000
972.120	4588.000
972.264	5094.000
972.408	4629.000
972.552	5147.000
972.697	4695.000
972.841	5106.000
972.985	4842.000
973.129	5179.000
973.273	4698.000
973.417	5119.000
973.562	4745.000
973.706	5081.000
973.850	4708.000
973.994	5092.000
974.138	4690.000
974.282	5131.000
974.426	4734.000
974.570	5006.000
974.715	4498.000
974.859	4946.000
975.003	4552.000
975.147	4911.000
975.291	4527.000
975.435	5030.000
975.579	4526.000
975.723	5028.000
975.867	4530.000
976.011	5074.000
976.155	4567.000
976.299	5087.000
976.444	4696.000
976.588	5120.000
976.732	4756.000
976.876	5159.000
977.020	4738.000
977.164	5131.000
977.308	4779.000
977.452	5169.000
977.596	4708.000
977.740	5115.000
977.884	4678.000
978.028	5052.000
978.172	4592.000
978.316	4981.000
978.460	4591.000
978.604	4929.000
978.748	4541.000
978.892	4915.000
979.036	4485.000
979.180	4907.000
979.323	4502.000
979.467	4788.000
979.611	4418.000
979.755	4794.000
979.899	4392.000
980.043	4759.000
980.187	4404.000
980.331	4783.000
980.475	4351.000
980.619	4774.000
980.763	4422.000
980.907	4779.000
981.050	4524.000
981.194	4943.000
981.338	4520.000
981.482	4954.000
981.626	4679.000
981.770	5043.000
981.914	4708.000
982.058	5088.000
982.201	4753.000
982.345	5143.000
982.489	4964.000
982.633	5227.000
982.777	4958.000
982.921	5379.000
983.064	5191.000
983.208	5370.000
983.352	5237.000
983.496	5391.000
983.640	5093.000
983.783	5346.000
983.927	5106.000
984.071	5309.000
984.215	4956.000
984.359	5205.000
984.502	4891.000
984.646	5225.000
984.790	4903.000
984.934	5195.000
985.077	4819.000
985.221	5080.000
985.365	4792.000
985.509	5067.000
985.652	4834.000
985.796	5173.000
985.940	4820.000
986.084	5281.000
986.227	4987.000
986.371	5321.000
986.515	4960.000
986.658	5252.000
986.802	5027.000
986.946	5278.000
987.089	5013.000
987.233	5309.000
987.377	5106.000
987.520	5392.000
987.664	5031.000
987.808	5336.000
987.951	4931.000
988.095	5188.000
988.239	5095.000
988.382	5356.000
988.526	5060.000
988.670	5427.000
988.813	5166.000
988.957	5324.000
989.100	5162.000
989.244	5407.000
989.388	5132.000
989.531	5347.000
989.675	5041.000
989.818	5328.000
989.962	5083.000
990.106	5398.000
990.249	5166.000
990.393	5332.000
990.536	5168.000
990.680	5429.000
990.823	5254.000
990.967	5445.000
991.110	5279.000
991.254	5538.000
991.398	5348.000
991.541	5605.000
991.685	5353.000
991.828	5499.000
991.972	5402.000
992.115	5611.000
992.259	5448.000
992.402	5602.000
992.546	5359.000
992.689	5592.000
992.833	5336.000
992.976	5401.000
993.120	5231.000
993.263	5497.000
993.406	5199.000
993.550	5435.000
993.693	5296.000
993.837	5459.000
993.980	5351.000
994.124	5565.000
994.267	5290.000
994.411	5592.000
994.554	5324.000
994.697	5458.000
994.841	5388.000
994.984	5512.000
995.128	5189.000
995.271	5433.000
995.414	5112.000
995.558	5311.000
995.701	5166.000
995.845	5336.000
995.988	5142.000
996.131	5286.000
996.275	5097.000
996.418	5138.000
996.561	5093.000
996.705	5328.000
996.848	5205.000
996.991	5413.000
997.135	5283.000
997.278	5504.000
997.421	5546.000
997.565	5708.000
997.708	5666.000
997.851	6052.000
997.995	5968.000
998.138	6133.000
998.281	6215.000
998.424	6356.000
998.568	6373.000
998.711	6277.000
998.854	6401.000
998.998	6269.000
999.141	6156.000
999.284	6277.000
999.427	6215.000
999.571	6336.000
999.714	6127.000
999.857	6178.000
1000.000	6039.000
1000.143	6148.000
1000.287	6069.000
1000.430	6290.000
1000.573	6162.000
1000.716	6253.000
1000.860	6139.000
1001.003	6264.000
1001.146	6162.000
1001.289	6289.000
1001.432	6300.000
1001.575	6363.000
1001.719	6293.000
1001.862	6427.000
1002.005	6149.000
1002.148	6439.000
1002.291	6364.000
1002.434	6568.000
1002.578	6516.000
1002.721	6528.000
1002.864	6507.000
1003.007	6560.000
1003.150	6539.000
1003.293	6577.000
1003.436	6456.000
1003.579	6403.000
1003.723	6467.000
1003.866	6494.000
1004.009	6277.000
1004.152	6281.000
1004.295	6170.000
1004.438	6173.000
1004.581	6098.000
1004.724	6092.000
1004.867	5957.000
1005.010	6059.000
1005.153	6149.000
1005.296	6163.000
1005.439	6265.000
1005.582	6314.000
1005.725	6418.000
1005.868	6333.000
1006.012	6443.000
1006.155	6576.000
1006.298	6698.000
1006.441	6764.000
1006.584	6963.000
1006.727	6978.000
1006.870	6992.000
1007.013	6913.000
1007.156	6933.000
1007.298	6714.000
1007.441	6675.000
1007.584	6749.000
1007.727	6664.000
1007.870	6565.000
1008.013	6667.000
1008.156	6802.000
1008.299	6863.000
1008.442	6854.000
1008.585	6926.000
1008.728	6969.000
1008.871	7043.000
1009.014	7049.000
1009.157	7175.000
1009.300	7053.000
1009.443	6989.000
1009.585	7036.000
1009.728	7069.000
1009.871	7083.000
1010.014	7215.000
1010.157	7162.000
1010.300	7299.000
1010.443	7293.000
1010.586	7394.000
1010.728	7468.000
1010.871	7574.000
1011.014	7589.000
1011.157	7747.000
1011.300	7731.000
1011.443	7859.000
1011.585	7946.000
1011.728	8110.000
1011.871	7951.000
1012.014	7929.000
1012.157	7938.000
1012.300	7683.000
1012.442	7862.000
1012.585	7842.000
1012.728	7764.000
1012.871	7719.000
1013.013	7757.000
1013.156	7831.000
1013.299	7791.000
1013.442	7929.000
1013.585	7752.000
1013.727	7892.000
1013.870	8010.000
1014.013	8061.000
1014.156	7797.000
1014.298	7866.000
1014.441	7876.000
1014.584	7938.000
1014.726	7671.000
1014.869	7712.000
1015.012	7701.000
1015.155	7695.000
1015.297	7532.000
1015.440	7536.000
1015.583	7620.000
1015.725	7701.000
1015.868	7706.000
1016.011	7720.000
1016.153	7700.000
1016.296	7904.000
1016.439	8124.000
1016.581	8279.000
1016.724	8237.000
1016.867	8658.000
1017.009	8666.000
1017.152	9089.000
1017.295	8800.000
1017.437	8804.000
1017.580	8769.000
1017.722	8941.000
1017.865	8863.000
1018.008	8870.000
1018.150	8885.000
1018.293	9011.000
1018.435	8959.000
1018.578	8974.000
1018.721	8915.000
1018.863	8990.000
1019.006	9063.000
1019.148	9023.000
1019.291	8959.000
1019.433	9209.000
1019.576	9265.000
1019.718	9259.000
1019.861	9447.000
1020.003	9456.000
1020.146	9650.000
1020.289	9817.000
1020.431	9742.000
1020.574	9882.000
1020.716	9588.000
1020.859	9672.000
1021.001	9455.000
1021.144	9659.000
1021.286	9503.000
1021.429	9676.000
1021.571	9112.000
1021.713	9071.000
1021.856	8847.000
1021.998	9168.000
1022.141	8878.000
1022.283	9202.000
1022.426	9162.000
1022.568	9369.000
1022.711	9384.000
1022.853	9776.000
1022.996	9947.000
1023.138	10049.000
1023.280	9918.000
1023.423	9862.000
1023.565	9676.000
1023.708	9788.000
1023.850	9640.000
1023.992	9697.000
1024.135	9549.000
1024.277	9498.000
1024.420	9665.000
1024.562	9816.000
1024.704	9815.000
1024.847	10111.000
1024.989	9939.000
1025.131	9945.000
1025.274	9890.000
1025.416	10012.000
1025.558	9785.000
1025.701	9802.000
1025.843	9784.000
1025.985	10118.000
1026.128	10092.000
1026.270	10262.000
1026.412	10351.000
1026.555	10764.000
1026.697	10973.000
1026.839	11101.000
1026.982	11217.000
1027.124	11264.000
1027.266	11401.000
1027.408	11761.000
1027.551	11747.000
1027.693	11993.000
1027.835	11707.000
1027.977	11683.000
1028.120	11390.000
1028.262	11272.000
1028.404	11369.000
1028.546	11285.000
1028.689	11178.000
1028.831	11288.000
1028.973	11649.000
1029.115	11928.000
1029.257	11893.000
1029.400	12097.000
1029.542	12169.000
1029.684	12536.000
1029.826	12640.000
1029.968	12264.000
1030.111	12159.000
1030.253	12207.000
1030.395	12025.000
1030.537	11847.000
1030.679	11312.000
1030.821	11440.000
1030.964	11095.000
1031.106	11219.000
1031.248	11412.000
1031.390	11687.000
1031.532	11850.000
1031.674	12127.000
1031.816	12532.000
1031.958	13116.000
1032.101	13123.000
1032.243	13904.000
1032.385	13763.000
1032.527	13860.000
1032.669	13467.000
1032.811	13050.000
1032.953	12769.000
1033.095	12624.000
1033.237	12606.000
1033.379	12514.000
1033.521	12418.000
1033.663	12809.000
1033.805	13080.000
1033.948	13400.000
1034.090	13364.000
1034.232	13315.000
1034.374	13182.000
1034.516	13491.000
1034.658	13386.000
1034.800	13474.000
1034.942	13505.000
1035.084	13399.000
1035.226	13444.000
1035.368	13583.000
1035.510	13388.000
1035.652	13650.000
1035.794	13567.000
1035.936	14473.000
1036.078	14999.000
1036.220	15129.000
1036.362	14620.000
1036.503	14712.000
1036.645	13777.000
1036.787	14021.000
1036.929	14169.000
1037.071	14406.000
1037.213	14067.000
1037.355	14186.000
1037.497	13880.000
1037.639	14018.000
1037.781	14328.000
1037.923	14784.000
1038.065	14712.000
1038.207	14730.000
1038.348	14460.000
1038.490	14954.000
1038.632	15475.000
1038.774	16563.000
1038.916	16674.000
1039.058	16497.000
1039.200	15772.000
1039.342	16549.000
1039.483	17104.000
1039.625	16999.000
1039.767	16318.000
1039.909	15744.000
1040.051	15380.000
1040.193	15527.000
1040.334	15704.000
1040.476	15935.000
1040.618	16795.000
1040.760	17466.000
1040.902	17204.000
1041.043	17907.000
1041.185	18817.000
1041.327	20776.000
1041.469	19943.000
1041.611	19172.000
1041.752	19346.000
1041.894	21266.000
1042.036	19385.000
1042.178	18571.000
1042.319	19057.000
1042.461	20041.000
1042.603	18951.000
1042.745	18720.000
1042.886	19335.000
1043.028	18844.000
1043.170	17315.000
1043.311	18251.000
1043.453	17585.000
1043.595	17769.000
1043.737	19673.000
1043.878	20525.000
1044.020	19936.000
1044.162	23560.000
1044.303	23557.000
1044.445	21582.000
1044.587	24018.000
1044.728	24661.000
1044.870	20635.000
1045.012	22475.000
1045.153	22374.000
1045.295	20101.000
1045.437	22175.000
1045.578	22044.000
1045.720	21092.000
1045.861	22629.000
1046.003	21803.000
1046.145	21470.000
1046.286	21599.000
1046.428	22434.000
1046.569	24063.000
1046.711	22722.000
1046.853	23432.000
1046.994	22527.000
1047.136	23293.000
1047.277	23719.000
1047.419	23231.000
1047.561	24658.000
1047.702	22595.000
1047.844	25012.000
1047.985	22833.000
1048.127	24930.000
1048.268	22746.000
1048.410	23163.000
1048.551	22576.000
1048.693	24040.000
1048.834	24616.000
1048.976	25707.000
1049.117	25338.000
1049.259	27462.000
1049.400	27111.000
1049.542	28997.000
1049.683	29852.000
1049.825	30053.000
1049.966	34292.000
1050.108	31970.000
1050.249	36575.000
1050.391	31603.000
1050.532	36869.000
1050.674	32416.000
1050.815	38909.000
1050.957	33141.000
1051.098	42045.000
1051.239	36156.000
1051.381	46016.000
1051.522	41684.000
1051.664	43574.000
1051.805	51135.000
1051.947	38604.000
1052.088	55500.000
1052.229	36026.000
1052.371	50380.000
1052.512	43570.000
1052.654	41294.000
1052.795	46080.000
1052.936	40479.000
1053.078	47382.000
1053.219	45300.000
1053.360	48332.000
1053.502	43093.000
1053.643	49865.000
1053.784	53695.000
1053.926	40928.000
1054.067	55754.000
1054.208	48219.000
1054.350	41911.000
1054.491	46591.000
1054.632	50774.000
1054.774	42775.000
1054.915	45020.000
1055.056	55574.000
1055.198	56878.000
1055.339	47040.000
1055.480	62476.000
1055.622	62594.000
1055.763	49535.000
1055.904	54335.000
1056.045	62480.000
1056.187	56088.000
1056.328	55712.000
1056.469	62576.000
1056.610	62587.000
1056.752	62548.000
1056.893	62663.000
1057.034	62639.000
1057.175	62507.000
1057.316	62607.000
1057.458	62617.000
1057.599	62609.000
1057.740	62552.000
1057.881	62579.000
1058.023	62564.000
1058.164	62587.000
1058.305	62587.000
1058.446	62569.000
1058.587	62580.000
1058.728	62661.000
1058.870	62546.000
1059.011	62569.000
1059.152	62520.000
1059.293	62612.000
1059.434	62519.000
1059.575	62666.000
1059.716	62655.000
1059.858	62534.000
1059.999	62570.000
1060.140	62621.000
1060.281	62476.000
1060.422	62684.000
1060.563	62590.000
1060.704	62584.000
1060.845	62551.000
1060.986	62628.000
1061.128	62645.000
1061.269	62720.000
1061.410	62455.000
1061.551	62623.000
1061.692	62547.000
1061.833	62690.000
1061.974	62555.000
1062.115	62671.000
1062.256	62580.000
1062.397	62531.000
1062.538	62424.000
1062.679	62621.000
1062.820	62565.000
1062.961	62697.000
1063.102	62552.000
1063.243	62670.000
1063.384	62672.000
1063.525	62595.000
1063.666	62517.000
1063.807	62667.000
1063.948	62587.000
1064.089	63021.000
1064.230	62480.000
1064.371	62673.000
1064.512	62532.000
1064.653	62638.000
1064.794	62556.000
1064.935	62642.000
1065.076	62461.000
1065.217	62627.000
1065.358	62863.000
1065.499	62631.000
1065.640	62538.000
1065.781	62688.000
1065.922	62526.000
1066.062	62614.000
1066.203	62624.000
1066.344	62520.000
1066.485	62544.000
1066.626	62762.000
1066.767	62578.000
1066.908	62610.000
1067.049	62487.000
1067.190	62642.000
1067.330	62498.000
1067.471	62614.000
1067.612	62526.000
1067.753	62537.000
1067.894	62590.000
1068.035	62650.000
1068.176	62634.000
1068.316	62692.000
1068.457	62568.000
1068.598	62641.000
1068.739	62592.000
1068.880	62697.000
1069.020	62550.000
1069.161	62612.000
1069.302	62547.000
1069.443	62666.000
1069.584	62598.000
1069.724	62672.000
1069.865	62484.000
1070.006	62619.000
1070.147	62483.000
1070.287	62689.000
1070.428	62510.000
1070.569	62657.000
1070.710	62393.000
1070.850	62715.000
1070.991	62625.000
1071.132	62575.000
1071.273	62522.000
1071.413	62651.000
1071.554	62512.000
1071.695	62635.000
1071.836	62445.000
1071.976	62634.000
1072.117	62515.000
1072.258	62665.000
1072.398	62556.000
1072.539	62686.000
1072.680	62485.000
1072.820	62672.000
1072.961	62575.000
1073.102	62634.000
1073.242	62551.000
1073.383	62724.000
1073.524	62565.000
1073.664	62721.000
1073.805	62496.000
1073.946	62641.000
1074.086	62554.000
1074.227	62651.000
1074.367	62460.000
1074.508	62650.000
1074.649	62520.000
1074.789	62637.000
1074.930	62560.000
1075.070	62719.000
1075.211	62484.000
1075.352	62575.000
1075.492	62448.000
1075.633	62703.000
1075.773	62514.000
1075.914	62633.000
1076.054	62549.000
1076.195	62671.000
1076.335	62520.000
1076.476	62699.000
1076.617	55890.000
1076.757	62687.000
1076.898	62543.000
1077.038	62627.000
1077.179	55913.000
1077.319	57918.000
1077.460	54114.000
1077.600	58893.000
1077.741	54533.000
1077.881	54136.000
1078.022	49639.000
1078.162	43024.000
1078.303	49369.000
1078.443	42016.000
1078.584	45474.000
1078.724	37408.000
1078.864	36371.000
1079.005	31839.000
1079.145	36268.000
1079.286	32965.000
1079.426	34490.000
1079.567	35199.000
1079.707	35365.000
1079.848	35838.000
1079.988	38352.000
1080.128	35468.000
1080.269	44814.000
1080.409	38397.000
1080.550	40802.000
1080.690	42345.000
1080.830	34773.000
1080.971	37323.000
1081.111	36992.000
1081.252	33271.000
1081.392	35613.000
1081.532	37104.000
1081.673	35715.000
1081.813	35055.000
1081.953	38669.000
1082.094	34288.000
1082.234	33008.000
1082.374	36874.000
1082.515	37740.000
1082.655	29343.000
1082.795	34151.000
1082.936	36055.000
1083.076	33739.000
1083.216	31669.000
1083.356	35723.000
1083.497	38087.000
1083.637	34437.000
1083.777	32156.000
1083.918	38663.000
1084.058	38496.000
1084.198	34290.000
1084.338	31388.000
1084.479	36017.000
1084.619	34962.000
1084.759	30947.000
1084.899	28424.000
1085.040	29990.000
1085.180	30389.000
1085.320	27404.000
1085.460	25551.000
1085.601	26200.000
1085.741	25096.000
1085.881	23212.000
1086.021	22534.000
1086.161	23931.000
1086.302	25242.000
1086.442	24779.000
1086.582	23561.000
1086.722	25700.000
1086.862	27942.000
1087.002	28629.000
1087.143	26105.000
1087.283	25660.000
1087.423	24930.000
1087.563	24711.000
1087.703	23095.000
1087.843	22113.000
1087.984	21021.000
1088.124	20543.000
1088.264	20547.000
1088.404	20974.000
1088.544	21017.000
1088.684	20258.000
1088.824	20481.000
1088.964	20687.000
1089.104	20375.000
1089.244	20235.000
1089.385	20263.000
1089.525	20854.000
1089.665	20461.000
1089.805	20706.000
1089.945	21611.000
1090.085	21491.000
1090.225	20999.000
1090.365	20738.000
1090.505	19887.000
1090.645	19770.000
1090.785	19343.000
1090.925	18993.000
1091.065	19176.000
1091.205	19047.000
1091.345	19315.000
1091.485	19829.000
1091.625	20399.000
1091.765	21135.000
1091.905	21026.000
1092.045	21761.000
1092.185	21362.000
1092.325	21393.000
1092.465	21101.000
1092.605	21164.000
1092.745	21068.000
1092.885	20395.000
1093.025	20658.000
1093.165	20618.000
1093.305	21759.000
1093.445	21801.000
1093.585	21765.000
1093.725	20965.000
1093.865	20722.000
1094.005	20050.000
1094.144	19754.000
1094.284	18949.000
1094.424	18942.000
1094.564	18345.000
1094.704	18220.000
1094.844	17925.000
1094.984	17575.000
1095.124	17331.000
1095.264	17522.000
1095.403	17354.000
1095.543	17861.000
1095.683	18604.000
1095.823	18715.000
1095.963	19237.000
1096.103	19637.000
1096.243	20090.000
1096.382	19366.000
1096.522	19408.000
1096.662	18838.000
1096.802	18818.000
1096.942	18492.000
1097.081	17972.000
1097.221	17839.000
1097.361	17159.000
1097.501	17322.000
1097.641	17470.000
1097.780	17888.000
1097.920	17926.000
1098.060	18023.000
1098.200	17878.000
1098.339	17661.000
1098.479	17458.000
1098.619	17566.000
1098.759	17548.000
1098.899	17463.000
1099.038	17577.000
1099.178	17578.000
1099.318	17454.000
1099.457	17482.000
1099.597	17544.000
1099.737	17634.000
1099.877	17556.000
1100.016	17672.000
1100.156	17451.000
1100.296	17433.000
1100.435	17179.000
1100.575	17408.000
1100.715	17496.000
1100.854	17609.000
1100.994	17444.000
1101.134	17362.000
1101.273	16715.000
1101.413	16886.000
1101.553	16614.000
1101.692	16678.000
1101.832	16331.000
1101.972	16826.000
1102.111	17910.000
1102.251	16813.000
1102.390	16449.000
1102.530	16584.000
1102.670	16365.000
1102.809	16559.000
1102.949	16139.000
1103.088	16272.000
1103.228	16102.000
1103.368	16143.000
1103.507	15840.000
1103.647	15694.000
1103.786	15249.000
1103.926	15386.000
1104.066	15021.000
1104.205	15372.000
1104.345	15209.000
1104.484	15643.000
1104.624	15555.000
1104.763	16295.000
1104.903	16796.000
1105.042	17270.000
1105.182	18013.000
1105.321	18039.000
1105.461	17980.000
1105.600	17814.000
1105.740	17780.000
1105.879	17631.000
1106.019	18102.000
1106.158	17997.000
1106.298	16755.000
1106.437	16592.000
1106.577	16110.000
1106.716	16419.000
1106.856	16178.000
1106.995	16532.000
1107.135	16391.000
1107.274	16806.000
1107.413	16063.000
1107.553	16614.000
1107.692	16230.000
1107.832	16606.000
1107.971	16387.000
1108.111	16908.000
1108.250	16590.000
1108.389	16841.000
1108.529	16505.000
1108.668	16730.000
1108.808	16442.000
1108.947	16625.000
1109.086	16311.000
1109.226	16448.000
1109.365	16161.000
1109.504	16217.000
1109.644	15784.000
1109.783	15634.000
1109.922	15170.000
1110.062	15383.000
1110.201	15024.000
1110.340	15387.000
1110.480	14979.000
1110.619	15033.000
1110.758	14657.000
1110.898	15243.000
1111.037	15232.000
1111.176	15651.000
1111.316	15596.000
1111.455	15920.000
1111.594	15694.000
1111.734	16021.000
1111.873	15561.000
1112.012	15713.000
1112.151	15332.000
1112.291	15540.000
1112.430	15061.000
1112.569	15325.000
1112.708	14855.000
1112.848	15148.000
1112.987	14757.000
1113.126	15315.000
1113.265	15030.000
1113.405	15450.000
1113.544	14983.000
1113.683	15184.000
1113.822	14980.000
1113.961	15186.000
1114.101	14882.000
1114.240	15115.000
1114.379	14942.000
1114.518	15162.000
1114.657	15175.000
1114.797	15405.000
