1109.929	6883.000
1110.074	6235.000
1110.220	6960.000
1110.366	6300.000
1110.511	6865.000
1110.657	6357.000
1110.802	6983.000
1110.948	6324.000
1111.094	7013.000
1111.239	6387.000
1111.385	6943.000
1111.530	6349.000
1111.676	6971.000
1111.821	6234.000
1111.967	7021.000
1112.112	6447.000
1112.258	6983.000
1112.403	6416.000
1112.549	7045.000
1112.694	6424.000
1112.840	7030.000
1112.985	6376.000
1113.131	7236.000
1113.276	6338.000
1113.421	7108.000
1113.567	6343.000
1113.712	7164.000
1113.858	6304.000
1114.003	7103.000
1114.149	6386.000
1114.294	7143.000
1114.439	6411.000
1114.585	7178.000
1114.730	6398.000
1114.875	7162.000
1115.021	6318.000
1115.166	7155.000
1115.311	6328.000
1115.457	7229.000
1115.602	6463.000
1115.747	7209.000
1115.893	6434.000
1116.038	7211.000
1116.183	6458.000
1116.329	7214.000
1116.474	6446.000
1116.619	7233.000
1116.764	6369.000
1116.910	7213.000
1117.055	6338.000
1117.200	7178.000
1117.345	6383.000
1117.490	7241.000
1117.636	6449.000
1117.781	7234.000
1117.926	6462.000
1118.071	7280.000
1118.216	6459.000
1118.362	7284.000
1118.507	6384.000
1118.652	7442.000
1118.797	6426.000
1118.942	7366.000
1119.087	6425.000
1119.232	7361.000
1119.377	6551.000
1119.523	7367.000
1119.668	6409.000
1119.813	7406.000
1119.958	6489.000
1120.103	7624.000
1120.248	6461.000
1120.393	7514.000
1120.538	6547.000
1120.683	7468.000
1120.828	6560.000
1120.973	7502.000
1121.118	6513.000
1121.263	7604.000
1121.408	6702.000
1121.553	7614.000
1121.698	6628.000
1121.843	7670.000
1121.988	6644.000
1122.133	7642.000
1122.278	6634.000
1122.423	7642.000
1122.568	6606.000
1122.713	7698.000
1122.858	6673.000
1123.002	7703.000
1123.147	6669.000
1123.292	7763.000
1123.437	6742.000
1123.582	7870.000
1123.727	6748.000
1123.872	7890.000
1124.017	6806.000
1124.161	8025.000
1124.306	6871.000
1124.451	7965.000
1124.596	6779.000
1124.741	7932.000
1124.885	6828.000
1125.030	7991.000
1125.175	6947.000
1125.320	8025.000
1125.465	6955.000
1125.609	8104.000
1125.754	6944.000
1125.899	8167.000
1126.044	7059.000
1126.188	8079.000
1126.333	7074.000
1126.478	8242.000
1126.622	7055.000
1126.767	8215.000
1126.912	7162.000
1127.056	8317.000
1127.201	7180.000
1127.346	8350.000
1127.490	7176.000
1127.635	8377.000
1127.780	7326.000
1127.924	8422.000
1128.069	7333.000
1128.214	8428.000
1128.358	7196.000
1128.503	8650.000
1128.647	7374.000
1128.792	8607.000
1128.937	7389.000
1129.081	8615.000
1129.226	7405.000
1129.370	8663.000
1129.515	7390.000
1129.659	8734.000
1129.804	7519.000
1129.948	8682.000
1130.093	7493.000
1130.237	8741.000
1130.382	7560.000
1130.526	8758.000
1130.671	7484.000
1130.815	8780.000
1130.960	7590.000
1131.104	8858.000
1131.249	7564.000
1131.393	8816.000
1131.537	7580.000
1131.682	8917.000
1131.826	7648.000
1131.971	8827.000
1132.115	7590.000
1132.260	8755.000
1132.404	7614.000
1132.548	8887.000
1132.693	7744.000
1132.837	8975.000
1132.981	7747.000
1133.126	9068.000
1133.270	7717.000
1133.414	9049.000
1133.559	7826.000
1133.703	9089.000
1133.847	7853.000
1133.992	9187.000
1134.136	7815.000
1134.280	9230.000
1134.424	7903.000
1134.569	9175.000
1134.713	7933.000
1134.857	9253.000
1135.001	7874.000
1135.146	9305.000
1135.290	8014.000
1135.434	9360.000
1135.578	8116.000
1135.722	9321.000
1135.867	8093.000
1136.011	9400.000
1136.155	8127.000
1136.299	9411.000
1136.443	8229.000
1136.587	9402.000
1136.732	8133.000
1136.876	9536.000
1137.020	8218.000
1137.164	9598.000
1137.308	8318.000
1137.452	9568.000
1137.596	8254.000
1137.740	9565.000
1137.884	8319.000
1138.028	9686.000
1138.172	8400.000
1138.316	9643.000
1138.461	8323.000
1138.605	9628.000
1138.749	8496.000
1138.893	9812.000
1139.037	8406.000
1139.181	9817.000
1139.325	8475.000
1139.469	9823.000
1139.613	8559.000
1139.757	9911.000
1139.900	8634.000
1140.044	9881.000
1140.188	8600.000
1140.332	9906.000
1140.476	8624.000
1140.620	9916.000
1140.764	8666.000
1140.908	10017.000
1141.052	8664.000
1141.196	9948.000
1141.340	8643.000
1141.484	9932.000
1141.627	8644.000
1141.771	9989.000
1141.915	8688.000
1142.059	9942.000
1142.203	8746.000
1142.347	9870.000
1142.490	8734.000
1142.634	9939.000
1142.778	8769.000
1142.922	9995.000
1143.066	8909.000
1143.209	10055.000
1143.353	8825.000
1143.497	10076.000
1143.641	8845.000
1143.784	10131.000
1143.928	8838.000
1144.072	10113.000
1144.216	8967.000
1144.359	10012.000
1144.503	8785.000
1144.647	10112.000
1144.790	8934.000
1144.934	10190.000
1145.078	8965.000
1145.221	10166.000
1145.365	8931.000
1145.509	10164.000
1145.652	8977.000
1145.796	10276.000
1145.940	9094.000
1146.083	10282.000
1146.227	9013.000
1146.370	10186.000
1146.514	9019.000
1146.657	10199.000
1146.801	9119.000
1146.945	10309.000
1147.088	9122.000
1147.232	10206.000
1147.375	9138.000
1147.519	10287.000
1147.662	9074.000
1147.806	10235.000
1147.949	9176.000
1148.093	10337.000
1148.236	9198.000
1148.380	10299.000
1148.523	9229.000
1148.667	10311.000
1148.810	9206.000
1148.954	10401.000
1149.097	9229.000
1149.241	10341.000
1149.384	9194.000
1149.527	10330.000
1149.671	9287.000
1149.814	10281.000
1149.958	9354.000
1150.101	10367.000
1150.244	9249.000
1150.388	10314.000
1150.531	9282.000
1150.674	10252.000
1150.818	9248.000
1150.961	10341.000
1151.104	9354.000
1151.248	10352.000
1151.391	9339.000
1151.534	10412.000
1151.678	9306.000
1151.821	10371.000
1151.964	9437.000
1152.108	10446.000
1152.251	9491.000
1152.394	10422.000
1152.537	9486.000
1152.681	10354.000
1152.824	9608.000
1152.967	10424.000
1153.110	9467.000
1153.253	10441.000
1153.397	9587.000
1153.540	10409.000
1153.683	9488.000
1153.826	10525.000
1153.969	9516.000
1154.113	10426.000
1154.256	9687.000
1154.399	10514.000
1154.542	9666.000
1154.685	10508.000
1154.828	9801.000
1154.971	10605.000
1155.114	9756.000
1155.258	10549.000
1155.401	9778.000
1155.544	10609.000
1155.687	9702.000
1155.830	10431.000
1155.973	9750.000
1156.116	10518.000
1156.259	9642.000
1156.402	10555.000
1156.545	9739.000
1156.688	10526.000
1156.831	9821.000
1156.974	10420.000
1157.117	9481.000
1157.260	10358.000
1157.403	9676.000
1157.546	10386.000
1157.689	9597.000
1157.832	10311.000
1157.975	9680.000
1158.118	10322.000
1158.261	9614.000
1158.404	10297.000
1158.547	9599.000
1158.689	10314.000
1158.832	9611.000
1158.975	10334.000
1159.118	9643.000
1159.261	10227.000
1159.404	9622.000
1159.547	10245.000
1159.690	9611.000
1159.832	10316.000
1159.975	9733.000
1160.118	10246.000
1160.261	9783.000
1160.404	10255.000
1160.546	9711.000
1160.689	10343.000
1160.832	9871.000
1160.975	10496.000
1161.118	9875.000
1161.260	10478.000
1161.403	9835.000
1161.546	10471.000
1161.689	9956.000
1161.831	10611.000
1161.974	9888.000
1162.117	10513.000
1162.259	9915.000
1162.402	10519.000
1162.545	9972.000
1162.687	10472.000
1162.830	9882.000
1162.973	10454.000
1163.115	9843.000
1163.258	10459.000
1163.401	9920.000
1163.543	10416.000
1163.686	10199.000
1163.829	10841.000
1163.971	10977.000
1164.114	11644.000
1164.256	12424.000
1164.399	12468.000
1164.541	12574.000
1164.684	11067.000
1164.827	12365.000
1164.969	13485.000
1165.112	13327.000
1165.254	11150.000
1165.397	9644.000
1165.539	9871.000
1165.682	9332.000
1165.824	9832.000
1165.967	9383.000
1166.109	9738.000
1166.252	9378.000
1166.394	9775.000
1166.537	9394.000
1166.679	9869.000
1166.822	9498.000
1166.964	9854.000
1167.106	9422.000
1167.249	9779.000
1167.391	9575.000
1167.534	9715.000
1167.676	9573.000
1167.818	9909.000
1167.961	9570.000
1168.103	9998.000
1168.246	9578.000
1168.388	9767.000
1168.530	9528.000
1168.673	9859.000
1168.815	9624.000
1168.957	9799.000
1169.100	9407.000
1169.242	9599.000
1169.384	9399.000
1169.526	9560.000
1169.669	9308.000
1169.811	9429.000
1169.953	9304.000
1170.095	9411.000
1170.238	9100.000
1170.380	9291.000
1170.522	9124.000
1170.664	9175.000
1170.807	9057.000
1170.949	9269.000
1171.091	8992.000
1171.233	9040.000
1171.375	8970.000
1171.518	9098.000
1171.660	9086.000
1171.802	9163.000
1171.944	9048.000
1172.086	9102.000
1172.228	8983.000
1172.371	9185.000
1172.513	9049.000
1172.655	9139.000
1172.797	9013.000
1172.939	9152.000
1173.081	8982.000
1173.223	9076.000
1173.365	9032.000
1173.507	9097.000
1173.649	9004.000
1173.791	9069.000
1173.933	8914.000
1174.075	9003.000
1174.217	8891.000
1174.359	8950.000
1174.501	8835.000
1174.643	8850.000
1174.785	8648.000
1174.927	8691.000
1175.069	8595.000
1175.211	8688.000
1175.353	8581.000
1175.495	8625.000
1175.637	8631.000
1175.779	8547.000
1175.921	8404.000
1176.063	8444.000
1176.205	8410.000
1176.347	8441.000
1176.489	8281.000
1176.631	8379.000
1176.772	8301.000
1176.914	8249.000
1177.056	8171.000
1177.198	8221.000
1177.340	8234.000
1177.482	8173.000
1177.624	8165.000
1177.765	8161.000
1177.907	8162.000
1178.049	8106.000
1178.191	8044.000
1178.333	8135.000
1178.474	7994.000
1178.616	7984.000
1178.758	8047.000
1178.900	7910.000
1179.041	7981.000
1179.183	8002.000
1179.325	7907.000
1179.467	7842.000
1179.608	7757.000
1179.750	7809.000
1179.892	7791.000
1180.033	7770.000
1180.175	7784.000
1180.317	7703.000
1180.458	7784.000
1180.600	7731.000
1180.742	7778.000
1180.883	7640.000
1181.025	7812.000
1181.167	7777.000
1181.308	7837.000
1181.450	7753.000
1181.591	7686.000
1181.733	7665.000
1181.875	7835.000
1182.016	7700.000
1182.158	7821.000
1182.299	7791.000
1182.441	7867.000
1182.582	7772.000
1182.724	7808.000
1182.866	7757.000
1183.007	7940.000
1183.149	7677.000
1183.290	7825.000
1183.432	7668.000
1183.573	7723.000
1183.715	7618.000
1183.856	7629.000
1183.998	7527.000
1184.139	7521.000
1184.280	7377.000
1184.422	7406.000
1184.563	7335.000
1184.705	7379.000
1184.846	7149.000
1184.988	7264.000
1185.129	7273.000
1185.270	7248.000
1185.412	7132.000
1185.553	7183.000
1185.694	6963.000
1185.836	7014.000
1185.977	6897.000
1186.119	7014.000
1186.260	6799.000
1186.401	7092.000
1186.543	6866.000
1186.684	7011.000
1186.825	6837.000
1186.966	6997.000
1187.108	6836.000
1187.249	7002.000
1187.390	6790.000
1187.532	6943.000
1187.673	6777.000
1187.814	6953.000
1187.955	6830.000
1188.097	6971.000
1188.238	6680.000
1188.379	6832.000
1188.520	6717.000
1188.661	6833.000
1188.803	6681.000
1188.944	6829.000
1189.085	6616.000
1189.226	6799.000
1189.367	6572.000
1189.508	6827.000
1189.650	6642.000
1189.791	6887.000
1189.932	6677.000
1190.073	6756.000
1190.214	6589.000
1190.355	6792.000
1190.496	6784.000
1190.637	6977.000
1190.778	6755.000
1190.919	6961.000
1191.061	6700.000
1191.202	6989.000
1191.343	6934.000
1191.484	7084.000
1191.625	6941.000
1191.766	7079.000
1191.907	7116.000
1192.048	7110.000
1192.189	7040.000
1192.330	7235.000
1192.471	7128.000
1192.612	7317.000
1192.753	7170.000
1192.894	7402.000
1193.035	7265.000
1193.175	7359.000
1193.316	7304.000
1193.457	7428.000
1193.598	7298.000
1193.739	7366.000
1193.880	7236.000
1194.021	7375.000
1194.162	7326.000
1194.303	7398.000
1194.444	7260.000
1194.584	7379.000
1194.725	7195.000
1194.866	7278.000
1195.007	7165.000
1195.148	7201.000
1195.289	7040.000
1195.429	7192.000
1195.570	7162.000
1195.711	7290.000
1195.852	6987.000
1195.993	7182.000
1196.133	6998.000
1196.274	7148.000
1196.415	6870.000
1196.556	7082.000
1196.696	6864.000
1196.837	7012.000
1196.978	6762.000
1197.119	6990.000
1197.259	6904.000
1197.400	6964.000
1197.541	6712.000
1197.681	6927.000
1197.822	6725.000
1197.963	6870.000
1198.103	6630.000
1198.244	6886.000
1198.385	6608.000
1198.525	6760.000
1198.666	6491.000
1198.807	6724.000
1198.947	6439.000
1199.088	6590.000
1199.228	6379.000
1199.369	6475.000
1199.509	6280.000
1199.650	6417.000
1199.791	6234.000
1199.931	6508.000
1200.072	6313.000
1200.212	6353.000
1200.353	6190.000
1200.493	6395.000
1200.634	6190.000
1200.774	6364.000
1200.915	6163.000
1201.055	6355.000
1201.196	6179.000
1201.336	6354.000
1201.477	6236.000
1201.617	6428.000
1201.758	6270.000
1201.898	6396.000
1202.039	6258.000
1202.179	6526.000
1202.319	6310.000
1202.460	6472.000
1202.600	6409.000
1202.741	6572.000
1202.881	6358.000
1203.021	6577.000
1203.162	6531.000
1203.302	6663.000
1203.442	6506.000
1203.583	6652.000
1203.723	6546.000
1203.863	6665.000
1204.004	6555.000
1204.144	6716.000
1204.284	6612.000
1204.425	6747.000
1204.565	6547.000
1204.705	6684.000
1204.845	6576.000
1204.986	6814.000
1205.126	6572.000
1205.266	6729.000
1205.406	6502.000
1205.547	6660.000
1205.687	6455.000
1205.827	6642.000
1205.967	6391.000
1206.108	6580.000
1206.248	6310.000
1206.388	6431.000
1206.528	6251.000
1206.668	6408.000
1206.808	6134.000
1206.949	6334.000
1207.089	6189.000
1207.229	6303.000
1207.369	6097.000
1207.509	6211.000
1207.649	6153.000
1207.789	6270.000
1207.929	6108.000
1208.070	6282.000
1208.210	6116.000
1208.350	6272.000
1208.490	6211.000
1208.630	6371.000
1208.770	6251.000
1208.910	6361.000
1209.050	6297.000
1209.190	6423.000
1209.330	6177.000
1209.470	6308.000
1209.610	6192.000
1209.750	6307.000
1209.890	6163.000
1210.030	6437.000
1210.170	6198.000
1210.310	6283.000
1210.450	6185.000
1210.590	6297.000
1210.730	6046.000
1210.870	6225.000
1211.009	6023.000
1211.149	6212.000
1211.289	5999.000
1211.429	6100.000
1211.569	5976.000
1211.709	6078.000
1211.849	5902.000
1211.989	6037.000
1212.128	5828.000
1212.268	6119.000
1212.408	5883.000
1212.548	6012.000
1212.688	5923.000
1212.828	6124.000
1212.967	6056.000
1213.107	6041.000
1213.247	5873.000
1213.387	6006.000
1213.527	5813.000
1213.666	6096.000
1213.806	5842.000
1213.946	6107.000
1214.086	5878.000
1214.225	5998.000
1214.365	5959.000
1214.505	6099.000
1214.644	5936.000
1214.784	6095.000
1214.924	5982.000
1215.064	6213.000
1215.203	6022.000
1215.343	6167.000
1215.483	6115.000
1215.622	6222.000
1215.762	6110.000
1215.901	6319.000
1216.041	6176.000
1216.181	6268.000
1216.320	6224.000
1216.460	6228.000
1216.599	6101.000
1216.739	6333.000
1216.879	6063.000
1217.018	6223.000
1217.158	6019.000
1217.297	6144.000
1217.437	6043.000
1217.576	6143.000
1217.716	5986.000
1217.855	6058.000
1217.995	5897.000
1218.134	6010.000
1218.274	5893.000
1218.413	6034.000
1218.553	5817.000
1218.692	6050.000
1218.832	5899.000
1218.971	6110.000
1219.111	5831.000
1219.250	6006.000
1219.390	5858.000
1219.529	5991.000
1219.669	5841.000
1219.808	5931.000
1219.947	5801.000
1220.087	5912.000
1220.226	5841.000
1220.365	5947.000
1220.505	5866.000
1220.644	5907.000
1220.784	5800.000
1220.923	5870.000
1221.062	5762.000
1221.202	5856.000
1221.341	5779.000
1221.480	5959.000
1221.619	5741.000
1221.759	5903.000
1221.898	5771.000
1222.037	5907.000
1222.177	5777.000
1222.316	5925.000
1222.455	5716.000
1222.594	5962.000
1222.734	5744.000
1222.873	6011.000
1223.012	5795.000
1223.151	5984.000
1223.290	5739.000
1223.430	6008.000
1223.569	5755.000
1223.708	5945.000
1223.847	5759.000
1223.986	5998.000
1224.126	5767.000
1224.265	5999.000
1224.404	5830.000
1224.543	6054.000
1224.682	5759.000
1224.821	6013.000
1224.960	5889.000
1225.099	6056.000
1225.239	5854.000
1225.378	6037.000
1225.517	5929.000
1225.656	6022.000
1225.795	5937.000
1225.934	5963.000
1226.073	5987.000
1226.212	6105.000
1226.351	5908.000
1226.490	5997.000
1226.629	5838.000
1226.768	5995.000
1226.907	5996.000
1227.046	6539.000
1227.185	6498.000
1227.324	6070.000
1227.463	5895.000
1227.602	5975.000
1227.741	5788.000
1227.880	5843.000
1228.019	5680.000
1228.158	5827.000
1228.297	5762.000
1228.435	5873.000
1228.574	5741.000
1228.713	5814.000
1228.852	5715.000
1228.991	5836.000
1229.130	5703.000
1229.269	5781.000
1229.408	5599.000
1229.546	5822.000
1229.685	5619.000
1229.824	5817.000
1229.963	5620.000
1230.102	5799.000
1230.241	5521.000
1230.379	5825.000
1230.518	5658.000
1230.657	5714.000
1230.796	5666.000
1230.934	5861.000
1231.073	5529.000
1231.212	5785.000
1231.351	5610.000
1231.489	5698.000
1231.628	5535.000
1231.767	5618.000
1231.906	5494.000
1232.044	5681.000
1232.183	5544.000
1232.322	5633.000
1232.460	5467.000
1232.599	5596.000
1232.738	5429.000
1232.876	5624.000
1233.015	5458.000
1233.154	5556.000
1233.292	5462.000
1233.431	5525.000
1233.569	5406.000
1233.708	5536.000
1233.847	5057.000
1233.985	5480.000
1234.124	5388.000
1234.262	5451.000
1234.401	5271.000
1234.539	5485.000
1234.678	5292.000
1234.816	5488.000
1234.955	5434.000
1235.094	5540.000
1235.232	5405.000
1235.371	5549.000
1235.509	5441.000
1235.648	5624.000
1235.786	5415.000
1235.924	5610.000
1236.063	5333.000
1236.201	5654.000
1236.340	5435.000
1236.478	5565.000
1236.617	5403.000
1236.755	5542.000
1236.894	5393.000
1237.032	5610.000
1237.170	5348.000
1237.309	5560.000
1237.447	5325.000
1237.586	5617.000
1237.724	5359.000
1237.862	5458.000
1238.001	5372.000
1238.139	5453.000
1238.277	5304.000
1238.416	5360.000
1238.554	5209.000
1238.692	5373.000
1238.831	5218.000
1238.969	5461.000
1239.107	5254.000
1239.245	5447.000
1239.384	5177.000
1239.522	5396.000
1239.660	5222.000
1239.798	5395.000
1239.937	5148.000
1240.075	5408.000
1240.213	5127.000
1240.351	5351.000
1240.490	5193.000
1240.628	5437.000
1240.766	5271.000
1240.904	5448.000
1241.042	5249.000
1241.180	5580.000
1241.319	5282.000
1241.457	5562.000
1241.595	5872.000
1241.733	7100.000
1241.871	8764.000
1242.009	8323.000
1242.147	8606.000
1242.285	7401.000
1242.424	7145.000
1242.562	6839.000
1242.700	6281.000
1242.838	6322.000
1242.976	5997.000
1243.114	5868.000
1243.252	5625.000
1243.390	5757.000
1243.528	5522.000
1243.666	5509.000
1243.804	5315.000
1243.942	5443.000
1244.080	5313.000
1244.218	5440.000
1244.356	5199.000
1244.494	5343.000
1244.632	5106.000
1244.770	5305.000
1244.908	5134.000
1245.046	5281.000
1245.184	5067.000
1245.322	5219.000
1245.460	5079.000
1245.597	5251.000
1245.735	5071.000
1245.873	5196.000
1246.011	4994.000
1246.149	5294.000
1246.287	5060.000
1246.425	5227.000
1246.563	5047.000
1246.700	5335.000
1246.838	5101.000
1246.976	5327.000
1247.114	5104.000
1247.252	5298.000
1247.390	5009.000
1247.527	5274.000
1247.665	5031.000
1247.803	5296.000
1247.941	5075.000
1248.078	5327.000
1248.216	5126.000
1248.354	5285.000
1248.492	5122.000
1248.629	5337.000
1248.767	5018.000
1248.905	5326.000
1249.042	5168.000
1249.180	5238.000
1249.318	5121.000
1249.456	5340.000
1249.593	5178.000
1249.731	5352.000
1249.869	5217.000
1250.006	5372.000
1250.144	5291.000
1250.281	5403.000
1250.419	5315.000
1250.557	5378.000
1250.694	5267.000
1250.832	5422.000
1250.970	5184.000
1251.107	5381.000
1251.245	5095.000
1251.382	5264.000
1251.520	5168.000
1251.657	5305.000
1251.795	4989.000
1251.932	5156.000
1252.070	5004.000
1252.207	5185.000
1252.345	5004.000
1252.483	5221.000
1252.620	5009.000
1252.757	5267.000
1252.895	5088.000
1253.032	5253.000
1253.170	5109.000
1253.307	5352.000
1253.445	5216.000
1253.582	5297.000
1253.720	5293.000
1253.857	5511.000
1253.995	5291.000
1254.132	5464.000
1254.269	5341.000
1254.407	5424.000
1254.544	5337.000
1254.681	5533.000
