1249.954	3504.000
1250.101	3609.000
1250.248	3492.000
1250.395	3721.000
1250.542	3499.000
1250.689	3724.000
1250.836	3473.000
1250.983	3688.000
1251.130	3526.000
1251.278	3662.000
1251.425	3460.000
1251.572	3735.000
1251.719	3523.000
1251.866	3636.000
1252.013	3489.000
1252.160	3714.000
1252.307	3452.000
1252.454	3698.000
1252.601	3427.000
1252.748	3707.000
1252.895	3410.000
1253.042	3588.000
1253.188	3612.000
1253.335	3667.000
1253.482	3569.000
1253.629	3653.000
1253.776	3506.000
1253.923	3615.000
1254.070	3498.000
1254.217	3636.000
1254.364	3522.000
1254.510	3713.000
1254.657	3538.000
1254.804	3654.000
1254.951	3448.000
1255.098	3650.000
1255.244	3565.000
1255.391	3632.000
1255.538	3530.000
1255.685	3721.000
1255.831	3492.000
1255.978	3701.000
1256.125	3482.000
1256.271	3680.000
1256.418	3446.000
1256.565	3667.000
1256.711	3522.000
1256.858	3635.000
1257.005	3496.000
1257.151	3694.000
1257.298	3482.000
1257.445	3651.000
1257.591	3520.000
1257.738	3649.000
1257.884	3464.000
1258.031	3665.000
1258.177	3474.000
1258.324	3684.000
1258.470	3460.000
1258.617	3637.000
1258.763	3554.000
1258.910	3621.000
1259.056	3495.000
1259.203	3594.000
1259.349	3434.000
1259.496	3726.000
1259.642	3498.000
1259.789	3649.000
1259.935	3412.000
1260.082	3615.000
1260.228	3444.000
1260.374	3601.000
1260.521	3490.000
1260.667	3640.000
1260.813	3392.000
1260.960	3573.000
1261.106	3428.000
1261.252	3570.000
1261.399	3477.000
1261.545	3668.000
1261.691	3446.000
1261.837	3598.000
1261.984	3463.000
1262.130	3619.000
1262.276	3389.000
1262.422	3569.000
1262.569	3407.000
1262.715	3577.000
1262.861	3499.000
1263.007	3577.000
1263.153	3465.000
1263.300	3621.000
1263.446	3491.000
1263.592	3595.000
1263.738	3462.000
1263.884	3619.000
1264.030	3469.000
1264.176	3655.000
1264.322	3511.000
1264.468	3695.000
1264.614	3505.000
1264.761	3665.000
1264.907	3568.000
1265.053	3747.000
1265.199	3618.000
1265.345	3778.000
1265.491	3574.000
1265.637	3668.000
1265.783	3628.000
1265.928	3705.000
1266.074	3507.000
1266.220	3859.000
1266.366	3598.000
1266.512	3991.000
1266.658	3908.000
1266.804	3696.000
1266.950	3451.000
1267.096	3582.000
1267.242	3414.000
1267.387	3522.000
1267.533	3410.000
1267.679	3529.000
1267.825	3399.000
1267.971	3613.000
1268.117	3388.000
1268.262	3582.000
1268.408	3356.000
1268.554	3510.000
1268.700	3494.000
1268.845	3585.000
1268.991	3418.000
1269.137	3599.000
1269.282	3418.000
1269.428	3516.000
1269.574	3380.000
1269.719	3511.000
1269.865	3437.000
1270.011	3582.000
1270.156	3366.000
1270.302	3523.000
1270.448	3409.000
1270.593	3582.000
1270.739	3381.000
1270.884	3491.000
1271.030	3397.000
1271.176	3600.000
1271.321	3445.000
1271.467	3543.000
1271.612	3408.000
1271.758	3591.000
1271.903	3446.000
1272.049	3551.000
1272.194	3394.000
1272.340	3512.000
1272.485	3372.000
1272.630	3588.000
1272.776	3407.000
1272.921	3586.000
1273.067	3386.000
1273.212	3573.000
1273.358	3443.000
1273.503	3538.000
1273.648	3404.000
1273.794	3552.000
1273.939	3320.000
1274.084	3536.000
1274.230	3414.000
1274.375	3541.000
1274.520	3390.000
1274.666	3602.000
1274.811	3336.000
1274.956	3568.000
1275.101	3415.000
1275.247	3527.000
1275.392	3429.000
1275.537	3558.000
1275.682	3329.000
1275.827	3562.000
1275.973	3310.000
1276.118	3502.000
1276.263	3370.000
1276.408	3604.000
1276.553	3383.000
1276.698	3581.000
1276.844	3303.000
1276.989	3458.000
1277.134	3390.000
1277.279	3531.000
1277.424	3429.000
1277.569	3596.000
1277.714	3394.000
1277.859	3507.000
1278.004	3336.000
1278.149	3524.000
1278.294	3381.000
1278.439	3603.000
1278.584	3322.000
1278.729	3513.000
1278.874	3294.000
1279.019	3589.000
1279.164	3477.000
1279.309	3476.000
1279.454	3405.000
1279.599	3498.000
1279.744	3299.000
1279.888	3537.000
1280.033	3386.000
1280.178	3563.000
1280.323	3297.000
1280.468	3561.000
1280.613	3357.000
1280.758	3508.000
1280.902	3326.000
1281.047	3611.000
1281.192	3384.000
1281.337	3490.000
1281.481	3307.000
1281.626	3492.000
1281.771	3312.000
1281.916	3531.000
1282.060	3365.000
1282.205	3538.000
1282.350	3356.000
1282.495	3529.000
1282.639	3236.000
1282.784	3558.000
1282.929	3319.000
1283.073	3511.000
1283.218	3322.000
1283.362	3557.000
1283.507	3375.000
1283.652	3517.000
1283.796	3347.000
1283.941	3566.000
1284.085	3344.000
1284.230	3494.000
1284.374	3380.000
1284.519	3548.000
1284.663	3290.000
1284.808	3461.000
1284.952	3324.000
1285.097	3527.000
1285.241	3373.000
1285.386	3515.000
1285.530	3321.000
1285.675	3563.000
1285.819	3353.000
1285.964	3537.000
1286.108	3399.000
1286.252	3568.000
1286.397	3385.000
1286.541	3471.000
1286.686	3329.000
1286.830	3508.000
1286.974	3343.000
1287.119	3554.000
1287.263	3476.000
1287.407	3587.000
1287.552	3321.000
1287.696	3599.000
1287.840	3427.000
1287.984	3525.000
1288.129	3356.000
1288.273	3579.000
1288.417	3358.000
1288.561	3503.000
1288.705	3350.000
1288.850	3573.000
1288.994	3375.000
1289.138	3536.000
1289.282	3354.000
1289.426	3526.000
1289.570	3380.000
1289.715	3524.000
1289.859	3381.000
1290.003	3562.000
1290.147	3367.000
1290.291	3602.000
1290.435	3351.000
1290.579	3522.000
1290.723	3352.000
1290.867	3569.000
1291.011	3325.000
1291.155	3525.000
1291.299	3419.000
1291.443	3549.000
1291.587	3343.000
1291.731	3496.000
1291.875	3324.000
1292.019	3519.000
1292.163	3354.000
1292.307	3523.000
1292.451	3374.000
1292.595	3552.000
1292.739	3360.000
1292.883	3536.000
1293.027	3213.000
1293.170	3576.000
1293.314	3357.000
1293.458	3528.000
1293.602	3386.000
1293.746	3540.000
1293.890	3327.000
1294.033	3516.000
1294.177	3448.000
1294.321	3430.000
1294.465	3315.000
1294.608	3542.000
1294.752	3372.000
1294.896	3499.000
1295.040	3316.000
1295.183	3528.000
1295.327	3405.000
1295.471	3534.000
1295.614	3326.000
1295.758	3517.000
1295.902	3418.000
1296.045	3543.000
1296.189	3305.000
1296.332	3552.000
1296.476	3332.000
1296.620	3442.000
1296.763	3391.000
1296.907	3479.000
1297.050	3335.000
1297.194	3592.000
1297.337	3316.000
1297.481	3406.000
1297.625	3333.000
1297.768	3555.000
1297.912	3385.000
1298.055	3461.000
1298.198	3258.000
1298.342	3538.000
1298.485	3311.000
1298.629	3496.000
1298.772	3333.000
1298.916	3536.000
1299.059	3340.000
1299.202	3505.000
1299.346	3375.000
1299.489	3531.000
1299.633	3348.000
1299.776	3571.000
1299.919	3296.000
1300.063	3445.000
1300.206	3375.000
1300.349	3496.000
1300.492	3244.000
1300.636	3551.000
1300.779	3263.000
1300.922	3453.000
1301.066	3315.000
1301.209	3531.000
1301.352	3342.000
1301.495	3496.000
1301.638	3410.000
1301.782	3453.000
1301.925	3345.000
1302.068	3497.000
1302.211	3455.000
1302.354	3431.000
1302.497	3421.000
1302.641	3463.000
1302.784	3370.000
1302.927	3509.000
1303.070	3323.000
1303.213	3442.000
1303.356	3343.000
1303.499	3485.000
1303.642	3305.000
1303.785	3493.000
1303.928	3298.000
1304.071	3571.000
1304.214	3292.000
1304.357	3519.000
1304.500	3273.000
1304.643	3582.000
1304.786	3337.000
1304.929	3595.000
1305.072	3272.000
1305.215	3618.000
1305.358	3322.000
1305.501	3518.000
1305.644	3338.000
1305.786	3509.000
1305.929	3320.000
1306.072	3456.000
1306.215	3330.000
1306.358	3548.000
1306.501	3291.000
1306.644	3496.000
1306.786	3353.000
1306.929	3527.000
1307.072	3425.000
1307.215	3586.000
1307.357	3417.000
1307.500	3498.000
1307.643	3279.000
1307.786	3611.000
1307.928	3284.000
1308.071	3595.000
1308.214	3389.000
1308.356	3516.000
1308.499	3447.000
1308.642	3493.000
1308.784	3298.000
1308.927	3527.000
1309.070	3393.000
1309.212	3588.000
1309.355	3325.000
1309.497	3483.000
1309.640	3280.000
1309.783	3535.000
1309.925	3369.000
1310.068	3498.000
1310.210	3253.000
1310.353	3549.000
1310.495	3375.000
1310.638	3490.000
1310.780	3319.000
1310.923	3504.000
1311.065	3288.000
1311.208	3517.000
1311.350	3352.000
1311.493	3461.000
1311.635	3235.000
1311.777	3512.000
1311.920	3328.000
1312.062	3604.000
1312.205	3344.000
1312.347	3577.000
1312.489	3325.000
1312.632	3472.000
1312.774	3338.000
1312.916	3544.000
1313.059	3343.000
1313.201	3543.000
1313.343	3349.000
1313.485	3528.000
1313.628	3369.000
1313.770	3563.000
1313.912	3357.000
1314.054	3554.000
1314.197	3353.000
1314.339	3503.000
1314.481	3303.000
1314.623	3558.000
1314.765	3262.000
1314.908	3526.000
1315.050	3334.000
1315.192	3495.000
1315.334	3290.000
1315.476	3508.000
1315.618	3356.000
1315.760	3536.000
1315.902	3340.000
1316.045	3537.000
1316.187	3394.000
1316.329	3482.000
1316.471	3298.000
1316.613	3554.000
1316.755	3436.000
1316.897	3567.000
1317.039	3327.000
1317.181	3626.000
1317.323	3368.000
1317.465	3573.000
1317.607	3380.000
1317.749	3531.000
1317.890	3364.000
1318.032	3569.000
1318.174	3376.000
1318.316	3570.000
1318.458	3321.000
1318.600	3508.000
1318.742	3479.000
1318.884	3607.000
1319.026	3301.000
1319.167	3499.000
1319.309	3231.000
1319.451	3616.000
1319.593	3426.000
1319.735	3481.000
1319.876	3311.000
1320.018	3472.000
1320.160	3363.000
1320.302	3559.000
1320.443	3366.000
1320.585	3561.000
1320.727	3320.000
1320.868	3520.000
1321.010	3357.000
1321.152	3525.000
1321.294	3346.000
1321.435	3620.000
1321.577	3406.000
1321.718	3635.000
1321.860	3426.000
1322.002	3491.000
1322.143	3376.000
1322.285	3566.000
1322.426	3297.000
1322.568	3488.000
1322.710	3331.000
1322.851	3480.000
1322.993	3311.000
1323.134	3492.000
1323.276	3354.000
1323.417	3583.000
1323.559	3229.000
1323.700	3555.000
1323.842	3328.000
1323.983	3512.000
1324.124	3374.000
1324.266	3553.000
1324.407	3361.000
1324.549	3516.000
1324.690	3316.000
1324.832	3520.000
1324.973	3431.000
1325.114	3546.000
1325.256	3322.000
1325.397	3582.000
1325.538	3535.000
1325.680	3677.000
1325.821	3585.000
1325.962	3894.000
1326.103	3735.000
1326.245	4102.000
1326.386	3913.000
1326.527	4218.000
1326.669	4349.000
1326.810	5255.000
1326.951	4387.000
1327.092	4469.000
1327.233	3924.000
1327.375	4713.000
1327.516	4357.000
1327.657	4434.000
1327.798	5066.000
1327.939	5795.000
1328.080	4655.000
1328.221	3890.000
1328.363	3486.000
1328.504	3517.000
1328.645	3247.000
1328.786	3521.000
1328.927	3369.000
1329.068	3445.000
1329.209	3306.000
1329.350	3494.000
1329.491	3224.000
1329.632	3483.000
1329.773	3259.000
1329.914	3487.000
1330.055	3328.000
1330.196	3570.000
1330.337	3303.000
1330.478	3505.000
1330.619	3285.000
1330.760	3493.000
1330.901	3349.000
1331.041	3613.000
1331.182	3344.000
1331.323	3557.000
1331.464	3214.000
1331.605	3516.000
1331.746	3362.000
1331.887	3555.000
1332.027	3314.000
1332.168	3472.000
1332.309	3439.000
1332.450	3556.000
1332.591	3354.000
1332.731	3550.000
1332.872	3258.000
1333.013	3539.000
1333.154	3345.000
1333.294	3641.000
1333.435	3377.000
1333.576	3407.000
1333.716	3294.000
1333.857	3537.000
1333.998	3309.000
1334.138	3416.000
1334.279	3264.000
1334.420	3541.000
1334.560	3381.000
1334.701	3506.000
1334.841	3366.000
1334.982	3567.000
1335.123	3273.000
1335.263	3469.000
1335.404	3317.000
1335.544	3486.000
1335.685	3238.000
1335.825	3479.000
1335.966	3360.000
1336.106	3532.000
1336.247	3286.000
1336.387	3507.000
1336.528	3246.000
1336.668	3536.000
1336.809	3298.000
1336.949	3580.000
1337.089	3436.000
1337.230	3507.000
1337.370	3293.000
1337.511	3520.000
1337.651	3395.000
1337.791	3480.000
1337.932	3258.000
1338.072	3472.000
1338.212	3294.000
1338.353	3436.000
1338.493	3257.000
1338.633	3490.000
1338.773	3292.000
1338.914	3449.000
1339.054	3264.000
1339.194	3504.000
1339.335	3280.000
1339.475	3418.000
1339.615	3269.000
1339.755	3440.000
1339.895	3236.000
1340.036	3439.000
1340.176	3240.000
1340.316	3498.000
1340.456	3307.000
1340.596	3407.000
1340.736	3230.000
1340.876	3451.000
1341.016	3266.000
1341.157	3406.000
1341.297	3225.000
1341.437	3430.000
1341.577	3222.000
1341.717	3463.000
1341.857	3274.000
1341.997	3460.000
1342.137	3244.000
1342.277	3416.000
1342.417	3219.000
1342.557	3453.000
1342.697	3291.000
1342.837	3446.000
1342.977	3253.000
1343.117	3453.000
1343.257	3211.000
1343.397	3439.000
1343.536	3370.000
1343.676	3486.000
1343.816	3288.000
1343.956	3444.000
1344.096	3299.000
1344.236	3424.000
1344.376	3237.000
1344.515	3448.000
1344.655	3258.000
1344.795	3449.000
1344.935	3270.000
1345.075	3478.000
1345.214	3194.000
1345.354	3448.000
1345.494	3253.000
1345.634	3476.000
1345.773	3201.000
1345.913	3469.000
1346.053	3241.000
1346.192	3455.000
1346.332	3234.000
1346.472	3461.000
1346.611	3195.000
1346.751	3432.000
1346.891	3255.000
1347.030	3390.000
1347.170	3196.000
1347.310	3485.000
1347.449	3222.000
1347.589	3383.000
1347.728	3233.000
1347.868	3398.000
1348.007	3228.000
1348.147	3457.000
1348.286	3237.000
1348.426	3389.000
1348.565	3229.000
1348.705	3433.000
1348.844	3297.000
1348.984	3399.000
1349.123	3296.000
1349.263	3412.000
1349.402	3266.000
1349.542	3459.000
1349.681	3251.000
1349.821	3434.000
1349.960	3365.000
1350.099	3486.000
1350.239	3266.000
1350.378	3500.000
1350.517	3260.000
1350.657	3456.000
1350.796	3312.000
1350.935	3464.000
1351.075	3296.000
1351.214	3453.000
1351.353	3288.000
1351.492	3486.000
1351.632	3303.000
1351.771	3412.000
1351.910	3325.000
1352.049	3483.000
1352.189	3300.000
1352.328	3508.000
1352.467	3316.000
1352.606	3617.000
1352.745	3384.000
1352.885	3473.000
1353.024	3288.000
1353.163	3507.000
1353.302	3444.000
1353.441	3424.000
1353.580	3259.000
1353.719	3437.000
1353.858	3228.000
1353.997	3507.000
1354.136	3250.000
1354.275	3491.000
1354.414	3229.000
1354.554	3350.000
1354.693	3284.000
1354.832	3398.000
1354.970	3256.000
1355.109	3444.000
1355.248	3279.000
1355.387	3482.000
1355.526	3281.000
1355.665	3424.000
1355.804	3228.000
1355.943	3383.000
1356.082	3228.000
1356.221	3473.000
1356.360	3276.000
1356.499	3429.000
1356.637	3330.000
1356.776	3415.000
1356.915	3250.000
1357.054	3499.000
1357.193	3243.000
1357.332	3423.000
1357.470	3235.000
1357.609	3388.000
1357.748	3238.000
1357.887	3416.000
1358.025	3277.000
1358.164	3319.000
1358.303	3242.000
1358.442	3361.000
1358.580	3273.000
1358.719	3436.000
1358.858	3273.000
1358.996	3446.000
1359.135	3256.000
1359.274	3467.000
1359.412	3236.000
1359.551	3383.000
1359.689	3247.000
1359.828	3394.000
1359.967	3265.000
1360.105	3376.000
1360.244	3258.000
1360.382	3361.000
1360.521	3259.000
1360.659	3433.000
1360.798	3275.000
1360.936	3372.000
1361.075	3247.000
1361.213	3347.000
1361.352	3250.000
1361.490	3414.000
1361.629	3473.000
1361.767	3908.000
1361.906	4069.000
1362.044	4984.000
1362.183	3631.000
1362.321	4038.000
1362.459	3820.000
1362.598	3660.000
1362.736	3801.000
1362.874	3974.000
1363.013	3709.000
1363.151	3891.000
1363.289	3626.000
1363.428	3708.000
1363.566	3429.000
1363.704	3669.000
1363.843	3416.000
1363.981	3513.000
1364.119	3301.000
1364.257	3510.000
1364.396	3247.000
1364.534	3456.000
1364.672	3273.000
1364.810	3486.000
1364.948	3197.000
1365.087	3426.000
1365.225	3249.000
1365.363	3451.000
1365.501	3269.000
1365.639	3448.000
1365.777	3279.000
1365.915	3481.000
1366.053	3284.000
1366.192	3415.000
1366.330	3251.000
1366.468	3474.000
1366.606	3236.000
1366.744	3473.000
1366.882	3249.000
1367.020	3497.000
1367.158	3247.000
1367.296	3529.000
1367.434	3329.000
1367.572	3586.000
1367.710	3405.000
1367.848	3544.000
1367.986	3292.000
1368.124	3495.000
1368.261	3272.000
1368.399	3412.000
1368.537	3304.000
1368.675	3459.000
1368.813	3312.000
1368.951	3427.000
1369.089	3267.000
1369.227	3479.000
1369.364	3311.000
1369.502	3419.000
1369.640	3226.000
1369.778	3488.000
1369.916	3250.000
1370.053	3441.000
1370.191	3245.000
1370.329	3431.000
1370.467	3195.000
1370.604	3494.000
1370.742	3319.000
1370.880	3423.000
1371.017	3329.000
1371.155	3565.000
1371.293	3271.000
1371.430	3521.000
1371.568	3366.000
1371.706	3471.000
1371.843	3267.000
1371.981	3419.000
1372.119	3263.000
1372.256	3395.000
1372.394	3276.000
1372.531	3446.000
1372.669	3264.000
1372.806	3397.000
1372.944	3238.000
1373.082	3503.000
1373.219	3331.000
1373.357	3452.000
1373.494	3294.000
1373.632	3468.000
1373.769	3277.000
1373.906	3445.000
1374.044	2948.000
1374.181	3431.000
1374.319	3253.000
1374.456	3368.000
1374.594	3214.000
1374.731	3433.000
1374.868	3226.000
1375.006	3466.000
1375.143	3352.000
1375.280	3469.000
1375.418	3303.000
1375.555	3435.000
1375.692	3256.000
1375.830	3468.000
1375.967	3305.000
1376.104	3439.000
1376.242	3212.000
1376.379	3420.000
1376.516	3201.000
1376.653	3414.000
1376.791	3268.000
1376.928	3374.000
1377.065	3252.000
1377.202	3455.000
1377.339	3206.000
1377.477	3445.000
1377.614	3173.000
1377.751	3504.000
1377.888	3277.000
1378.025	3383.000
1378.162	3288.000
1378.299	3389.000
1378.436	3219.000
1378.574	3327.000
1378.711	3176.000
1378.848	3383.000
1378.985	3216.000
1379.122	3470.000
1379.259	3217.000
1379.396	3435.000
1379.533	3224.000
1379.670	3392.000
1379.807	3185.000
1379.944	3355.000
1380.081	3117.000
1380.218	3365.000
1380.355	3124.000
1380.491	3334.000
1380.628	3144.000
1380.765	3358.000
1380.902	3263.000
1381.039	3384.000
1381.176	3173.000
1381.313	3459.000
1381.450	3162.000
1381.586	3368.000
1381.723	3223.000
1381.860	3430.000
1381.997	3198.000
1382.134	3494.000
1382.271	4835.000
1382.407	3442.000
1382.544	3240.000
1382.681	3403.000
1382.818	3268.000
1382.954	3395.000
1383.091	3141.000
1383.228	3388.000
1383.364	3359.000
1383.501	3536.000
1383.638	3242.000
1383.774	3374.000
1383.911	3174.000
1384.048	3398.000
1384.184	3266.000
1384.321	3461.000
1384.457	3223.000
1384.594	3383.000
1384.731	3233.000
1384.867	3451.000
1385.004	3259.000
1385.140	3417.000
1385.277	3282.000
1385.413	3421.000
1385.550	3253.000
1385.686	3385.000
1385.823	3212.000
1385.959	3390.000
1386.096	3249.000
1386.232	3562.000
1386.369	3361.000
1386.505	3518.000
1386.642	3485.000
1386.778	3639.000
1386.914	3372.000
1387.051	3569.000
1387.187	3406.000
1387.324	3694.000
1387.460	3390.000
1387.596	3722.000
1387.733	3232.000
1387.869	3437.000
1388.005	3191.000
1388.142	3445.000
1388.278	3235.000
1388.414	3433.000
1388.550	3222.000
1388.687	3496.000
1388.823	3155.000
1388.959	3414.000
1389.095	3257.000
1389.232	3378.000
1389.368	3228.000
1389.504	3466.000
1389.640	3223.000
1389.776	3407.000
1389.912	3255.000
1390.049	3429.000
1390.185	3239.000
1390.321	3401.000
1390.457	3258.000
1390.593	3400.000
1390.729	3285.000
1390.865	3523.000
1391.001	3246.000
1391.137	3592.000
1391.273	3288.000
1391.409	3564.000
1391.545	3742.000
1391.681	3945.000
1391.817	3445.000
1391.953	3531.000
1392.089	3336.000
1392.225	3502.000
1392.361	3301.000
1392.497	3500.000
1392.633	3270.000
1392.769	3494.000
1392.905	3243.000
1393.041	3407.000
1393.177	3234.000
1393.313	3468.000
1393.449	3256.000
1393.584	3315.000
1393.720	3299.000
1393.856	3462.000
1393.992	3329.000
1394.128	3424.000
1394.264	3252.000
1394.399	3326.000
1394.535	3326.000
1394.671	3487.000
