1529.702	3399.000
1529.853	3535.000
1530.004	3359.000
1530.155	3619.000
1530.306	3373.000
1530.456	3621.000
1530.607	3371.000
1530.758	3584.000
1530.909	3359.000
1531.059	3571.000
1531.210	3306.000
1531.360	3634.000
1531.511	3373.000
1531.662	3543.000
1531.812	3343.000
1531.963	3624.000
1532.113	3296.000
1532.264	3627.000
1532.415	3291.000
1532.565	3598.000
1532.716	3317.000
1532.866	3512.000
1533.016	3458.000
1533.167	3585.000
1533.317	3389.000
1533.468	3527.000
1533.618	3370.000
1533.768	3542.000
1533.919	3372.000
1534.069	3531.000
1534.219	3373.000
1534.370	3620.000
1534.520	3393.000
1534.670	3555.000
1534.821	3330.000
1534.971	3570.000
1535.121	3437.000
1535.271	3537.000
1535.421	3429.000
1535.571	3621.000
1535.722	3339.000
1535.872	3607.000
1536.022	3320.000
1536.172	3626.000
1536.322	3341.000
1536.472	3577.000
1536.622	3426.000
1536.772	3544.000
1536.922	3382.000
1537.072	3566.000
1537.222	3334.000
1537.372	3531.000
1537.522	3402.000
1537.672	3604.000
1537.822	3336.000
1537.972	3562.000
1538.122	3342.000
1538.271	3576.000
1538.421	3331.000
1538.571	3518.000
1538.721	3412.000
1538.871	3527.000
1539.020	3350.000
1539.170	3508.000
1539.320	3271.000
1539.470	3590.000
1539.619	3384.000
1539.769	3527.000
1539.919	3320.000
1540.068	3515.000
1540.218	3347.000
1540.367	3542.000
1540.517	3338.000
1540.667	3556.000
1540.816	3270.000
1540.966	3518.000
1541.115	3317.000
1541.265	3523.000
1541.414	3361.000
1541.564	3593.000
1541.713	3312.000
1541.863	3515.000
1542.012	3328.000
1542.161	3502.000
1542.311	3303.000
1542.460	3505.000
1542.609	3294.000
1542.759	3491.000
1542.908	3350.000
1543.057	3494.000
1543.207	3327.000
1543.356	3527.000
1543.505	3350.000
1543.654	3503.000
1543.804	3333.000
1543.953	3516.000
1544.102	3279.000
1544.251	3497.000
1544.400	3331.000
1544.549	3545.000
1544.698	3319.000
1544.848	3466.000
1544.997	3320.000
1545.146	3497.000
1545.295	3343.000
1545.444	3588.000
1545.593	3444.000
1545.742	3650.000
1545.891	3414.000
1546.040	3671.000
1546.189	3431.000
1546.337	3597.000
1546.486	3283.000
1546.635	3743.000
1546.784	3412.000
1546.933	3537.000
1547.082	3606.000
1547.231	3766.000
1547.379	3727.000
1547.528	3644.000
1547.677	3374.000
1547.826	3462.000
1547.974	3292.000
1548.123	3522.000
1548.272	3278.000
1548.420	3499.000
1548.569	3202.000
1548.718	3398.000
1548.866	3360.000
1549.015	3488.000
1549.163	3297.000
1549.312	3495.000
1549.461	3265.000
1549.609	3415.000
1549.758	3264.000
1549.906	3452.000
1550.055	3308.000
1550.203	3489.000
1550.352	3241.000
1550.500	3479.000
1550.648	3314.000
1550.797	3493.000
1550.945	3284.000
1551.093	3430.000
1551.242	3281.000
1551.390	3506.000
1551.538	3347.000
1551.687	3432.000
1551.835	3274.000
1551.983	3512.000
1552.131	3307.000
1552.280	3492.000
1552.428	3272.000
1552.576	3468.000
1552.724	3275.000
1552.872	3515.000
1553.021	3344.000
1553.169	3492.000
1553.317	3276.000
1553.465	3524.000
1553.613	3363.000
1553.761	3478.000
1553.909	3587.000
1554.057	3585.000
1554.205	3554.000
1554.353	3523.000
1554.501	3427.000
1554.649	3489.000
1554.797	3353.000
1554.945	3520.000
1555.093	3243.000
1555.240	3498.000
1555.388	3305.000
1555.536	3408.000
1555.684	3319.000
1555.832	3464.000
1555.980	3249.000
1556.127	3507.000
1556.275	3197.000
1556.423	3398.000
1556.571	3244.000
1556.718	3488.000
1556.866	3302.000
1557.014	3513.000
1557.161	3183.000
1557.309	3381.000
1557.456	3289.000
1557.604	3445.000
1557.752	3293.000
1557.899	3492.000
1558.047	3219.000
1558.194	3452.000
1558.342	3234.000
1558.489	3481.000
1558.637	3285.000
1558.784	3503.000
1558.932	3195.000
1559.079	3422.000
1559.227	3178.000
1559.374	3507.000
1559.521	3373.000
1559.669	3410.000
1559.816	3310.000
1559.963	3419.000
1560.111	3241.000
1560.258	3447.000
1560.405	3253.000
1560.552	3502.000
1560.700	3197.000
1560.847	3446.000
1560.994	3244.000
1561.141	3463.000
1561.288	3189.000
1561.436	3494.000
1561.583	3233.000
1561.730	3421.000
1561.877	3184.000
1562.024	3431.000
1562.171	3204.000
1562.318	3400.000
1562.465	3257.000
1562.612	3437.000
1562.759	3233.000
1562.906	3435.000
1563.053	3138.000
1563.200	3465.000
1563.347	3191.000
1563.494	3448.000
1563.641	3217.000
1563.788	3501.000
1563.934	3266.000
1564.081	3445.000
1564.228	3221.000
1564.375	3466.000
1564.522	3218.000
1564.668	3409.000
1564.815	3238.000
1564.962	3476.000
1565.109	3229.000
1565.255	3428.000
1565.402	3253.000
1565.549	3455.000
1565.695	3243.000
1565.842	3423.000
1565.988	3220.000
1566.135	3447.000
1566.282	3271.000
1566.428	3456.000
1566.575	3301.000
1566.721	3501.000
1566.868	3267.000
1567.014	3381.000
1567.161	3235.000
1567.307	3433.000
1567.454	3216.000
1567.600	3466.000
1567.746	3339.000
1567.893	3485.000
1568.039	3220.000
1568.186	3510.000
1568.332	3352.000
1568.478	3438.000
1568.625	3250.000
1568.771	3500.000
1568.917	3253.000
1569.063	3438.000
1569.210	3254.000
1569.356	3477.000
1569.502	3217.000
1569.648	3420.000
1569.794	3275.000
1569.940	3429.000
1570.087	3265.000
1570.233	3445.000
1570.379	3261.000
1570.525	3491.000
1570.671	3279.000
1570.817	3527.000
1570.963	3284.000
1571.109	3432.000
1571.255	3295.000
1571.401	3473.000
1571.547	3200.000
1571.693	3468.000
1571.839	3326.000
1571.985	3468.000
1572.130	3254.000
1572.276	3405.000
1572.422	3246.000
1572.568	3431.000
1572.714	3251.000
1572.860	3448.000
1573.005	3286.000
1573.151	3468.000
1573.297	3266.000
1573.443	3447.000
1573.588	3118.000
1573.734	3498.000
1573.880	3237.000
1574.025	3422.000
1574.171	3218.000
1574.317	3493.000
1574.462	3254.000
1574.608	3427.000
1574.753	3337.000
1574.899	3372.000
1575.045	3194.000
1575.190	3469.000
1575.336	3262.000
1575.481	3421.000
1575.626	3225.000
1575.772	3502.000
1575.917	3338.000
1576.063	3463.000
1576.208	3265.000
1576.354	3498.000
1576.499	3342.000
1576.644	3483.000
1576.790	3217.000
1576.935	3500.000
1577.080	3228.000
1577.225	3390.000
1577.371	3273.000
1577.516	3428.000
1577.661	3250.000
1577.806	3532.000
1577.952	3209.000
1578.097	3320.000
1578.242	3242.000
1578.387	3479.000
1578.532	3294.000
1578.677	3380.000
1578.822	3161.000
1578.967	3485.000
1579.113	3228.000
1579.258	3428.000
1579.403	3215.000
1579.548	3434.000
1579.693	3277.000
1579.838	3463.000
1579.982	3309.000
1580.127	3443.000
1580.272	3236.000
1580.417	3476.000
1580.562	3216.000
1580.707	3402.000
1580.852	3271.000
1580.997	3433.000
1581.141	3165.000
1581.286	3484.000
1581.431	3184.000
1581.576	3393.000
1581.720	3231.000
1581.865	3458.000
1582.010	3237.000
1582.155	3431.000
1582.299	3265.000
1582.444	3348.000
1582.589	3206.000
1582.733	3430.000
1582.878	3327.000
1583.022	3387.000
1583.167	3299.000
1583.311	3453.000
1583.456	3529.000
1583.601	3467.000
1583.745	3362.000
1583.890	3394.000
1584.034	3352.000
1584.178	3460.000
1584.323	3349.000
1584.467	3504.000
1584.612	3238.000
1584.756	3507.000
1584.900	3239.000
1585.045	3453.000
1585.189	3220.000
1585.333	3474.000
1585.478	3267.000
1585.622	3520.000
1585.766	3188.000
1585.910	3506.000
1586.055	3238.000
1586.199	3419.000
1586.343	3232.000
1586.487	3461.000
1586.631	3230.000
1586.775	3398.000
1586.920	3233.000
1587.064	3463.000
1587.208	3188.000
1587.352	3407.000
1587.496	3209.000
1587.640	3435.000
1587.784	3301.000
1587.928	3461.000
1588.072	3291.000
1588.216	3423.000
1588.360	3201.000
1588.504	3473.000
1588.648	3131.000
1588.792	3455.000
1588.935	3280.000
1589.079	3444.000
1589.223	3303.000
1589.367	3388.000
1589.511	3141.000
1589.655	3354.000
1589.798	3276.000
1589.942	3520.000
1590.086	3235.000
1590.230	3435.000
1590.373	3179.000
1590.517	3469.000
1590.661	3254.000
1590.804	3398.000
1590.948	3179.000
1591.091	3455.000
1591.235	3286.000
1591.379	3411.000
1591.522	3239.000
1591.666	3444.000
1591.809	3195.000
1591.953	3452.000
1592.096	3273.000
1592.240	3369.000
1592.383	3156.000
1592.527	3432.000
1592.670	3244.000
1592.814	3506.000
1592.957	3213.000
1593.100	3446.000
1593.244	3223.000
1593.387	3432.000
1593.530	3251.000
1593.674	3459.000
1593.817	3243.000
1593.960	3460.000
1594.103	3259.000
1594.247	3423.000
1594.390	3254.000
1594.533	3498.000
1594.676	3266.000
1594.819	3473.000
1594.963	3248.000
1595.106	3413.000
1595.249	3189.000
1595.392	3479.000
1595.535	3198.000
1595.678	3400.000
1595.821	3225.000
1595.964	3379.000
1596.107	3201.000
1596.250	3464.000
1596.393	3645.000
1596.536	4046.000
1596.679	4275.000
1596.822	4318.000
1596.965	3717.000
1597.108	3761.000
1597.251	3274.000
1597.393	3474.000
1597.536	3287.000
1597.679	3425.000
1597.822	3222.000
1597.965	3490.000
1598.107	3234.000
1598.250	3375.000
1598.393	3227.000
1598.536	3432.000
1598.678	3226.000
1598.821	3478.000
1598.964	3226.000
1599.106	3430.000
1599.249	3202.000
1599.392	3379.000
1599.534	3289.000
1599.677	3396.000
1599.819	3171.000
1599.962	3424.000
1600.104	3180.000
1600.247	3467.000
1600.389	3288.000
1600.532	3367.000
1600.674	3233.000
1600.817	3382.000
1600.959	3258.000
1601.102	3451.000
1601.244	3278.000
1601.386	3475.000
1601.529	3234.000
1601.671	3442.000
1601.813	3236.000
1601.956	3457.000
1602.098	3216.000
1602.240	3482.000
1602.382	3284.000
1602.525	3475.000
1602.667	3247.000
1602.809	3325.000
1602.951	3167.000
1603.093	3467.000
1603.236	3171.000
1603.378	3405.000
1603.520	3208.000
1603.662	3417.000
1603.804	3218.000
1603.946	3413.000
1604.088	3215.000
1604.230	3447.000
1604.372	3099.000
1604.514	3461.000
1604.656	3216.000
1604.798	3389.000
1604.940	3255.000
1605.082	3433.000
1605.224	3222.000
1605.366	3411.000
1605.507	3209.000
1605.649	3391.000
1605.791	3242.000
1605.933	3419.000
1606.075	3175.000
1606.217	3408.000
1606.358	3346.000
1606.500	3412.000
1606.642	3227.000
1606.783	3458.000
1606.925	3181.000
1607.067	3427.000
1607.209	3206.000
1607.350	3439.000
1607.492	3184.000
1607.633	3542.000
1607.775	3252.000
1607.917	3475.000
1608.058	3228.000
1608.200	3500.000
1608.341	3308.000
1608.483	3572.000
1608.624	3291.000
1608.766	3551.000
1608.907	3362.000
1609.049	3701.000
1609.190	3645.000
1609.331	3654.000
1609.473	3351.000
1609.614	3554.000
1609.755	3508.000
1609.897	3706.000
1610.038	3396.000
1610.179	3964.000
1610.321	3846.000
1610.462	3665.000
1610.603	3224.000
1610.744	3475.000
1610.886	3227.000
1611.027	3525.000
1611.168	3205.000
1611.309	3395.000
1611.450	3168.000
1611.591	3390.000
1611.732	3253.000
1611.874	3470.000
1612.015	3191.000
1612.156	3440.000
1612.297	3123.000
1612.438	3420.000
1612.579	3203.000
1612.720	3442.000
1612.861	3187.000
1613.002	3382.000
1613.143	3315.000
1613.283	3378.000
1613.424	3232.000
1613.565	3443.000
1613.706	3164.000
1613.847	3410.000
1613.988	3182.000
1614.129	3477.000
1614.269	3238.000
1614.410	3342.000
1614.551	3215.000
1614.692	3404.000
1614.832	3208.000
1614.973	3351.000
1615.114	3119.000
1615.254	3370.000
1615.395	3260.000
1615.536	3427.000
1615.676	3251.000
1615.817	3465.000
1615.958	3188.000
1616.098	3392.000
1616.239	3191.000
1616.379	3392.000
1616.520	3102.000
1616.660	3365.000
1616.801	3284.000
1616.941	3450.000
1617.082	3218.000
1617.222	3472.000
1617.362	3191.000
1617.503	3436.000
1617.643	3128.000
1617.784	3399.000
1617.924	3161.000
1618.064	3315.000
1618.205	3152.000
1618.345	3352.000
1618.485	3252.000
1618.625	3356.000
1618.766	3149.000
1618.906	3365.000
1619.046	3208.000
1619.186	3398.000
1619.326	3148.000
1619.467	3413.000
1619.607	3195.000
1619.747	3367.000
1619.887	3158.000
1620.027	3418.000
1620.167	3206.000
1620.307	3335.000
1620.447	3166.000
1620.587	3347.000
1620.727	3166.000
1620.867	3305.000
1621.007	3131.000
1621.147	3395.000
1621.287	3207.000
1621.427	3338.000
1621.567	3168.000
1621.707	3368.000
1621.847	3166.000
1621.986	3350.000
1622.126	3137.000
1622.266	3349.000
1622.406	3089.000
1622.546	3344.000
1622.685	3178.000
1622.825	3342.000
1622.965	3134.000
1623.105	3320.000
1623.244	3119.000
1623.384	3363.000
1623.524	3143.000
1623.663	3315.000
1623.803	3173.000
1623.942	3350.000
1624.082	3077.000
1624.222	3328.000
1624.361	3246.000
1624.501	3412.000
1624.640	3152.000
1624.780	3340.000
1624.919	3195.000
1625.059	3326.000
1625.198	3100.000
1625.337	3355.000
1625.477	3147.000
1625.616	3327.000
1625.756	3143.000
1625.895	3347.000
1626.034	3113.000
1626.174	3367.000
1626.313	3179.000
1626.452	3386.000
1626.591	3094.000
1626.731	3386.000
1626.870	3133.000
1627.009	3375.000
1627.148	3141.000
1627.288	3409.000
1627.427	3124.000
1627.566	3337.000
1627.705	3166.000
1627.844	3321.000
1627.983	3108.000
1628.122	3403.000
1628.261	3128.000
1628.400	3337.000
1628.539	3168.000
1628.678	3336.000
1628.817	3164.000
1628.956	3414.000
1629.095	3179.000
1629.234	3284.000
1629.373	3136.000
1629.512	3357.000
1629.651	3219.000
1629.790	3325.000
1629.929	3171.000
1630.068	3328.000
1630.206	3202.000
1630.345	3411.000
1630.484	3155.000
1630.623	3343.000
1630.762	3225.000
1630.900	3360.000
1631.039	3167.000
1631.178	3417.000
1631.316	3200.000
1631.455	3398.000
1631.594	3208.000
1631.732	3392.000
1631.871	3204.000
1632.010	3372.000
1632.148	3163.000
1632.287	3435.000
1632.425	3185.000
1632.564	3324.000
1632.702	3230.000
1632.841	3434.000
1632.979	3194.000
1633.118	3344.000
1633.256	3138.000
1633.395	3404.000
1633.533	3188.000
1633.671	3367.000
1633.810	3223.000
1633.948	3454.000
1634.086	3403.000
1634.225	3397.000
1634.363	3204.000
1634.501	3414.000
1634.640	3146.000
1634.778	3445.000
1634.916	3173.000
1635.054	3430.000
1635.192	3148.000
1635.331	3308.000
1635.469	3239.000
1635.607	3361.000
1635.745	3165.000
1635.883	3357.000
1636.021	3161.000
1636.159	3428.000
1636.297	3201.000
1636.435	3358.000
1636.573	3165.000
1636.711	3337.000
1636.849	3185.000
1636.987	3449.000
1637.125	3261.000
1637.263	3481.000
1637.401	3436.000
1637.539	3687.000
1637.677	3675.000
1637.815	3934.000
1637.953	4154.000
1638.091	5132.000
1638.228	4912.000
1638.366	5555.000
1638.504	4586.000
1638.642	4014.000
1638.779	3380.000
1638.917	3337.000
1639.055	3234.000
1639.193	3312.000
1639.330	3191.000
1639.468	3341.000
1639.606	3194.000
1639.743	3372.000
1639.881	3203.000
1640.018	3409.000
1640.156	3185.000
1640.294	3330.000
1640.431	3205.000
1640.569	3343.000
1640.706	3217.000
1640.844	3351.000
1640.981	3188.000
1641.119	3339.000
1641.256	3194.000
1641.393	3375.000
1641.531	3253.000
1641.668	3346.000
1641.806	3181.000
1641.943	3306.000
1642.080	3194.000
1642.218	3337.000
1642.355	3190.000
1642.492	3397.000
1642.629	3207.000
1642.767	3383.000
1642.904	3173.000
1643.041	3317.000
1643.178	3156.000
1643.315	3314.000
1643.453	3116.000
1643.590	3381.000
1643.727	3163.000
1643.864	3379.000
1644.001	3214.000
1644.138	3432.000
1644.275	3167.000
1644.412	3442.000
1644.549	3238.000
1644.686	3478.000
1644.823	3343.000
1644.960	3501.000
1645.097	3213.000
1645.234	3508.000
1645.371	3224.000
1645.508	3501.000
1645.645	3215.000
1645.782	3418.000
1645.918	3225.000
1646.055	3445.000
1646.192	3236.000
1646.329	3436.000
1646.466	3291.000
1646.602	3476.000
1646.739	3221.000
1646.876	3369.000
1647.013	3199.000
1647.149	3443.000
1647.286	3184.000
1647.423	3400.000
1647.559	3194.000
1647.696	3427.000
1647.833	3152.000
1647.969	3411.000
1648.106	3171.000
1648.242	3451.000
1648.379	3248.000
1648.515	3415.000
1648.652	3173.000
1648.788	3389.000
1648.925	3174.000
1649.061	3358.000
1649.198	3223.000
1649.334	3420.000
1649.470	3247.000
1649.607	3413.000
1649.743	3212.000
1649.879	3405.000
1650.016	3242.000
1650.152	3375.000
1650.288	3205.000
1650.425	3432.000
1650.561	3211.000
1650.697	3371.000
1650.833	3175.000
1650.970	3382.000
1651.106	3135.000
1651.242	3434.000
1651.378	3254.000
1651.514	3322.000
1651.650	3244.000
1651.787	3517.000
1651.923	3182.000
1652.059	3422.000
1652.195	3251.000
1652.331	3386.000
1652.467	3200.000
1652.603	3341.000
1652.739	3186.000
1652.875	3331.000
1653.011	3207.000
1653.147	3414.000
1653.282	3223.000
1653.418	3397.000
1653.554	3183.000
1653.690	3443.000
1653.826	3262.000
1653.962	3411.000
1654.098	3298.000
1654.233	3400.000
1654.369	3243.000
1654.505	3419.000
1654.641	2888.000
1654.776	3356.000
1654.912	3184.000
1655.048	3339.000
1655.183	3135.000
1655.319	3356.000
1655.455	3166.000
1655.590	3400.000
1655.726	3280.000
1655.862	3403.000
1655.997	3236.000
1656.133	3380.000
1656.268	3205.000
1656.404	3395.000
1656.539	3226.000
1656.675	3397.000
1656.810	3141.000
1656.946	3387.000
1657.081	3163.000
1657.216	3372.000
1657.352	3202.000
1657.487	3329.000
1657.623	3194.000
1657.758	3422.000
1657.893	3157.000
1658.029	3403.000
1658.164	3167.000
1658.299	3538.000
1658.434	3232.000
1658.570	3349.000
1658.705	3243.000
1658.840	3335.000
1658.975	3194.000
1659.110	3293.000
1659.245	3115.000
1659.381	3279.000
1659.516	3139.000
1659.651	3413.000
1659.786	3191.000
1659.921	3401.000
1660.056	3139.000
1660.191	3311.000
1660.326	3135.000
1660.461	3313.000
1660.596	3064.000
1660.731	3330.000
1660.866	3070.000
1661.001	3318.000
1661.136	3088.000
1661.271	3315.000
1661.406	3201.000
1661.540	3345.000
1661.675	3116.000
1661.810	3438.000
1661.945	3068.000
1662.080	3334.000
1662.214	3167.000
1662.349	3384.000
1662.484	3118.000
1662.619	3423.000
1662.753	4777.000
1662.888	3379.000
1663.023	3172.000
1663.157	3348.000
1663.292	3177.000
1663.427	3324.000
1663.561	3072.000
1663.696	3309.000
1663.830	3286.000
1663.965	3402.000
1664.099	3211.000
1664.234	3336.000
1664.368	3142.000
1664.503	3344.000
1664.637	3247.000
1664.772	3431.000
1664.906	3171.000
1665.041	3333.000
1665.175	3128.000
1665.309	3387.000
1665.444	3237.000
1665.578	3407.000
1665.712	3216.000
1665.847	3389.000
1665.981	3240.000
1666.115	3374.000
1666.249	3140.000
1666.384	3323.000
1666.518	3163.000
1666.652	3434.000
1666.786	3155.000
1666.920	3365.000
1667.055	3137.000
1667.189	3417.000
1667.323	3168.000
1667.457	3416.000
1667.591	3176.000
1667.725	3376.000
1667.859	3087.000
1667.993	3395.000
1668.127	3132.000
1668.261	3418.000
1668.395	3165.000
1668.529	3448.000
1668.663	3264.000
1668.797	3524.000
1668.931	3425.000
1669.065	3821.000
1669.199	3820.000
1669.332	3934.000
1669.466	4383.000
1669.600	4265.000
1669.734	4007.000
1669.868	3778.000
1670.001	4215.000
1670.135	4377.000
1670.269	4787.000
1670.403	4589.000
1670.536	3397.000
1670.670	3445.000
1670.804	3249.000
1670.937	3352.000
1671.071	3248.000
1671.205	3414.000
1671.338	3128.000
1671.472	3371.000
1671.605	3104.000
1671.739	3339.000
1671.872	3255.000
1672.006	3435.000
1672.139	3157.000
1672.273	3366.000
1672.406	3242.000
1672.540	3413.000
1672.673	3204.000
1672.807	3449.000
1672.940	3242.000
1673.073	3454.000
1673.207	3182.000
1673.340	3378.000
1673.473	3176.000
1673.607	3415.000
1673.740	3209.000
1673.873	3282.000
1674.006	3231.000
1674.140	3465.000
1674.273	3278.000
1674.406	3369.000
1674.539	3172.000
1674.672	3309.000
1674.805	3239.000
1674.939	3443.000
