829.593	6762.000
829.736	7011.000
829.879	6842.000
830.022	7061.000
830.166	6841.000
830.309	7021.000
830.452	6719.000
830.595	7002.000
830.738	6696.000
830.881	6933.000
831.024	6694.000
831.167	6960.000
831.310	6651.000
831.453	6777.000
831.597	6603.000
831.740	6838.000
831.883	6535.000
832.026	6769.000
832.169	6436.000
832.312	6667.000
832.455	6415.000
832.598	6678.000
832.741	6524.000
832.884	6682.000
833.027	6624.000
833.170	6828.000
833.314	6675.000
833.457	6886.000
833.600	6650.000
833.743	6925.000
833.886	6794.000
834.029	7357.000
834.172	6923.000
834.315	7144.000
834.458	6909.000
834.601	7183.000
834.744	7072.000
834.887	7129.000
835.030	7052.000
835.173	7212.000
835.316	6955.000
835.459	7213.000
835.602	6902.000
835.745	7054.000
835.889	6802.000
836.032	7004.000
836.175	6653.000
836.318	6746.000
836.461	6638.000
836.604	6759.000
836.747	6412.000
836.890	6614.000
837.033	6522.000
837.176	6719.000
837.319	6419.000
837.462	6772.000
837.605	6490.000
837.748	6785.000
837.891	6543.000
838.034	6810.000
838.177	6680.000
838.320	6909.000
838.463	6794.000
838.606	6981.000
838.749	6781.000
838.892	7176.000
839.035	6986.000
839.178	7059.000
839.321	6966.000
839.464	7095.000
839.607	6892.000
839.750	6937.000
839.893	6882.000
840.036	6976.000
840.179	6651.000
840.322	6847.000
840.465	6642.000
840.608	6715.000
840.751	6552.000
840.894	6749.000
841.037	6415.000
841.180	6596.000
841.323	6432.000
841.465	6570.000
841.608	6316.000
841.751	6552.000
841.894	6365.000
842.037	6562.000
842.180	6435.000
842.323	6595.000
842.466	6496.000
842.609	6627.000
842.752	6491.000
842.895	6672.000
843.038	6479.000
843.181	6636.000
843.324	6450.000
843.467	6642.000
843.610	6531.000
843.753	6638.000
843.896	6420.000
844.039	6575.000
844.181	6377.000
844.324	6572.000
844.467	6352.000
844.610	6667.000
844.753	6391.000
844.896	6542.000
845.039	6354.000
845.182	6571.000
845.325	6421.000
845.468	6577.000
845.611	6236.000
845.753	6632.000
845.896	6360.000
846.039	6487.000
846.182	6374.000
846.325	6600.000
846.468	6402.000
846.611	6576.000
846.754	6344.000
846.897	6559.000
847.040	6343.000
847.182	6722.000
847.325	6391.000
847.468	6676.000
847.611	6422.000
847.754	6572.000
847.897	6564.000
848.040	6703.000
848.183	6503.000
848.325	6698.000
848.468	6460.000
848.611	6689.000
848.754	6488.000
848.897	6689.000
849.040	6566.000
849.183	6866.000
849.326	6589.000
849.468	6787.000
849.611	6630.000
849.754	6869.000
849.897	6689.000
850.040	6808.000
850.183	6719.000
850.325	6926.000
850.468	6727.000
850.611	6942.000
850.754	6800.000
850.897	6987.000
851.040	6797.000
851.183	7020.000
851.325	6791.000
851.468	7014.000
851.611	6887.000
851.754	7054.000
851.897	6907.000
852.039	7146.000
852.182	6913.000
852.325	7054.000
852.468	6878.000
852.611	7053.000
852.754	6858.000
852.896	7024.000
853.039	6855.000
853.182	7002.000
853.325	6882.000
853.468	7016.000
853.610	6820.000
853.753	6935.000
853.896	6735.000
854.039	6971.000
854.182	6686.000
854.324	6760.000
854.467	6685.000
854.610	6794.000
854.753	6622.000
854.895	6767.000
855.038	6443.000
855.181	6759.000
855.324	6659.000
855.467	6899.000
855.609	6461.000
855.752	6666.000
855.895	6356.000
856.038	6472.000
856.180	6370.000
856.323	6563.000
856.466	6429.000
856.609	6662.000
856.752	6378.000
856.894	6568.000
857.037	6416.000
857.180	6722.000
857.323	6586.000
857.465	6831.000
857.608	6609.000
857.751	6832.000
857.894	6722.000
858.036	7065.000
858.179	6948.000
858.322	6980.000
858.464	6996.000
858.607	7142.000
858.750	6951.000
858.893	7228.000
859.035	7082.000
859.178	7267.000
859.321	7021.000
859.464	7314.000
859.606	7009.000
859.749	7133.000
859.892	6981.000
860.034	7268.000
860.177	6921.000
860.320	7039.000
860.463	6786.000
860.605	7046.000
860.748	6787.000
860.891	7026.000
861.033	6866.000
861.176	7006.000
861.319	6822.000
861.461	7035.000
861.604	6747.000
861.747	7007.000
861.890	6861.000
862.032	7126.000
862.175	6997.000
862.318	7248.000
862.460	7128.000
862.603	7362.000
862.746	7165.000
862.888	7495.000
863.031	7318.000
863.174	7449.000
863.316	7430.000
863.459	7823.000
863.602	7418.000
863.744	7646.000
863.887	7565.000
864.030	7808.000
864.172	7516.000
864.315	7745.000
864.458	7555.000
864.600	7785.000
864.743	7503.000
864.886	7903.000
865.028	7636.000
865.171	7738.000
865.314	7626.000
865.456	7765.000
865.599	7467.000
865.741	7671.000
865.884	7504.000
866.027	7678.000
866.169	7471.000
866.312	7710.000
866.455	7390.000
866.597	7517.000
866.740	7519.000
866.882	7511.000
867.025	7237.000
867.168	7416.000
867.310	7267.000
867.453	7379.000
867.596	7130.000
867.738	7298.000
867.881	7032.000
868.023	7167.000
868.166	7039.000
868.309	7123.000
868.451	6961.000
868.594	7097.000
868.736	6923.000
868.879	7086.000
869.022	6934.000
869.164	7126.000
869.307	6954.000
869.449	7104.000
869.592	7075.000
869.735	7225.000
869.877	7096.000
870.020	7368.000
870.162	7268.000
870.305	7607.000
870.447	7377.000
870.590	7590.000
870.733	7615.000
870.875	7952.000
871.018	7701.000
871.160	8018.000
871.303	8083.000
871.445	8269.000
871.588	8094.000
871.731	8444.000
871.873	8084.000
872.016	8508.000
872.158	8390.000
872.301	8626.000
872.443	8293.000
872.586	8583.000
872.728	8440.000
872.871	8477.000
873.013	8349.000
873.156	8359.000
873.299	8174.000
873.441	8224.000
873.584	8123.000
873.726	8179.000
873.869	7834.000
874.011	8034.000
874.154	7881.000
874.296	7880.000
874.439	7599.000
874.581	7768.000
874.724	7625.000
874.866	7647.000
875.009	7523.000
875.151	7702.000
875.294	7450.000
875.436	7545.000
875.579	7656.000
875.721	7737.000
875.864	7637.000
876.006	7972.000
876.149	7779.000
876.291	7896.000
876.434	7983.000
876.576	8222.000
876.719	8173.000
876.861	8234.000
877.004	8267.000
877.146	8558.000
877.289	8473.000
877.431	8656.000
877.574	8669.000
877.716	8779.000
877.859	8721.000
878.001	8872.000
878.144	8905.000
878.286	8945.000
878.429	8955.000
878.571	9098.000
878.714	8880.000
878.856	8954.000
878.998	9130.000
879.141	8917.000
879.283	8822.000
879.426	9025.000
879.568	8864.000
879.711	8747.000
879.853	8822.000
879.996	8994.000
880.138	8755.000
880.281	8668.000
880.423	8754.000
880.565	8698.000
880.708	8499.000
880.850	8616.000
880.993	8811.000
881.135	8547.000
881.278	8451.000
881.420	8630.000
881.562	8661.000
881.705	8579.000
881.847	8534.000
881.990	8913.000
882.132	8936.000
882.275	9089.000
882.417	9604.000
882.559	10408.000
882.702	10692.000
882.844	10551.000
882.987	11110.000
883.129	9830.000
883.271	10350.000
883.414	11757.000
883.556	12538.000
883.699	11273.000
883.841	8803.000
883.983	9016.000
884.126	8645.000
884.268	8752.000
884.411	8702.000
884.553	8845.000
884.695	8682.000
884.838	8926.000
884.980	8898.000
885.122	9056.000
885.265	8747.000
885.407	9079.000
885.550	9023.000
885.692	9126.000
885.834	9076.000
885.977	9335.000
886.119	9155.000
886.261	9271.000
886.404	9206.000
886.546	9433.000
886.689	9093.000
886.831	9331.000
886.973	9415.000
887.116	9423.000
887.258	9293.000
887.400	9256.000
887.543	9320.000
887.685	9231.000
887.827	9275.000
887.970	9453.000
888.112	9218.000
888.254	9221.000
888.397	9272.000
888.539	9397.000
888.681	9197.000
888.824	9174.000
888.966	9201.000
889.108	9231.000
889.251	9091.000
889.393	9131.000
889.535	9029.000
889.678	8990.000
889.820	8912.000
889.962	9161.000
890.105	8980.000
890.247	8973.000
890.389	8867.000
890.531	9116.000
890.674	8833.000
890.816	9138.000
890.958	8926.000
891.101	9195.000
891.243	8906.000
891.385	9243.000
891.528	8981.000
891.670	9267.000
891.812	8940.000
891.954	9401.000
892.097	9035.000
892.239	9187.000
892.381	9063.000
892.524	9522.000
892.666	9151.000
892.808	9393.000
892.950	9200.000
893.093	9397.000
893.235	9093.000
893.377	9467.000
893.519	9299.000
893.662	9436.000
893.804	9128.000
893.946	9390.000
894.088	9286.000
894.231	9350.000
894.373	9273.000
894.515	9522.000
894.657	9260.000
894.800	9336.000
894.942	9342.000
895.084	9588.000
895.226	9118.000
895.369	9308.000
895.511	9336.000
895.653	9458.000
895.795	9011.000
895.938	9279.000
896.080	9142.000
896.222	9211.000
896.364	9063.000
896.507	9291.000
896.649	9132.000
896.791	9112.000
896.933	9096.000
897.075	9421.000
897.218	9117.000
897.360	9211.000
897.502	9357.000
897.644	9471.000
897.787	9281.000
897.929	9591.000
898.071	9606.000
898.213	10524.000
898.355	10824.000
898.498	10345.000
898.640	9871.000
898.782	9802.000
898.924	9710.000
899.066	9964.000
899.208	9859.000
899.351	10032.000
899.493	9951.000
899.635	10203.000
899.777	9874.000
899.919	10153.000
900.062	10008.000
900.204	10321.000
900.346	10039.000
900.488	10287.000
900.630	10181.000
900.772	10231.000
900.915	10131.000
901.057	10426.000
901.199	10226.000
901.341	10403.000
901.483	10233.000
901.625	10500.000
901.768	10328.000
901.910	10428.000
902.052	10344.000
902.194	10691.000
902.336	10263.000
902.478	10551.000
902.620	10410.000
902.763	10612.000
902.905	10313.000
903.047	10517.000
903.189	10460.000
903.331	10535.000
903.473	10157.000
903.615	10444.000
903.758	10249.000
903.900	10363.000
904.042	9959.000
904.184	10366.000
904.326	10155.000
904.468	10157.000
904.610	9880.000
904.752	10258.000
904.895	9656.000
905.037	9873.000
905.179	9609.000
905.321	9932.000
905.463	9376.000
905.605	9786.000
905.747	9475.000
905.889	9704.000
906.031	9200.000
906.173	9517.000
906.316	9263.000
906.458	9356.000
906.600	8964.000
906.742	9438.000
906.884	9146.000
907.026	9244.000
907.168	9000.000
907.310	9357.000
907.452	8939.000
907.594	9153.000
907.736	9064.000
907.878	9374.000
908.021	9069.000
908.163	9223.000
908.305	9101.000
908.447	9495.000
908.589	8991.000
908.731	9562.000
908.873	9366.000
909.015	9665.000
909.157	9244.000
909.299	9562.000
909.441	9446.000
909.583	9536.000
909.725	9209.000
909.867	9869.000
910.009	9475.000
910.151	9613.000
910.293	9338.000
910.435	9824.000
910.577	9522.000
910.719	9683.000
910.862	9372.000
911.004	9851.000
911.146	9578.000
911.288	9583.000
911.430	9500.000
911.572	9818.000
911.714	9422.000
911.856	9668.000
911.998	9474.000
912.140	9865.000
912.282	9377.000
912.424	9655.000
912.566	9600.000
912.708	9896.000
912.850	9495.000
912.992	9789.000
913.134	9691.000
913.276	9952.000
913.418	9616.000
913.560	9968.000
913.702	10027.000
913.844	10128.000
913.986	9794.000
914.128	10250.000
914.270	10214.000
914.412	10254.000
914.554	10085.000
914.696	10641.000
914.838	10485.000
914.980	10533.000
915.122	10488.000
915.264	10950.000
915.406	10757.000
915.548	10718.000
915.690	10726.000
915.831	11107.000
915.973	10853.000
916.115	10937.000
916.257	11081.000
916.399	11318.000
916.541	11096.000
916.683	11415.000
916.825	11340.000
916.967	11460.000
917.109	11064.000
917.251	11360.000
917.393	11309.000
917.535	11514.000
917.677	11093.000
917.819	11405.000
917.961	11286.000
918.103	11347.000
918.245	11070.000
918.387	11392.000
918.528	11369.000
918.670	11191.000
918.812	10941.000
918.954	11308.000
919.096	10999.000
919.238	11147.000
919.380	10900.000
919.522	11079.000
919.664	10810.000
919.806	10883.000
919.948	10709.000
920.090	10979.000
920.231	10589.000
920.373	10708.000
920.515	10533.000
920.657	10836.000
920.799	10490.000
920.941	10608.000
921.083	10392.000
921.225	10617.000
921.367	10383.000
921.509	10494.000
921.650	10305.000
921.792	10538.000
921.934	10180.000
922.076	10249.000
922.218	10104.000
922.360	10331.000
922.502	10076.000
922.644	10154.000
922.785	10000.000
922.927	10021.000
923.069	9814.000
923.211	9895.000
923.353	9790.000
923.495	9949.000
923.637	9571.000
923.779	9878.000
923.920	9617.000
924.062	9761.000
924.204	9343.000
924.346	9744.000
924.488	9558.000
924.630	9769.000
924.771	9173.000
924.913	9740.000
925.055	9442.000
925.197	9605.000
925.339	9187.000
925.481	9714.000
925.623	9333.000
925.764	9496.000
925.906	9255.000
926.048	9622.000
926.190	9316.000
926.332	9534.000
926.473	9210.000
926.615	9584.000
926.757	9384.000
926.899	9379.000
927.041	9259.000
927.183	9710.000
927.324	9349.000
927.466	9433.000
927.608	9164.000
927.750	9702.000
927.892	9443.000
928.033	9455.000
928.175	9363.000
928.317	9699.000
928.459	9499.000
928.601	9665.000
928.742	9331.000
928.884	9765.000
929.026	9554.000
929.168	9664.000
929.310	9347.000
929.451	9893.000
929.593	9503.000
929.735	9692.000
929.877	9450.000
930.018	9922.000
930.160	9519.000
930.302	9747.000
930.444	9426.000
930.585	10037.000
930.727	9566.000
930.869	9866.000
931.011	9521.000
931.153	9975.000
931.294	9632.000
931.436	9942.000
931.578	9444.000
931.720	10129.000
931.861	9755.000
932.003	10125.000
932.145	9772.000
932.287	10217.000
932.428	10184.000
932.570	10370.000
932.712	10045.000
932.854	10467.000
932.995	10122.000
933.137	10523.000
933.279	10204.000
933.420	10667.000
933.562	10428.000
933.704	10676.000
933.846	10475.000
933.987	10784.000
934.129	10598.000
934.271	10822.000
934.412	10640.000
934.554	11068.000
934.696	10828.000
934.838	10912.000
934.979	10745.000
935.121	10988.000
935.263	10940.000
935.404	10999.000
935.546	10898.000
935.688	11105.000
935.830	11032.000
935.971	11077.000
936.113	10985.000
936.255	11236.000
936.396	11117.000
936.538	11088.000
936.680	10957.000
936.821	11217.000
936.963	11224.000
937.105	11080.000
937.246	10971.000
937.388	11118.000
937.530	11176.000
937.671	11195.000
937.813	11006.000
937.955	11158.000
938.096	11153.000
938.238	11169.000
938.380	10908.000
938.521	11095.000
938.663	11164.000
938.805	11216.000
938.946	10969.000
939.088	10805.000
939.230	10929.000
939.371	10976.000
939.513	10827.000
939.655	10808.000
939.796	10863.000
939.938	11182.000
940.080	11044.000
940.221	10991.000
940.363	10928.000
940.504	11222.000
940.646	10991.000
940.788	11013.000
940.929	10933.000
941.071	11399.000
941.213	11076.000
941.354	11090.000
941.496	10939.000
941.637	11432.000
941.779	11199.000
941.921	11262.000
942.062	10857.000
942.204	11581.000
942.346	11347.000
942.487	11499.000
942.629	10973.000
942.770	11677.000
942.912	11365.000
943.054	11658.000
943.195	10999.000
943.337	11687.000
943.478	11465.000
943.620	11842.000
943.761	11166.000
943.903	11744.000
944.045	11718.000
944.186	11934.000
944.328	11111.000
944.469	11406.000
944.611	11335.000
944.753	11923.000
944.894	11265.000
945.036	11439.000
945.177	11514.000
945.319	12167.000
945.460	11586.000
945.602	11537.000
945.744	11437.000
945.885	12125.000
946.027	11749.000
946.168	11777.000
946.310	11459.000
946.451	12053.000
946.593	11972.000
946.734	11976.000
946.876	11663.000
947.018	12105.000
947.159	12068.000
947.301	12167.000
947.442	11817.000
947.584	12025.000
947.725	12080.000
947.867	12283.000
948.008	11951.000
948.150	12132.000
948.291	12126.000
948.433	12472.000
948.574	12179.000
948.716	12144.000
948.857	12299.000
948.999	12520.000
949.140	12344.000
949.282	12398.000
949.424	12066.000
949.565	12522.000
949.707	12417.000
949.848	12534.000
949.990	11909.000
950.131	12397.000
950.273	12458.000
950.414	12414.000
950.556	12099.000
950.697	12242.000
950.839	12329.000
950.980	12464.000
951.122	12273.000
951.263	12077.000
951.404	12233.000
951.546	12413.000
951.687	12162.000
951.829	11968.000
951.970	11937.000
952.112	12169.000
952.253	12228.000
952.395	11987.000
952.536	11728.000
952.678	11991.000
952.819	12141.000
952.961	12137.000
953.102	11824.000
953.244	11869.000
953.385	11814.000
953.527	12038.000
953.668	11388.000
953.809	11739.000
953.951	11549.000
954.092	11770.000
954.234	11706.000
954.375	11831.000
954.517	11391.000
954.658	11675.000
954.800	11597.000
954.941	11807.000
955.082	11408.000
955.224	11555.000
955.365	11541.000
955.507	11871.000
955.648	11508.000
955.790	11563.000
955.931	11436.000
956.072	11989.000
956.214	11623.000
956.355	11769.000
956.497	11611.000
956.638	11867.000
956.780	11839.000
956.921	12030.000
957.062	11582.000
957.204	12130.000
957.345	11893.000
957.487	12388.000
957.628	11738.000
957.769	12144.000
957.911	11829.000
958.052	12437.000
958.194	11972.000
958.335	12148.000
958.476	11834.000
958.618	12391.000
958.759	12155.000
958.901	12579.000
959.042	11900.000
959.183	12590.000
959.325	12114.000
959.466	12738.000
959.607	12067.000
959.749	12472.000
959.890	12306.000
960.032	13857.000
960.173	15194.000
960.314	20729.000
960.456	14178.000
960.597	16726.000
960.738	15014.000
960.880	14762.000
961.021	13767.000
961.162	13803.000
961.304	13070.000
961.445	13130.000
961.586	12372.000
961.728	12614.000
961.869	12029.000
962.011	12675.000
962.152	13645.000
962.293	12621.000
962.435	11906.000
962.576	12394.000
962.717	12095.000
962.859	12500.000
963.000	11966.000
963.141	12262.000
963.283	12085.000
963.424	12468.000
963.565	12070.000
963.706	12198.000
963.848	11834.000
963.989	12304.000
964.130	12171.000
964.272	12246.000
964.413	11976.000
964.554	12087.000
964.696	11977.000
964.837	12260.000
964.978	11993.000
965.120	11993.000
965.261	11913.000
965.402	12090.000
965.543	11975.000
965.685	12030.000
965.826	11761.000
965.967	11887.000
966.109	11770.000
966.250	12131.000
966.391	11799.000
966.532	11896.000
966.674	11756.000
966.815	12039.000
966.956	11959.000
967.098	12148.000
967.239	11723.000
967.380	11894.000
967.521	11646.000
967.663	11993.000
967.804	11779.000
967.945	11932.000
968.086	11670.000
968.228	12018.000
968.369	11785.000
968.510	12087.000
968.651	11695.000
968.793	11907.000
968.934	11704.000
969.075	12064.000
969.216	11820.000
969.358	11803.000
969.499	11653.000
969.640	11990.000
969.781	11816.000
969.923	12100.000
970.064	11714.000
970.205	11908.000
970.346	11694.000
970.488	11914.000
970.629	11728.000
970.770	11856.000
970.911	11665.000
971.053	11875.000
971.194	11579.000
971.335	11985.000
971.476	11540.000
971.617	11884.000
971.759	11616.000
971.900	11876.000
972.041	11617.000
972.182	11949.000
972.323	11798.000
972.465	11991.000
972.606	11575.000
972.747	12016.000
972.888	11731.000
973.029	11984.000
973.171	11570.000
973.312	11779.000
973.453	11555.000
973.594	12040.000
973.735	11635.000
973.877	11838.000
974.018	11535.000
974.159	11831.000
974.300	11676.000
974.441	12018.000
974.582	11815.000
974.724	11876.000
974.865	11702.000
975.006	12028.000
