1249.954	17567.000
1250.101	17147.000
1250.248	17529.000
1250.395	17099.000
1250.542	17482.000
1250.689	17139.000
1250.836	17488.000
1250.983	17116.000
1251.130	17470.000
1251.278	17055.000
1251.425	17388.000
1251.572	17118.000
1251.719	17448.000
1251.866	16997.000
1252.013	17441.000
1252.160	17140.000
1252.307	17320.000
1252.454	17098.000
1252.601	17455.000
1252.748	17098.000
1252.895	17390.000
1253.042	16941.000
1253.188	17537.000
1253.335	17071.000
1253.482	17399.000
1253.629	16993.000
1253.776	17404.000
1253.923	16935.000
1254.070	17323.000
1254.217	16947.000
1254.364	17414.000
1254.510	16977.000
1254.657	17361.000
1254.804	16941.000
1254.951	17287.000
1255.098	16877.000
1255.244	17376.000
1255.391	16808.000
1255.538	17349.000
1255.685	16933.000
1255.831	17298.000
1255.978	16926.000
1256.125	17252.000
1256.271	16945.000
1256.418	17206.000
1256.565	16884.000
1256.711	17273.000
1256.858	16792.000
1257.005	17239.000
1257.151	16810.000
1257.298	17237.000
1257.445	16766.000
1257.591	17292.000
1257.738	16812.000
1257.884	17176.000
1258.031	16764.000
1258.177	17162.000
1258.324	16778.000
1258.470	17088.000
1258.617	16705.000
1258.763	17135.000
1258.910	16676.000
1259.056	17071.000
1259.203	16677.000
1259.349	17031.000
1259.496	16668.000
1259.642	17051.000
1259.789	16509.000
1259.935	16964.000
1260.082	16628.000
1260.228	16985.000
1260.374	16510.000
1260.521	17021.000
1260.667	16579.000
1260.813	16865.000
1260.960	16528.000
1261.106	16836.000
1261.252	16469.000
1261.399	16831.000
1261.545	16599.000
1261.691	16838.000
1261.837	16519.000
1261.984	16912.000
1262.130	16429.000
1262.276	16702.000
1262.422	16388.000
1262.569	16728.000
1262.715	16353.000
1262.861	16752.000
1263.007	16343.000
1263.153	16714.000
1263.300	16343.000
1263.446	16711.000
1263.592	16342.000
1263.738	16736.000
1263.884	16296.000
1264.030	16656.000
1264.176	16319.000
1264.322	16679.000
1264.468	16336.000
1264.614	16602.000
1264.761	16211.000
1264.907	16584.000
1265.053	16140.000
1265.199	16557.000
1265.345	16323.000
1265.491	16525.000
1265.637	16253.000
1265.783	16564.000
1265.928	16204.000
1266.074	16545.000
1266.220	16256.000
1266.366	16382.000
1266.512	16299.000
1266.658	16459.000
1266.804	16092.000
1266.950	16579.000
1267.096	16177.000
1267.242	16523.000
1267.387	16202.000
1267.533	16519.000
1267.679	16204.000
1267.825	16465.000
1267.971	16219.000
1268.117	16484.000
1268.262	16178.000
1268.408	16347.000
1268.554	16087.000
1268.700	16567.000
1268.845	16195.000
1268.991	16454.000
1269.137	16178.000
1269.282	16502.000
1269.428	16190.000
1269.574	16488.000
1269.719	16162.000
1269.865	16515.000
1270.011	16237.000
1270.156	16478.000
1270.302	16209.000
1270.448	16499.000
1270.593	16190.000
1270.739	16510.000
1270.884	16088.000
1271.030	16496.000
1271.176	16239.000
1271.321	16545.000
1271.467	16193.000
1271.612	16384.000
1271.758	16208.000
1271.903	16453.000
1272.049	16103.000
1272.194	16332.000
1272.340	16167.000
1272.485	16322.000
1272.630	16231.000
1272.776	16547.000
1272.921	16219.000
1273.067	16473.000
1273.212	16166.000
1273.358	16421.000
1273.503	16096.000
1273.648	16404.000
1273.794	16175.000
1273.939	16355.000
1274.084	16171.000
1274.230	16420.000
1274.375	16122.000
1274.520	16437.000
1274.666	16192.000
1274.811	16380.000
1274.956	16182.000
1275.101	16420.000
1275.247	16142.000
1275.392	16490.000
1275.537	16211.000
1275.682	16340.000
1275.827	16227.000
1275.973	16264.000
1276.118	16143.000
1276.263	16411.000
1276.408	16263.000
1276.553	16424.000
1276.698	16191.000
1276.844	16373.000
1276.989	16135.000
1277.134	16406.000
1277.279	16192.000
1277.424	16451.000
1277.569	16253.000
1277.714	16416.000
1277.859	16158.000
1278.004	16357.000
1278.149	16179.000
1278.294	16418.000
1278.439	16290.000
1278.584	16410.000
1278.729	16241.000
1278.874	16352.000
1279.019	16263.000
1279.164	16557.000
1279.309	16170.000
1279.454	16497.000
1279.599	16202.000
1279.744	16464.000
1279.888	16224.000
1280.033	16506.000
1280.178	16283.000
1280.323	16452.000
1280.468	16278.000
1280.613	16474.000
1280.758	16310.000
1280.902	16457.000
1281.047	16379.000
1281.192	16531.000
1281.337	16277.000
1281.481	16477.000
1281.626	16298.000
1281.771	16468.000
1281.916	16327.000
1282.060	16614.000
1282.205	16453.000
1282.350	16571.000
1282.495	16422.000
1282.639	16468.000
1282.784	16433.000
1282.929	16514.000
1283.073	16449.000
1283.218	16567.000
1283.362	16534.000
1283.507	16670.000
1283.652	16384.000
1283.796	16641.000
1283.941	16520.000
1284.085	16598.000
1284.230	16473.000
1284.374	16642.000
1284.519	16511.000
1284.663	16652.000
1284.808	16448.000
1284.952	16643.000
1285.097	16445.000
1285.241	16682.000
1285.386	16540.000
1285.530	16705.000
1285.675	16597.000
1285.819	16722.000
1285.964	16642.000
1286.108	16882.000
1286.252	16627.000
1286.397	16823.000
1286.541	16468.000
1286.686	16719.000
1286.830	16538.000
1286.974	16662.000
1287.119	16584.000
1287.263	16929.000
1287.407	16658.000
1287.552	16768.000
1287.696	16647.000
1287.840	16872.000
1287.984	16577.000
1288.129	16737.000
1288.273	16619.000
1288.417	16788.000
1288.561	16572.000
1288.705	16733.000
1288.850	16638.000
1288.994	16719.000
1289.138	16581.000
1289.282	16832.000
1289.426	16620.000
1289.570	16775.000
1289.715	16634.000
1289.859	16832.000
1290.003	16529.000
1290.147	16716.000
1290.291	16701.000
1290.435	16759.000
1290.579	16470.000
1290.723	16817.000
1290.867	16598.000
1291.011	16639.000
1291.155	16623.000
1291.299	16818.000
1291.443	16631.000
1291.587	16711.000
1291.731	16519.000
1291.875	16687.000
1292.019	16496.000
1292.163	16683.000
1292.307	16453.000
1292.451	16686.000
1292.595	16512.000
1292.739	16686.000
1292.883	16427.000
1293.027	16446.000
1293.170	16558.000
1293.314	16518.000
1293.458	16419.000
1293.602	16546.000
1293.746	16386.000
1293.890	16520.000
1294.033	16332.000
1294.177	16605.000
1294.321	16252.000
1294.465	16428.000
1294.608	16355.000
1294.752	16441.000
1294.896	16279.000
1295.040	16332.000
1295.183	16356.000
1295.327	16443.000
1295.471	16259.000
1295.614	16333.000
1295.758	16224.000
1295.902	16367.000
1296.045	16238.000
1296.189	16262.000
1296.332	16172.000
1296.476	16274.000
1296.620	15985.000
1296.763	16251.000
1296.907	16076.000
1297.050	16161.000
1297.194	16228.000
1297.337	16077.000
1297.481	15922.000
1297.625	16111.000
1297.768	16123.000
1297.912	16150.000
1298.055	15875.000
1298.198	15981.000
1298.342	16018.000
1298.485	15963.000
1298.629	15952.000
1298.772	16011.000
1298.916	15886.000
1299.059	15942.000
1299.202	15883.000
1299.346	16038.000
1299.489	15925.000
1299.633	15962.000
1299.776	15908.000
1299.919	15858.000
1300.063	15744.000
1300.206	15892.000
1300.349	15778.000
1300.492	15762.000
1300.636	15873.000
1300.779	15762.000
1300.922	15670.000
1301.066	15834.000
1301.209	15730.000
1301.352	15805.000
1301.495	15713.000
1301.638	15808.000
1301.782	15602.000
1301.925	15675.000
1302.068	15568.000
1302.211	15831.000
1302.354	15565.000
1302.497	15679.000
1302.641	15487.000
1302.784	15696.000
1302.927	15566.000
1303.070	15623.000
1303.213	15448.000
1303.356	15676.000
1303.499	15469.000
1303.642	15640.000
1303.785	15500.000
1303.928	15524.000
1304.071	15540.000
1304.214	15549.000
1304.357	15481.000
1304.500	15561.000
1304.643	15587.000
1304.786	15543.000
1304.929	15614.000
1305.072	15457.000
1305.215	15606.000
1305.358	15536.000
1305.501	15504.000
1305.644	15512.000
1305.786	15499.000
1305.929	15548.000
1306.072	15390.000
1306.215	15548.000
1306.358	15452.000
1306.501	15497.000
1306.644	15433.000
1306.786	15497.000
1306.929	15429.000
1307.072	15556.000
1307.215	15393.000
1307.357	15501.000
1307.500	15471.000
1307.643	15458.000
1307.786	15427.000
1307.928	14906.000
1308.071	15493.000
1308.214	15542.000
1308.356	15355.000
1308.499	15553.000
1308.642	15363.000
1308.784	15411.000
1308.927	15317.000
1309.070	15481.000
1309.212	15479.000
1309.355	15420.000
1309.497	15351.000
1309.640	15430.000
1309.783	15394.000
1309.925	15422.000
1310.068	15347.000
1310.210	15336.000
1310.353	15418.000
1310.495	15476.000
1310.638	15348.000
1310.780	15377.000
1310.923	15431.000
1311.065	15415.000
1311.208	15445.000
1311.350	15465.000
1311.493	15351.000
1311.635	15314.000
1311.777	15333.000
1311.920	15448.000
1312.062	15580.000
1312.205	15352.000
1312.347	15384.000
1312.489	15396.000
1312.632	15399.000
1312.774	15419.000
1312.916	15390.000
1313.059	15427.000
1313.201	15373.000
1313.343	15437.000
1313.485	15366.000
1313.628	15434.000
1313.770	15385.000
1313.912	15450.000
1314.054	15365.000
1314.197	15372.000
1314.339	15270.000
1314.481	15380.000
1314.623	15384.000
1314.765	15293.000
1314.908	15283.000
1315.050	15312.000
1315.192	15261.000
1315.334	15333.000
1315.476	15322.000
1315.618	15349.000
1315.760	15309.000
1315.902	15283.000
1316.045	15321.000
1316.187	15315.000
1316.329	15188.000
1316.471	15264.000
1316.613	15216.000
1316.755	15339.000
1316.897	15238.000
1317.039	15158.000
1317.181	15233.000
1317.323	15261.000
1317.465	15134.000
1317.607	15150.000
1317.749	15164.000
1317.890	15170.000
1318.032	15064.000
1318.174	15119.000
1318.316	15145.000
1318.458	15122.000
1318.600	15067.000
1318.742	15219.000
1318.884	15016.000
1319.026	15068.000
1319.167	14963.000
1319.309	15049.000
1319.451	15097.000
1319.593	15122.000
1319.735	14956.000
1319.876	15000.000
1320.018	14854.000
1320.160	15008.000
1320.302	14950.000
1320.443	15050.000
1320.585	14975.000
1320.727	14897.000
1320.868	14910.000
1321.010	14842.000
1321.152	14872.000
1321.294	14854.000
1321.435	14836.000
1321.577	14903.000
1321.718	14821.000
1321.860	14863.000
1322.002	14651.000
1322.143	14713.000
1322.285	14770.000
1322.426	14609.000
1322.568	14630.000
1322.710	14612.000
1322.851	14548.000
1322.993	14587.000
1323.134	14536.000
1323.276	14542.000
1323.417	14606.000
1323.559	14425.000
1323.700	14535.000
1323.842	14492.000
1323.983	14462.000
1324.124	14477.000
1324.266	14374.000
1324.407	14409.000
1324.549	14400.000
1324.690	14317.000
1324.832	14349.000
1324.973	14335.000
1325.114	14327.000
1325.256	14230.000
1325.397	14272.000
1325.538	14384.000
1325.680	14242.000
1325.821	14224.000
1325.962	14234.000
1326.103	14181.000
1326.245	14223.000
1326.386	14163.000
1326.527	14177.000
1326.669	14034.000
1326.810	14265.000
1326.951	14170.000
1327.092	14209.000
1327.233	14063.000
1327.375	14105.000
1327.516	14091.000
1327.657	14044.000
1327.798	14017.000
1327.939	14018.000
1328.080	13975.000
1328.221	14063.000
1328.363	14001.000
1328.504	13991.000
1328.645	13870.000
1328.786	13902.000
1328.927	13916.000
1329.068	13872.000
1329.209	13861.000
1329.350	13882.000
1329.491	13746.000
1329.632	13853.000
1329.773	13736.000
1329.914	13835.000
1330.055	13781.000
1330.196	13878.000
1330.337	13773.000
1330.478	13740.000
1330.619	13706.000
1330.760	13675.000
1330.901	13729.000
1331.041	13732.000
1331.182	13643.000
1331.323	13727.000
1331.464	13504.000
1331.605	13634.000
1331.746	13620.000
1331.887	13677.000
1332.027	13561.000
1332.168	13568.000
1332.309	13679.000
1332.450	13528.000
1332.591	13584.000
1332.731	13612.000
1332.872	13517.000
1333.013	13580.000
1333.154	13497.000
1333.294	13604.000
1333.435	13441.000
1333.576	13485.000
1333.716	13373.000
1333.857	13475.000
1333.998	13448.000
1334.138	13436.000
1334.279	13338.000
1334.420	13464.000
1334.560	13471.000
1334.701	13515.000
1334.841	13452.000
1334.982	13487.000
1335.123	13365.000
1335.263	13426.000
1335.404	13329.000
1335.544	13402.000
1335.685	13270.000
1335.825	13366.000
1335.966	13348.000
1336.106	13427.000
1336.247	13368.000
1336.387	13387.000
1336.528	13267.000
1336.668	13319.000
1336.809	13188.000
1336.949	13288.000
1337.089	13272.000
1337.230	13159.000
1337.370	13131.000
1337.511	13252.000
1337.651	13262.000
1337.791	13181.000
1337.932	13196.000
1338.072	13213.000
1338.212	13202.000
1338.353	13240.000
1338.493	13151.000
1338.633	13259.000
1338.773	13117.000
1338.914	13190.000
1339.054	13097.000
1339.194	13243.000
1339.335	13124.000
1339.475	13102.000
1339.615	13158.000
1339.755	13127.000
1339.895	13068.000
1340.036	13044.000
1340.176	13063.000
1340.316	13182.000
1340.456	13101.000
1340.596	13151.000
1340.736	13029.000
1340.876	13137.000
1341.016	13079.000
1341.157	13044.000
1341.297	12981.000
1341.437	13111.000
1341.577	12957.000
1341.717	13041.000
1341.857	13009.000
1341.997	13060.000
1342.137	13008.000
1342.277	12990.000
1342.417	12940.000
1342.557	13098.000
1342.697	13034.000
1342.837	12989.000
1342.977	12989.000
1343.117	13105.000
1343.257	12919.000
1343.397	12977.000
1343.536	13073.000
1343.676	13121.000
1343.816	13025.000
1343.956	12953.000
1344.096	12948.000
1344.236	12934.000
1344.376	12935.000
1344.515	13004.000
1344.655	12937.000
1344.795	12992.000
1344.935	12924.000
1345.075	12921.000
1345.214	12875.000
1345.354	13098.000
1345.494	12951.000
1345.634	13074.000
1345.773	12859.000
1345.913	13032.000
1346.053	12962.000
1346.192	13028.000
1346.332	12898.000
1346.472	13052.000
1346.611	12871.000
1346.751	12979.000
1346.891	12919.000
1347.030	13006.000
1347.170	12841.000
1347.310	12978.000
1347.449	12905.000
1347.589	12893.000
1347.728	12923.000
1347.868	12864.000
1348.007	12933.000
1348.147	12995.000
1348.286	12880.000
1348.426	12858.000
1348.565	12799.000
1348.705	12887.000
1348.844	12851.000
1348.984	12860.000
1349.123	12843.000
1349.263	12884.000
1349.402	12870.000
1349.542	12935.000
1349.681	12820.000
1349.821	12887.000
1349.960	12904.000
1350.099	12884.000
1350.239	12781.000
1350.378	12923.000
1350.517	12903.000
1350.657	12890.000
1350.796	12887.000
1350.935	12889.000
1351.075	12840.000
1351.214	12815.000
1351.353	12839.000
1351.492	12900.000
1351.632	12735.000
1351.771	12797.000
1351.910	12874.000
1352.049	12820.000
1352.189	12749.000
1352.328	12733.000
1352.467	12746.000
1352.606	12907.000
1352.745	12671.000
1352.885	12727.000
1353.024	12735.000
1353.163	12870.000
1353.302	13571.000
1353.441	12725.000
1353.580	12696.000
1353.719	12748.000
1353.858	12623.000
1353.997	12774.000
1354.136	12606.000
1354.275	12788.000
1354.414	12579.000
1354.554	12546.000
1354.693	12680.000
1354.832	12624.000
1354.970	12596.000
1355.109	12633.000
1355.248	12559.000
1355.387	12705.000
1355.526	12505.000
1355.665	12508.000
1355.804	12491.000
1355.943	12543.000
1356.082	12495.000
1356.221	12533.000
1356.360	12537.000
1356.499	12475.000
1356.637	12563.000
1356.776	12482.000
1356.915	12439.000
1357.054	12606.000
1357.193	12489.000
1357.332	12531.000
1357.470	12459.000
1357.609	12430.000
1357.748	12471.000
1357.887	12446.000
1358.025	12445.000
1358.164	12327.000
1358.303	12458.000
1358.442	12383.000
1358.580	12410.000
1358.719	12446.000
1358.858	12335.000
1358.996	12415.000
1359.135	12379.000
1359.274	12477.000
1359.412	12403.000
1359.551	12359.000
1359.689	12439.000
1359.828	12365.000
1359.967	12368.000
1360.105	12381.000
1360.244	12395.000
1360.382	12384.000
1360.521	12379.000
1360.659	12407.000
1360.798	12479.000
1360.936	12352.000
1361.075	12348.000
1361.213	12270.000
1361.352	12326.000
1361.490	12308.000
1361.629	12245.000
1361.767	12337.000
1361.906	12274.000
1362.044	12366.000
1362.183	12247.000
1362.321	12269.000
1362.459	12262.000
1362.598	12336.000
1362.736	12245.000
1362.874	12405.000
1363.013	12381.000
1363.151	12447.000
1363.289	12423.000
1363.428	12478.000
1363.566	12366.000
1363.704	12505.000
1363.843	12371.000
1363.981	12410.000
1364.119	12359.000
1364.257	12489.000
1364.396	12350.000
1364.534	12434.000
1364.672	12385.000
1364.810	12471.000
1364.948	12301.000
1365.087	12369.000
1365.225	12372.000
1365.363	12498.000
1365.501	12480.000
1365.639	12458.000
1365.777	12520.000
1365.915	12570.000
1366.053	12514.000
1366.192	12505.000
1366.330	12542.000
1366.468	12640.000
1366.606	12554.000
1366.744	12535.000
1366.882	12555.000
1367.020	12638.000
1367.158	12448.000
1367.296	12609.000
1367.434	12496.000
1367.572	12705.000
1367.710	12658.000
1367.848	12570.000
1367.986	12433.000
1368.124	12518.000
1368.261	12442.000
1368.399	12488.000
1368.537	12500.000
1368.675	12577.000
1368.813	12543.000
1368.951	12497.000
1369.089	12542.000
1369.227	12639.000
1369.364	12624.000
1369.502	12576.000
1369.640	12548.000
1369.778	12674.000
1369.916	12534.000
1370.053	12605.000
1370.191	12497.000
1370.329	12641.000
1370.467	12394.000
1370.604	12620.000
1370.742	12588.000
1370.880	12498.000
1371.017	12527.000
1371.155	12582.000
1371.293	12482.000
1371.430	12569.000
1371.568	12530.000
1371.706	12527.000
1371.843	12473.000
1371.981	12500.000
1372.119	12463.000
1372.256	12476.000
1372.394	12529.000
1372.531	12550.000
1372.669	12553.000
1372.806	12559.000
1372.944	12497.000
1373.082	12676.000
1373.219	12626.000
1373.357	12583.000
1373.494	12630.000
1373.632	12621.000
1373.769	12547.000
1373.906	12616.000
1374.044	10548.000
1374.181	12590.000
1374.319	12527.000
1374.456	12520.000
1374.594	12458.000
1374.731	12566.000
1374.868	12468.000
1375.006	12578.000
1375.143	12517.000
1375.280	12554.000
1375.418	12477.000
1375.555	12532.000
1375.692	12456.000
1375.830	12590.000
1375.967	12489.000
1376.104	12509.000
1376.242	12430.000
1376.379	12526.000
1376.516	12375.000
1376.653	12405.000
1376.791	12428.000
1376.928	12411.000
1377.065	12381.000
1377.202	12406.000
1377.339	12299.000
1377.477	12503.000
1377.614	12308.000
1377.751	12518.000
1377.888	12386.000
1378.025	12412.000
1378.162	12377.000
1378.299	12307.000
1378.436	12300.000
1378.574	12261.000
1378.711	12222.000
1378.848	12229.000
1378.985	12272.000
1379.122	12367.000
1379.259	12260.000
1379.396	12393.000
1379.533	12156.000
1379.670	12277.000
1379.807	12160.000
1379.944	12187.000
1380.081	12058.000
1380.218	12181.000
1380.355	12064.000
1380.491	12139.000
1380.628	11995.000
1380.765	12146.000
1380.902	12149.000
1381.039	12150.000
1381.176	12105.000
1381.313	12267.000
1381.450	12021.000
1381.586	12131.000
1381.723	12158.000
1381.860	12201.000
1381.997	12078.000
1382.134	12273.000
1382.271	18255.000
1382.407	12244.000
1382.544	12097.000
1382.681	12122.000
1382.818	12143.000
1382.954	12164.000
1383.091	11997.000
1383.228	12130.000
1383.364	12195.000
1383.501	12292.000
1383.638	12218.000
1383.774	12219.000
1383.911	12181.000
1384.048	12196.000
1384.184	12315.000
1384.321	12308.000
1384.457	12207.000
1384.594	12335.000
1384.731	12155.000
1384.867	12280.000
1385.004	12286.000
1385.140	12322.000
1385.277	12228.000
1385.413	12320.000
1385.550	12267.000
1385.686	12295.000
1385.823	12243.000
1385.959	12234.000
1386.096	12259.000
1386.232	12365.000
1386.369	12217.000
1386.505	12288.000
1386.642	12245.000
1386.778	12432.000
1386.914	12247.000
1387.051	12333.000
1387.187	12157.000
1387.324	12289.000
1387.460	12041.000
1387.596	12276.000
1387.733	12149.000
1387.869	12270.000
1388.005	12091.000
1388.142	12287.000
1388.278	12207.000
1388.414	12275.000
1388.550	12194.000
1388.687	12334.000
1388.823	12146.000
1388.959	12388.000
1389.095	12309.000
1389.232	12233.000
1389.368	12228.000
1389.504	12343.000
1389.640	12265.000
1389.776	12280.000
1389.912	12266.000
1390.049	12321.000
1390.185	12323.000
1390.321	12284.000
1390.457	12326.000
1390.593	12357.000
1390.729	12320.000
1390.865	12368.000
1391.001	12280.000
1391.137	12409.000
1391.273	12210.000
1391.409	12327.000
1391.545	12343.000
1391.681	12440.000
1391.817	12321.000
1391.953	12264.000
1392.089	12314.000
1392.225	12449.000
1392.361	12314.000
1392.497	12410.000
1392.633	12323.000
1392.769	12462.000
1392.905	12335.000
1393.041	12362.000
1393.177	12391.000
1393.313	12504.000
1393.449	12392.000
1393.584	12311.000
1393.720	12418.000
1393.856	12523.000
1393.992	12427.000
1394.128	12379.000
1394.264	12456.000
1394.399	12393.000
1394.535	12458.000
1394.671	12507.000
