1529.702	13071.000
1529.853	12964.000
1530.004	13061.000
1530.155	12981.000
1530.306	13000.000
1530.456	12953.000
1530.607	12937.000
1530.758	12872.000
1530.909	12863.000
1531.059	12828.000
1531.210	12832.000
1531.360	12862.000
1531.511	12880.000
1531.662	12739.000
1531.812	12877.000
1531.963	12908.000
1532.113	12776.000
1532.264	12841.000
1532.415	12894.000
1532.565	12862.000
1532.716	12859.000
1532.866	12712.000
1533.016	13018.000
1533.167	12826.000
1533.317	12882.000
1533.468	12795.000
1533.618	12940.000
1533.768	12732.000
1533.919	12835.000
1534.069	12740.000
1534.219	12900.000
1534.370	12806.000
1534.520	12884.000
1534.670	12736.000
1534.821	12817.000
1534.971	12732.000
1535.121	12916.000
1535.271	12664.000
1535.421	12894.000
1535.571	12755.000
1535.722	12854.000
1535.872	12780.000
1536.022	12830.000
1536.172	12796.000
1536.322	12753.000
1536.472	12730.000
1536.622	12884.000
1536.772	12666.000
1536.922	12822.000
1537.072	12703.000
1537.222	12840.000
1537.372	12631.000
1537.522	12889.000
1537.672	12724.000
1537.822	12781.000
1537.972	12682.000
1538.122	12763.000
1538.271	12726.000
1538.421	12727.000
1538.571	12593.000
1538.721	12801.000
1538.871	12603.000
1539.020	12704.000
1539.170	12618.000
1539.320	12671.000
1539.470	12594.000
1539.619	12676.000
1539.769	12534.000
1539.919	12658.000
1540.068	12565.000
1540.218	12621.000
1540.367	12493.000
1540.517	12672.000
1540.667	12561.000
1540.816	12568.000
1540.966	12521.000
1541.115	12505.000
1541.265	12489.000
1541.414	12537.000
1541.564	12573.000
1541.713	12526.000
1541.863	12533.000
1542.012	12598.000
1542.161	12427.000
1542.311	12416.000
1542.460	12409.000
1542.609	12465.000
1542.759	12380.000
1542.908	12489.000
1543.057	12383.000
1543.207	12473.000
1543.356	12388.000
1543.505	12500.000
1543.654	12388.000
1543.804	12546.000
1543.953	12367.000
1544.102	12432.000
1544.251	12380.000
1544.400	12499.000
1544.549	12380.000
1544.698	12444.000
1544.848	12285.000
1544.997	12389.000
1545.146	12211.000
1545.295	12409.000
1545.444	12408.000
1545.593	12373.000
1545.742	12329.000
1545.891	12370.000
1546.040	12285.000
1546.189	12388.000
1546.337	12323.000
1546.486	12277.000
1546.635	12398.000
1546.784	12301.000
1546.933	12173.000
1547.082	12416.000
1547.231	12269.000
1547.379	12388.000
1547.528	12277.000
1547.677	12347.000
1547.826	12293.000
1547.974	12327.000
1548.123	12336.000
1548.272	12283.000
1548.420	12332.000
1548.569	12161.000
1548.718	12205.000
1548.866	12446.000
1549.015	12324.000
1549.163	12350.000
1549.312	12280.000
1549.461	12397.000
1549.609	12294.000
1549.758	12345.000
1549.906	12253.000
1550.055	12373.000
1550.203	12372.000
1550.352	12374.000
1550.500	12279.000
1550.648	12356.000
1550.797	12334.000
1550.945	12379.000
1551.093	12186.000
1551.242	12337.000
1551.390	12341.000
1551.538	12396.000
1551.687	12257.000
1551.835	12279.000
1551.983	12291.000
1552.131	12345.000
1552.280	12199.000
1552.428	12216.000
1552.576	12256.000
1552.724	12206.000
1552.872	12324.000
1553.021	12313.000
1553.169	12302.000
1553.317	12335.000
1553.465	12232.000
1553.613	12280.000
1553.761	12159.000
1553.909	12229.000
1554.057	12263.000
1554.205	12219.000
1554.353	12200.000
1554.501	12264.000
1554.649	12192.000
1554.797	12266.000
1554.945	12255.000
1555.093	12166.000
1555.240	12230.000
1555.388	12210.000
1555.536	12156.000
1555.684	12287.000
1555.832	12234.000
1555.980	12187.000
1556.127	12188.000
1556.275	12029.000
1556.423	12083.000
1556.571	12172.000
1556.718	12236.000
1556.866	12208.000
1557.014	12138.000
1557.161	12059.000
1557.309	12075.000
1557.456	12108.000
1557.604	12105.000
1557.752	12187.000
1557.899	12198.000
1558.047	12121.000
1558.194	12069.000
1558.342	12039.000
1558.489	12055.000
1558.637	12096.000
1558.784	12144.000
1558.932	12049.000
1559.079	12087.000
1559.227	11977.000
1559.374	12123.000
1559.521	12172.000
1559.669	12016.000
1559.816	12134.000
1559.963	11999.000
1560.111	12006.000
1560.258	12017.000
1560.405	12069.000
1560.552	12122.000
1560.700	12019.000
1560.847	12065.000
1560.994	12032.000
1561.141	12031.000
1561.288	11924.000
1561.436	12110.000
1561.583	12038.000
1561.730	11980.000
1561.877	12001.000
1562.024	11998.000
1562.171	11915.000
1562.318	12047.000
1562.465	12060.000
1562.612	12125.000
1562.759	12069.000
1562.906	12088.000
1563.053	11885.000
1563.200	12087.000
1563.347	11965.000
1563.494	12060.000
1563.641	11993.000
1563.788	12131.000
1563.934	12073.000
1564.081	12031.000
1564.228	12055.000
1564.375	12076.000
1564.522	11987.000
1564.668	12070.000
1564.815	11994.000
1564.962	12062.000
1565.109	11981.000
1565.255	11997.000
1565.402	12004.000
1565.549	11985.000
1565.695	12020.000
1565.842	12040.000
1565.988	11969.000
1566.135	12148.000
1566.282	12003.000
1566.428	12084.000
1566.575	12201.000
1566.721	12116.000
1566.868	12131.000
1567.014	11992.000
1567.161	12016.000
1567.307	12028.000
1567.454	11989.000
1567.600	12063.000
1567.746	12217.000
1567.893	12131.000
1568.039	12050.000
1568.186	12128.000
1568.332	12168.000
1568.478	12020.000
1568.625	12045.000
1568.771	12094.000
1568.917	12058.000
1569.063	12106.000
1569.210	12059.000
1569.356	12149.000
1569.502	12045.000
1569.648	12060.000
1569.794	12091.000
1569.940	12134.000
1570.087	12043.000
1570.233	12142.000
1570.379	12168.000
1570.525	12033.000
1570.671	12070.000
1570.817	12232.000
1570.963	12151.000
1571.109	12023.000
1571.255	12149.000
1571.401	12156.000
1571.547	12013.000
1571.693	12145.000
1571.839	12201.000
1571.985	12173.000
1572.130	12166.000
1572.276	12097.000
1572.422	12134.000
1572.568	12082.000
1572.714	12085.000
1572.860	12071.000
1573.005	12128.000
1573.151	12149.000
1573.297	12128.000
1573.443	12077.000
1573.588	11969.000
1573.734	12177.000
1573.880	12057.000
1574.025	12051.000
1574.171	12043.000
1574.317	12087.000
1574.462	12022.000
1574.608	12054.000
1574.753	12171.000
1574.899	11991.000
1575.045	12050.000
1575.190	12114.000
1575.336	12055.000
1575.481	12078.000
1575.626	11978.000
1575.772	12146.000
1575.917	12178.000
1576.063	12042.000
1576.208	11999.000
1576.354	12095.000
1576.499	12055.000
1576.644	12121.000
1576.790	11963.000
1576.935	12100.000
1577.080	12008.000
1577.225	11931.000
1577.371	12044.000
1577.516	12026.000
1577.661	11986.000
1577.806	12193.000
1577.952	11981.000
1578.097	11906.000
1578.242	11976.000
1578.387	12175.000
1578.532	12027.000
1578.677	11964.000
1578.822	11887.000
1578.967	12142.000
1579.113	11940.000
1579.258	12052.000
1579.403	11970.000
1579.548	12044.000
1579.693	11968.000
1579.838	11986.000
1579.982	12066.000
1580.127	12108.000
1580.272	12016.000
1580.417	12089.000
1580.562	11914.000
1580.707	11981.000
1580.852	12040.000
1580.997	12019.000
1581.141	11887.000
1581.286	12114.000
1581.431	11906.000
1581.576	11914.000
1581.720	11953.000
1581.865	12044.000
1582.010	11993.000
1582.155	12008.000
1582.299	11990.000
1582.444	11904.000
1582.589	11889.000
1582.733	11966.000
1582.878	12047.000
1583.022	11917.000
1583.167	11894.000
1583.311	11898.000
1583.456	11918.000
1583.601	11984.000
1583.745	11930.000
1583.890	11907.000
1584.034	11933.000
1584.178	11997.000
1584.323	11928.000
1584.467	11931.000
1584.612	11887.000
1584.756	11975.000
1584.900	11865.000
1585.045	11945.000
1585.189	11900.000
1585.333	12065.000
1585.478	11891.000
1585.622	12085.000
1585.766	11809.000
1585.910	12076.000
1586.055	11892.000
1586.199	12004.000
1586.343	11872.000
1586.487	11999.000
1586.631	11949.000
1586.775	11906.000
1586.920	11915.000
1587.064	11991.000
1587.208	11879.000
1587.352	11917.000
1587.496	11921.000
1587.640	11983.000
1587.784	11965.000
1587.928	11990.000
1588.072	11921.000
1588.216	11980.000
1588.360	11848.000
1588.504	11975.000
1588.648	11354.000
1588.792	12017.000
1588.935	11985.000
1589.079	11974.000
1589.223	11990.000
1589.367	11922.000
1589.511	11835.000
1589.655	11847.000
1589.798	11945.000
1589.942	12068.000
1590.086	11875.000
1590.230	11912.000
1590.373	11845.000
1590.517	11988.000
1590.661	11886.000
1590.804	11889.000
1590.948	11866.000
1591.091	11976.000
1591.235	11907.000
1591.379	11949.000
1591.522	11847.000
1591.666	11983.000
1591.809	11898.000
1591.953	11981.000
1592.096	11907.000
1592.240	11917.000
1592.383	11774.000
1592.527	11893.000
1592.670	11914.000
1592.814	12115.000
1592.957	11829.000
1593.100	11957.000
1593.244	11900.000
1593.387	11978.000
1593.530	11916.000
1593.674	12001.000
1593.817	11872.000
1593.960	11971.000
1594.103	11919.000
1594.247	11982.000
1594.390	11908.000
1594.533	11968.000
1594.676	11938.000
1594.819	11967.000
1594.963	11853.000
1595.106	11890.000
1595.249	11834.000
1595.392	11972.000
1595.535	11835.000
1595.678	11876.000
1595.821	11829.000
1595.964	11897.000
1596.107	11848.000
1596.250	11950.000
1596.393	11901.000
1596.536	12010.000
1596.679	11880.000
1596.822	11988.000
1596.965	11909.000
1597.108	11908.000
1597.251	11830.000
1597.393	11908.000
1597.536	11924.000
1597.679	11977.000
1597.822	11782.000
1597.965	11979.000
1598.107	11925.000
1598.250	11892.000
1598.393	11838.000
1598.536	11921.000
1598.678	11827.000
1598.821	11852.000
1598.964	11812.000
1599.106	11929.000
1599.249	11799.000
1599.392	11898.000
1599.534	11916.000
1599.677	11844.000
1599.819	11884.000
1599.962	11777.000
1600.104	11796.000
1600.247	11957.000
1600.389	11931.000
1600.532	11877.000
1600.674	11832.000
1600.817	11810.000
1600.959	11840.000
1601.102	11872.000
1601.244	11923.000
1601.386	11961.000
1601.529	11834.000
1601.671	11893.000
1601.813	11845.000
1601.956	11895.000
1602.098	11824.000
1602.240	11905.000
1602.382	11867.000
1602.525	11939.000
1602.667	11865.000
1602.809	11732.000
1602.951	11759.000
1603.093	11939.000
1603.236	11725.000
1603.378	11812.000
1603.520	11751.000
1603.662	11774.000
1603.804	11737.000
1603.946	11786.000
1604.088	11777.000
1604.230	11897.000
1604.372	11677.000
1604.514	11864.000
1604.656	11743.000
1604.798	11840.000
1604.940	11751.000
1605.082	11807.000
1605.224	11718.000
1605.366	11820.000
1605.507	11692.000
1605.649	11764.000
1605.791	11712.000
1605.933	11805.000
1606.075	11681.000
1606.217	11783.000
1606.358	11885.000
1606.500	11787.000
1606.642	11768.000
1606.783	11795.000
1606.925	11714.000
1607.067	11836.000
1607.209	11695.000
1607.350	11787.000
1607.492	11595.000
1607.633	11949.000
1607.775	11795.000
1607.917	11915.000
1608.058	11676.000
1608.200	11852.000
1608.341	11767.000
1608.483	11788.000
1608.624	11715.000
1608.766	11779.000
1608.907	11722.000
1609.049	11809.000
1609.190	11752.000
1609.331	11806.000
1609.473	11658.000
1609.614	11765.000
1609.755	11716.000
1609.897	11772.000
1610.038	11728.000
1610.179	11783.000
1610.321	11634.000
1610.462	11784.000
1610.603	11624.000
1610.744	11791.000
1610.886	11723.000
1611.027	11851.000
1611.168	11714.000
1611.309	11770.000
1611.450	11682.000
1611.591	11626.000
1611.732	11695.000
1611.874	11777.000
1612.015	11645.000
1612.156	11805.000
1612.297	11497.000
1612.438	11743.000
1612.579	11708.000
1612.720	11737.000
1612.861	11619.000
1613.002	11728.000
1613.143	11757.000
1613.283	11668.000
1613.424	11640.000
1613.565	11734.000
1613.706	11632.000
1613.847	11742.000
1613.988	11536.000
1614.129	11762.000
1614.269	11551.000
1614.410	11676.000
1614.551	11529.000
1614.692	11707.000
1614.832	11602.000
1614.973	11628.000
1615.114	11508.000
1615.254	11666.000
1615.395	11688.000
1615.536	11732.000
1615.676	11599.000
1615.817	11699.000
1615.958	11585.000
1616.098	11699.000
1616.239	11497.000
1616.379	11628.000
1616.520	11471.000
1616.660	11630.000
1616.801	11594.000
1616.941	11705.000
1617.082	11598.000
1617.222	11673.000
1617.362	11513.000
1617.503	11591.000
1617.643	11442.000
1617.784	11600.000
1617.924	11501.000
1618.064	11478.000
1618.205	11330.000
1618.345	11523.000
1618.485	11507.000
1618.625	11486.000
1618.766	11461.000
1618.906	11525.000
1619.046	11486.000
1619.186	11539.000
1619.326	11430.000
1619.467	11589.000
1619.607	11451.000
1619.747	11530.000
1619.887	11395.000
1620.027	11602.000
1620.167	11411.000
1620.307	11437.000
1620.447	11426.000
1620.587	11474.000
1620.727	11386.000
1620.867	11397.000
1621.007	11390.000
1621.147	11559.000
1621.287	11419.000
1621.427	11478.000
1621.567	11385.000
1621.707	11541.000
1621.847	11405.000
1621.986	11364.000
1622.126	11343.000
1622.266	11495.000
1622.406	11287.000
1622.546	11413.000
1622.685	11335.000
1622.825	11451.000
1622.965	11384.000
1623.105	11355.000
1623.244	11285.000
1623.384	11464.000
1623.524	11384.000
1623.663	11411.000
1623.803	11400.000
1623.942	11486.000
1624.082	11309.000
1624.222	11377.000
1624.361	11445.000
1624.501	11547.000
1624.640	11383.000
1624.780	11374.000
1624.919	11369.000
1625.059	11363.000
1625.198	11314.000
1625.337	11423.000
1625.477	11344.000
1625.616	11424.000
1625.756	11325.000
1625.895	11409.000
1626.034	11322.000
1626.174	11561.000
1626.313	11373.000
1626.452	11511.000
1626.591	11327.000
1626.731	11511.000
1626.870	11394.000
1627.009	11511.000
1627.148	11355.000
1627.288	11547.000
1627.427	11335.000
1627.566	11457.000
1627.705	11342.000
1627.844	11518.000
1627.983	11345.000
1628.122	11500.000
1628.261	11404.000
1628.400	11440.000
1628.539	11473.000
1628.678	11400.000
1628.817	11436.000
1628.956	11556.000
1629.095	11426.000
1629.234	11448.000
1629.373	11341.000
1629.512	11483.000
1629.651	11402.000
1629.790	11400.000
1629.929	11406.000
1630.068	11487.000
1630.206	11399.000
1630.345	11538.000
1630.484	11411.000
1630.623	11452.000
1630.762	11501.000
1630.900	11500.000
1631.039	11395.000
1631.178	11575.000
1631.316	11510.000
1631.455	11550.000
1631.594	11515.000
1631.732	11565.000
1631.871	11505.000
1632.010	11511.000
1632.148	11508.000
1632.287	11550.000
1632.425	11411.000
1632.564	11516.000
1632.702	11552.000
1632.841	11552.000
1632.979	11429.000
1633.118	11475.000
1633.256	11460.000
1633.395	11638.000
1633.533	11457.000
1633.671	11520.000
1633.810	11478.000
1633.948	11641.000
1634.086	12344.000
1634.225	11538.000
1634.363	11464.000
1634.501	11555.000
1634.640	11399.000
1634.778	11614.000
1634.916	11403.000
1635.054	11624.000
1635.192	11468.000
1635.331	11396.000
1635.469	11504.000
1635.607	11535.000
1635.745	11498.000
1635.883	11524.000
1636.021	11452.000
1636.159	11621.000
1636.297	11447.000
1636.435	11449.000
1636.573	11444.000
1636.711	11519.000
1636.849	11420.000
1636.987	11524.000
1637.125	11421.000
1637.263	11431.000
1637.401	11512.000
1637.539	11445.000
1637.677	11385.000
1637.815	11614.000
1637.953	11412.000
1638.091	11439.000
1638.228	11379.000
1638.366	11402.000
1638.504	11436.000
1638.642	11436.000
1638.779	11382.000
1638.917	11318.000
1639.055	11414.000
1639.193	11369.000
1639.330	11406.000
1639.468	11451.000
1639.606	11352.000
1639.743	11432.000
1639.881	11382.000
1640.018	11526.000
1640.156	11453.000
1640.294	11417.000
1640.431	11440.000
1640.569	11436.000
1640.706	11428.000
1640.844	11459.000
1640.981	11416.000
1641.119	11403.000
1641.256	11443.000
1641.393	11433.000
1641.531	11512.000
1641.668	11411.000
1641.806	11422.000
1641.943	11401.000
1642.080	11445.000
1642.218	11489.000
1642.355	11391.000
1642.492	11448.000
1642.629	11439.000
1642.767	11517.000
1642.904	11439.000
1643.041	11462.000
1643.178	11446.000
1643.315	11474.000
1643.453	11357.000
1643.590	11535.000
1643.727	11484.000
1643.864	11604.000
1644.001	11529.000
1644.138	11576.000
1644.275	11473.000
1644.412	11592.000
1644.549	11467.000
1644.686	11531.000
1644.823	11432.000
1644.960	11649.000
1645.097	11477.000
1645.234	11610.000
1645.371	11480.000
1645.508	11584.000
1645.645	11452.000
1645.782	11591.000
1645.918	11533.000
1646.055	11658.000
1646.192	11583.000
1646.329	11587.000
1646.466	11627.000
1646.602	11707.000
1646.739	11639.000
1646.876	11603.000
1647.013	11653.000
1647.149	11726.000
1647.286	11595.000
1647.423	11616.000
1647.559	11616.000
1647.696	11762.000
1647.833	11509.000
1647.969	11710.000
1648.106	11580.000
1648.242	11818.000
1648.379	11752.000
1648.515	11670.000
1648.652	11584.000
1648.788	11703.000
1648.925	11605.000
1649.061	11703.000
1649.198	11643.000
1649.334	11721.000
1649.470	11640.000
1649.607	11637.000
1649.743	11628.000
1649.879	11731.000
1650.016	11677.000
1650.152	11660.000
1650.288	11620.000
1650.425	11791.000
1650.561	11601.000
1650.697	11658.000
1650.833	11579.000
1650.970	11703.000
1651.106	11487.000
1651.242	11701.000
1651.378	11676.000
1651.514	11601.000
1651.650	11658.000
1651.787	11687.000
1651.923	11603.000
1652.059	11707.000
1652.195	11626.000
1652.331	11636.000
1652.467	11580.000
1652.603	11647.000
1652.739	11591.000
1652.875	11574.000
1653.011	11601.000
1653.147	11615.000
1653.282	11614.000
1653.418	11649.000
1653.554	11568.000
1653.690	11706.000
1653.826	11675.000
1653.962	11636.000
1654.098	11680.000
1654.233	11704.000
1654.369	11595.000
1654.505	11647.000
1654.641	9629.000
1654.776	11669.000
1654.912	11592.000
1655.048	11586.000
1655.183	11549.000
1655.319	11650.000
1655.455	11550.000
1655.590	11651.000
1655.726	11587.000
1655.862	11662.000
1655.997	11581.000
1656.133	11647.000
1656.268	11534.000
1656.404	11711.000
1656.539	11595.000
1656.675	11628.000
1656.810	11509.000
1656.946	11630.000
1657.081	11478.000
1657.216	11518.000
1657.352	11565.000
1657.487	11538.000
1657.623	11485.000
1657.758	11545.000
1657.893	11441.000
1658.029	11646.000
1658.164	11436.000
1658.299	11638.000
1658.434	11519.000
1658.570	11553.000
1658.705	11553.000
1658.840	11475.000
1658.975	11443.000
1659.110	11456.000
1659.245	11365.000
1659.381	11387.000
1659.516	11418.000
1659.651	11530.000
1659.786	11400.000
1659.921	11533.000
1660.056	11358.000
1660.191	11449.000
1660.326	11361.000
1660.461	11371.000
1660.596	11286.000
1660.731	11424.000
1660.866	11314.000
1661.001	11396.000
1661.136	11320.000
1661.271	11417.000
1661.406	11395.000
1661.540	11398.000
1661.675	11396.000
1661.810	11512.000
1661.945	11322.000
1662.080	11365.000
1662.214	11361.000
1662.349	11471.000
1662.484	11333.000
1662.619	11571.000
1662.753	17497.000
1662.888	11568.000
1663.023	11379.000
1663.157	11468.000
1663.292	11448.000
1663.427	11487.000
1663.561	11337.000
1663.696	11485.000
1663.830	11526.000
1663.965	11638.000
1664.099	11549.000
1664.234	11511.000
1664.368	11477.000
1664.503	11549.000
1664.637	11588.000
1664.772	11623.000
1664.906	11546.000
1665.041	11600.000
1665.175	11453.000
1665.309	11567.000
1665.444	11555.000
1665.578	11647.000
1665.712	11590.000
1665.847	11640.000
1665.981	11603.000
1666.115	11609.000
1666.249	11539.000
1666.384	11491.000
1666.518	11528.000
1666.652	11654.000
1666.786	11545.000
1666.920	11616.000
1667.055	11502.000
1667.189	11714.000
1667.323	11554.000
1667.457	11652.000
1667.591	11493.000
1667.725	11588.000
1667.859	11374.000
1667.993	11620.000
1668.127	11488.000
1668.261	11634.000
1668.395	11431.000
1668.529	11652.000
1668.663	11519.000
1668.797	11611.000
1668.931	11503.000
1669.065	11628.000
1669.199	11436.000
1669.332	11688.000
1669.466	11599.000
1669.600	11536.000
1669.734	11529.000
1669.868	11663.000
1670.001	11585.000
1670.135	11597.000
1670.269	11570.000
1670.403	11639.000
1670.536	11614.000
1670.670	11599.000
1670.804	11653.000
1670.937	11676.000
1671.071	11595.000
1671.205	11701.000
1671.338	11568.000
1671.472	11696.000
1671.605	11518.000
1671.739	11646.000
1671.872	11675.000
1672.006	11808.000
1672.139	11629.000
1672.273	11650.000
1672.406	11678.000
1672.540	11771.000
1672.673	11653.000
1672.807	11777.000
1672.940	11664.000
1673.073	11830.000
1673.207	11640.000
1673.340	11697.000
1673.473	11707.000
1673.607	11793.000
1673.740	11649.000
1673.873	11635.000
1674.006	11676.000
1674.140	11875.000
1674.273	11732.000
1674.406	11685.000
1674.539	11756.000
1674.672	11687.000
1674.805	11796.000
1674.939	11819.000
