829.593	12976.000
829.736	12851.000
829.879	12982.000
830.022	12901.000
830.166	12903.000
830.309	12919.000
830.452	12968.000
830.595	12866.000
830.738	12929.000
830.881	12828.000
831.024	12877.000
831.167	12865.000
831.310	12940.000
831.453	12753.000
831.597	12959.000
831.740	12930.000
831.883	12840.000
832.026	12886.000
832.169	12953.000
832.312	12882.000
832.455	12875.000
832.598	12771.000
832.741	13039.000
832.884	12854.000
833.027	12931.000
833.170	12789.000
833.314	12978.000
833.457	12772.000
833.600	12868.000
833.743	12772.000
833.886	12949.000
834.029	12839.000
834.172	12940.000
834.315	12812.000
834.458	12879.000
834.601	12774.000
834.744	12958.000
834.887	12689.000
835.030	12951.000
835.173	12790.000
835.316	12895.000
835.459	12823.000
835.602	12855.000
835.745	12823.000
835.889	12814.000
836.032	12769.000
836.175	12918.000
836.318	12699.000
836.461	12906.000
836.604	12725.000
836.747	12862.000
836.890	12693.000
837.033	12940.000
837.176	12811.000
837.319	12887.000
837.462	12725.000
837.605	12837.000
837.748	12759.000
837.891	12766.000
838.034	12610.000
838.177	12829.000
838.320	12652.000
838.463	12770.000
838.606	12654.000
838.749	12739.000
838.892	12694.000
839.035	12786.000
839.178	12567.000
839.321	12717.000
839.464	12656.000
839.607	12756.000
839.750	12564.000
839.893	12727.000
840.036	12662.000
840.179	12668.000
840.322	12561.000
840.465	12622.000
840.608	12519.000
840.751	12640.000
840.894	12638.000
841.037	12647.000
841.180	12569.000
841.323	12675.000
841.465	12497.000
841.608	12521.000
841.751	12460.000
841.894	12543.000
842.037	12439.000
842.180	12583.000
842.323	12487.000
842.466	12557.000
842.609	12480.000
842.752	12585.000
842.895	12432.000
843.038	12619.000
843.181	12406.000
843.324	12510.000
843.467	12443.000
843.610	12623.000
843.753	12452.000
843.896	12505.000
844.039	12359.000
844.181	12507.000
844.324	12288.000
844.467	12450.000
844.610	12486.000
844.753	12463.000
844.896	12387.000
845.039	12481.000
845.182	12348.000
845.325	12493.000
845.468	12430.000
845.611	12393.000
845.753	12520.000
845.896	12430.000
846.039	12302.000
846.182	12554.000
846.325	12367.000
846.468	12517.000
846.611	12331.000
846.754	12456.000
846.897	12370.000
847.040	12463.000
847.182	12424.000
847.325	12448.000
847.468	12404.000
847.611	12346.000
847.754	12334.000
847.897	12560.000
848.040	12381.000
848.183	12478.000
848.325	12413.000
848.468	12528.000
848.611	12395.000
848.754	12472.000
848.897	12368.000
849.040	12466.000
849.183	12469.000
849.326	12514.000
849.468	12424.000
849.611	12504.000
849.754	12429.000
849.897	12519.000
850.040	12302.000
850.183	12469.000
850.325	12433.000
850.468	12509.000
850.611	12422.000
850.754	12441.000
850.897	12430.000
851.040	12482.000
851.183	12337.000
851.325	12356.000
851.468	12435.000
851.611	12388.000
851.754	12449.000
851.897	12508.000
852.039	12416.000
852.182	12441.000
852.325	12362.000
852.468	12437.000
852.611	12269.000
852.754	12377.000
852.896	12398.000
853.039	12350.000
853.182	12304.000
853.325	12449.000
853.468	12304.000
853.610	12419.000
853.753	12371.000
853.896	12336.000
854.039	12333.000
854.182	12354.000
854.324	12278.000
854.467	12459.000
854.610	12354.000
854.753	12303.000
854.895	12309.000
855.038	12214.000
855.181	12195.000
855.324	12280.000
855.467	12344.000
855.609	12342.000
855.752	12293.000
855.895	12226.000
856.038	12189.000
856.180	12279.000
856.323	12211.000
856.466	12324.000
856.609	12278.000
856.752	12264.000
856.894	12173.000
857.037	12190.000
857.180	12202.000
857.323	12248.000
857.465	12253.000
857.608	12237.000
857.751	12206.000
857.894	12132.000
858.036	12248.000
858.179	12332.000
858.322	12161.000
858.464	12271.000
858.607	12134.000
858.750	12151.000
858.893	12123.000
859.035	12209.000
859.178	12241.000
859.321	12181.000
859.464	12188.000
859.606	12185.000
859.749	12204.000
859.892	12100.000
860.034	12244.000
860.177	12172.000
860.320	12096.000
860.463	12108.000
860.605	12132.000
860.748	12114.000
860.891	12162.000
861.033	12220.000
861.176	12247.000
861.319	12134.000
861.461	12203.000
861.604	12047.000
861.747	12204.000
861.890	12084.000
862.032	12173.000
862.175	12143.000
862.318	12272.000
862.460	12207.000
862.603	12128.000
862.746	12196.000
862.888	12211.000
863.031	12095.000
863.174	12183.000
863.316	12178.000
863.459	12205.000
863.602	12135.000
863.744	12099.000
863.887	12132.000
864.030	12110.000
864.172	12173.000
864.315	12207.000
864.458	12144.000
864.600	12241.000
864.743	12179.000
864.886	12233.000
865.028	12325.000
865.171	12226.000
865.314	12254.000
865.456	12122.000
865.599	12126.000
865.741	12149.000
865.884	12130.000
866.027	12176.000
866.169	12382.000
866.312	12246.000
866.455	12157.000
866.597	12231.000
866.740	12298.000
866.882	12153.000
867.025	12164.000
867.168	12210.000
867.310	12179.000
867.453	12189.000
867.596	12173.000
867.738	12194.000
867.881	12154.000
868.023	12193.000
868.166	12245.000
868.309	12206.000
868.451	12220.000
868.594	12259.000
868.736	12275.000
868.879	12166.000
869.022	12176.000
869.164	12337.000
869.307	12287.000
869.449	12141.000
869.592	12298.000
869.735	12245.000
869.877	12154.000
870.020	12301.000
870.162	12366.000
870.305	12302.000
870.447	12278.000
870.590	12198.000
870.733	12205.000
870.875	12194.000
871.018	12215.000
871.160	12179.000
871.303	12250.000
871.445	12235.000
871.588	12232.000
871.731	12175.000
871.873	12052.000
872.016	12305.000
872.158	12159.000
872.301	12150.000
872.443	12171.000
872.586	12258.000
872.728	12184.000
872.871	12160.000
873.013	12294.000
873.156	12122.000
873.299	12169.000
873.441	12210.000
873.584	12197.000
873.726	12193.000
873.869	12150.000
874.011	12303.000
874.154	12287.000
874.296	12187.000
874.439	12186.000
874.581	12192.000
874.724	12227.000
874.866	12272.000
875.009	12116.000
875.151	12213.000
875.294	12171.000
875.436	12048.000
875.579	12176.000
875.721	12156.000
875.864	12139.000
876.006	12325.000
876.149	12091.000
876.291	12040.000
876.434	12144.000
876.576	12277.000
876.719	12215.000
876.861	12117.000
877.004	12053.000
877.146	12239.000
877.289	12080.000
877.431	12209.000
877.574	12173.000
877.716	12222.000
877.859	12142.000
878.001	12184.000
878.144	12260.000
878.286	12239.000
878.429	12173.000
878.571	12263.000
878.714	12108.000
878.856	12126.000
878.998	12175.000
879.141	12192.000
879.283	12073.000
879.426	12277.000
879.568	12072.000
879.711	12108.000
879.853	12151.000
879.996	12232.000
880.138	12192.000
880.281	12198.000
880.423	12161.000
880.565	12085.000
880.708	12081.000
880.850	12113.000
880.993	12234.000
881.135	12104.000
881.278	12099.000
881.420	12068.000
881.562	12171.000
881.705	12146.000
881.847	12123.000
881.990	12059.000
882.132	12117.000
882.275	12127.000
882.417	12116.000
882.559	12088.000
882.702	12043.000
882.844	12162.000
882.987	12066.000
883.129	12154.000
883.271	12084.000
883.414	12219.000
883.556	12096.000
883.699	12245.000
883.841	12029.000
883.983	12246.000
884.126	12107.000
884.268	12178.000
884.411	12094.000
884.553	12202.000
884.695	12142.000
884.838	12073.000
884.980	12075.000
885.122	12156.000
885.265	12103.000
885.407	12095.000
885.550	12108.000
885.692	12120.000
885.834	12129.000
885.977	12146.000
886.119	12143.000
886.261	12117.000
886.404	12059.000
886.546	12132.000
886.689	11515.000
886.831	12176.000
886.973	12154.000
887.116	12092.000
887.258	12174.000
887.400	12075.000
887.543	12033.000
887.685	12046.000
887.827	12109.000
887.970	12207.000
888.112	12052.000
888.254	12087.000
888.397	12046.000
888.539	12163.000
888.681	12089.000
888.824	12055.000
888.966	12053.000
889.108	12147.000
889.251	12139.000
889.393	12140.000
889.535	12047.000
889.678	12176.000
889.820	12094.000
889.962	12160.000
890.105	12126.000
890.247	12102.000
890.389	11973.000
890.531	12056.000
890.674	12131.000
890.816	12319.000
890.958	12089.000
891.101	12151.000
891.243	12157.000
891.385	12157.000
891.528	12112.000
891.670	12175.000
891.812	12082.000
891.954	12158.000
892.097	12131.000
892.239	12173.000
892.381	12121.000
892.524	12180.000
892.666	12176.000
892.808	12152.000
892.950	12082.000
893.093	12068.000
893.235	12082.000
893.377	12197.000
893.519	12070.000
893.662	12075.000
893.804	12092.000
893.946	12076.000
894.088	12089.000
894.231	12167.000
894.373	12118.000
894.515	12134.000
894.657	12061.000
894.800	12184.000
894.942	12176.000
895.084	12089.000
895.226	12078.000
895.369	12124.000
895.511	12164.000
895.653	12195.000
895.795	12044.000
895.938	12160.000
896.080	12146.000
896.222	12086.000
896.364	12069.000
896.507	12144.000
896.649	12080.000
896.791	12073.000
896.933	12066.000
897.075	12181.000
897.218	12097.000
897.360	12163.000
897.502	12197.000
897.644	12103.000
897.787	12119.000
897.929	12054.000
898.071	12049.000
898.213	12212.000
898.355	12194.000
898.498	12114.000
898.640	12121.000
898.782	12052.000
898.924	12126.000
899.066	12123.000
899.208	12233.000
899.351	12182.000
899.493	12094.000
899.635	12183.000
899.777	12112.000
899.919	12209.000
900.062	12104.000
900.204	12183.000
900.346	12218.000
900.488	12187.000
900.630	12169.000
900.772	12065.000
900.915	12068.000
901.057	12200.000
901.199	12070.000
901.341	12134.000
901.483	12083.000
901.625	12087.000
901.768	12086.000
901.910	12120.000
902.052	12082.000
902.194	12231.000
902.336	12015.000
902.478	12198.000
902.620	12078.000
902.763	12172.000
902.905	12136.000
903.047	12130.000
903.189	12135.000
903.331	12177.000
903.473	12042.000
903.615	12161.000
903.758	12139.000
903.900	12187.000
904.042	12051.000
904.184	12133.000
904.326	12299.000
904.468	12195.000
904.610	12136.000
904.752	12223.000
904.895	12125.000
905.037	12222.000
905.179	12132.000
905.321	12220.000
905.463	12052.000
905.605	12359.000
905.747	12228.000
905.889	12317.000
906.031	12158.000
906.173	12275.000
906.316	12233.000
906.458	12261.000
906.600	12192.000
906.742	12224.000
906.884	12169.000
907.026	12312.000
907.168	12230.000
907.310	12279.000
907.452	12143.000
907.594	12207.000
907.736	12232.000
907.878	12218.000
908.021	12200.000
908.163	12267.000
908.305	12105.000
908.447	12275.000
908.589	12106.000
908.731	12314.000
908.873	12246.000
909.015	12378.000
909.157	12231.000
909.299	12253.000
909.441	12210.000
909.583	12186.000
909.725	12269.000
909.867	12283.000
910.009	12185.000
910.151	12281.000
910.293	12060.000
910.435	12282.000
910.577	12286.000
910.719	12296.000
910.862	12159.000
911.004	12243.000
911.146	12302.000
911.288	12203.000
911.430	12243.000
911.572	12301.000
911.714	12189.000
911.856	12304.000
911.998	12161.000
912.140	12303.000
912.282	12173.000
912.424	12215.000
912.566	12127.000
912.708	12244.000
912.850	12229.000
912.992	12212.000
913.134	12092.000
913.276	12250.000
913.418	12275.000
913.560	12333.000
913.702	12204.000
913.844	12319.000
913.986	12147.000
914.128	12274.000
914.270	12093.000
914.412	12247.000
914.554	12082.000
914.696	12217.000
914.838	12221.000
914.980	12298.000
915.122	12224.000
915.264	12226.000
915.406	12108.000
915.548	12210.000
915.690	12071.000
915.831	12206.000
915.973	12127.000
916.115	12137.000
916.257	12023.000
916.399	12174.000
916.541	12177.000
916.683	12080.000
916.825	12080.000
916.967	12169.000
917.109	12124.000
917.251	12165.000
917.393	12101.000
917.535	12200.000
917.677	12093.000
917.819	12113.000
917.961	12020.000
918.103	12243.000
918.245	12081.000
918.387	12091.000
918.528	12109.000
918.670	12127.000
918.812	12027.000
918.954	12011.000
919.096	12045.000
919.238	12187.000
919.380	12074.000
919.522	12112.000
919.664	12046.000
919.806	12123.000
919.948	12064.000
920.090	12010.000
920.231	11983.000
920.373	12107.000
920.515	11939.000
920.657	12065.000
920.799	11994.000
920.941	12086.000
921.083	12050.000
921.225	12030.000
921.367	11936.000
921.509	12083.000
921.650	12012.000
921.792	12062.000
921.934	12039.000
922.076	12164.000
922.218	11971.000
922.360	12040.000
922.502	12111.000
922.644	12181.000
922.785	12054.000
922.927	12015.000
923.069	12021.000
923.211	12048.000
923.353	11991.000
923.495	12077.000
923.637	11994.000
923.779	12079.000
923.920	11968.000
924.062	12040.000
924.204	12019.000
924.346	12205.000
924.488	12049.000
924.630	12161.000
924.771	11943.000
924.913	12159.000
925.055	12051.000
925.197	12135.000
925.339	12016.000
925.481	12170.000
925.623	12007.000
925.764	12096.000
925.906	11996.000
926.048	12153.000
926.190	11986.000
926.332	12150.000
926.473	12052.000
926.615	12076.000
926.757	12106.000
926.899	12074.000
927.041	12122.000
927.183	12169.000
927.324	12076.000
927.466	12057.000
927.608	12025.000
927.750	12108.000
927.892	12071.000
928.033	12051.000
928.175	12060.000
928.317	12105.000
928.459	12065.000
928.601	12189.000
928.742	12023.000
928.884	12109.000
929.026	12156.000
929.168	12113.000
929.310	12055.000
929.451	12209.000
929.593	12144.000
929.735	12162.000
929.877	12176.000
930.018	12187.000
930.160	12122.000
930.302	12102.000
930.444	12123.000
930.585	12170.000
930.727	12023.000
930.869	12132.000
931.011	12165.000
931.153	12158.000
931.294	12093.000
931.436	12083.000
931.578	12083.000
931.720	12293.000
931.861	12081.000
932.003	12120.000
932.145	12096.000
932.287	12270.000
932.428	13013.000
932.570	12124.000
932.712	12114.000
932.854	12146.000
932.995	12021.000
933.137	12242.000
933.279	12026.000
933.420	12230.000
933.562	12094.000
933.704	12029.000
933.846	12134.000
933.987	12144.000
934.129	12085.000
934.271	12115.000
934.412	12083.000
934.554	12243.000
934.696	12032.000
934.838	12067.000
934.979	12035.000
935.121	12128.000
935.263	12056.000
935.404	12083.000
935.546	12075.000
935.688	12045.000
935.830	12132.000
935.971	12039.000
936.113	11966.000
936.255	12218.000
936.396	12054.000
936.538	12082.000
936.680	11979.000
936.821	12028.000
936.963	12011.000
937.105	12034.000
937.246	12013.000
937.388	11940.000
937.530	12044.000
937.671	11973.000
937.813	12004.000
937.955	12030.000
938.096	11963.000
938.238	12066.000
938.380	12000.000
938.521	12132.000
938.663	12045.000
938.805	12010.000
938.946	12057.000
939.088	12042.000
939.230	12027.000
939.371	12065.000
939.513	12030.000
939.655	12053.000
939.796	12091.000
939.938	12069.000
940.080	12105.000
940.221	12062.000
940.363	12055.000
940.504	12032.000
940.646	12082.000
940.788	12092.000
940.929	12002.000
941.071	12134.000
941.213	12050.000
941.354	12141.000
941.496	12056.000
941.637	12062.000
941.779	12066.000
941.921	12095.000
942.062	11965.000
942.204	12142.000
942.346	12086.000
942.487	12161.000
942.629	12141.000
942.770	12161.000
942.912	12057.000
943.054	12204.000
943.195	12086.000
943.337	12107.000
943.478	12018.000
943.620	12191.000
943.761	12015.000
943.903	12203.000
944.045	12080.000
944.186	12229.000
944.328	12078.000
944.469	12157.000
944.611	12153.000
944.753	12221.000
944.894	12177.000
945.036	12201.000
945.177	12234.000
945.319	12296.000
945.460	12249.000
945.602	12222.000
945.744	12221.000
945.885	12316.000
946.027	12229.000
946.168	12204.000
946.310	12242.000
946.451	12349.000
946.593	12168.000
946.734	12311.000
946.876	12187.000
947.018	12425.000
947.159	12365.000
947.301	12309.000
947.442	12211.000
947.584	12291.000
947.725	12212.000
947.867	12249.000
948.008	12260.000
948.150	12323.000
948.291	12271.000
948.433	12271.000
948.574	12265.000
948.716	12316.000
948.857	12297.000
948.999	12302.000
949.140	12252.000
949.282	12414.000
949.424	12205.000
949.565	12232.000
949.707	12198.000
949.848	12324.000
949.990	12144.000
950.131	12352.000
950.273	12284.000
950.414	12243.000
950.556	12235.000
950.697	12311.000
950.839	12234.000
950.980	12303.000
951.122	12283.000
951.263	12252.000
951.404	12197.000
951.546	12233.000
951.687	12216.000
951.829	12175.000
951.970	12244.000
952.112	12267.000
952.253	12247.000
952.395	12264.000
952.536	12185.000
952.678	12329.000
952.819	12310.000
952.961	12266.000
953.102	12306.000
953.244	12303.000
953.385	12233.000
953.527	12286.000
953.668	10240.000
953.809	12288.000
953.951	12199.000
954.092	12182.000
954.234	12151.000
954.375	12294.000
954.517	12192.000
954.658	12293.000
954.800	12213.000
954.941	12288.000
955.082	12171.000
955.224	12256.000
955.365	12195.000
955.507	12325.000
955.648	12213.000
955.790	12284.000
955.931	12139.000
956.072	12234.000
956.214	12082.000
956.355	12121.000
956.497	12177.000
956.638	12141.000
956.780	12137.000
956.921	12150.000
957.062	12031.000
957.204	12254.000
957.345	12031.000
957.487	12251.000
957.628	12117.000
957.769	12119.000
957.911	12135.000
958.052	12040.000
958.194	12055.000
958.335	12056.000
958.476	11985.000
958.618	11977.000
958.759	12042.000
958.901	12124.000
959.042	12022.000
959.183	12163.000
959.325	11978.000
959.466	12057.000
959.607	11953.000
959.749	12035.000
959.890	11874.000
960.032	11983.000
960.173	11929.000
960.314	11965.000
960.456	11940.000
960.597	12005.000
960.738	12095.000
960.880	12002.000
961.021	11994.000
961.162	12134.000
961.304	11931.000
961.445	11997.000
961.586	12026.000
961.728	12076.000
961.869	11936.000
962.011	12172.000
962.152	18087.000
962.293	12178.000
962.435	12002.000
962.576	12055.000
962.717	12054.000
962.859	12098.000
963.000	11971.000
963.141	12114.000
963.283	12134.000
963.424	12219.000
963.565	12121.000
963.706	12121.000
963.848	12059.000
963.989	12147.000
964.130	12215.000
964.272	12197.000
964.413	12115.000
964.554	12231.000
964.696	12090.000
964.837	12204.000
964.978	12185.000
965.120	12267.000
965.261	12157.000
965.402	12257.000
965.543	12187.000
965.685	12225.000
965.826	12123.000
965.967	12143.000
966.109	12139.000
966.250	12284.000
966.391	12116.000
966.532	12194.000
966.674	12110.000
966.815	12322.000
966.956	12136.000
967.098	12252.000
967.239	12089.000
967.380	12224.000
967.521	12016.000
967.663	12215.000
967.804	12106.000
967.945	12225.000
968.086	12065.000
968.228	12272.000
968.369	12190.000
968.510	12223.000
968.651	12118.000
968.793	12256.000
968.934	12087.000
969.075	12306.000
969.216	12239.000
969.358	12125.000
969.499	12126.000
969.640	12286.000
969.781	12194.000
969.923	12184.000
970.064	12179.000
970.205	12216.000
970.346	12238.000
970.488	12233.000
970.629	12267.000
970.770	12270.000
970.911	12184.000
971.053	12309.000
971.194	12198.000
971.335	12327.000
971.476	12130.000
971.617	12255.000
971.759	12307.000
971.900	12440.000
972.041	12255.000
972.182	12226.000
972.323	12292.000
972.465	12398.000
972.606	12253.000
972.747	12347.000
972.888	12253.000
973.029	12402.000
973.171	12237.000
973.312	12267.000
973.453	12293.000
973.594	12375.000
973.735	12292.000
973.877	12218.000
974.018	12305.000
974.159	12474.000
974.300	12305.000
974.441	12314.000
974.582	12324.000
974.724	12297.000
974.865	12419.000
975.006	12411.000
