1109.929	15638.000
1110.074	15350.000
1110.220	15738.000
1110.366	15460.000
1110.511	15743.000
1110.657	15601.000
1110.802	15805.000
1110.948	15554.000
1111.094	15863.000
1111.239	15617.000
1111.385	15896.000
1111.530	15765.000
1111.676	16016.000
1111.821	15691.000
1111.967	16100.000
1112.112	15979.000
1112.258	16075.000
1112.403	15957.000
1112.549	16325.000
1112.694	16096.000
1112.840	16369.000
1112.985	16085.000
1113.131	16661.000
1113.276	16330.000
1113.421	16632.000
1113.567	16366.000
1113.712	16829.000
1113.858	16435.000
1114.003	16855.000
1114.149	16559.000
1114.294	17014.000
1114.439	16731.000
1114.585	17190.000
1114.730	16898.000
1114.875	17229.000
1115.021	17008.000
1115.166	17507.000
1115.311	17110.000
1115.457	17704.000
1115.602	17387.000
1115.747	17898.000
1115.893	17562.000
1116.038	18073.000
1116.183	17799.000
1116.329	18214.000
1116.474	17924.000
1116.619	18622.000
1116.764	18113.000
1116.910	18803.000
1117.055	18409.000
1117.200	19083.000
1117.345	18659.000
1117.490	19452.000
1117.636	19038.000
1117.781	19701.000
1117.926	19340.000
1118.071	20034.000
1118.216	19671.000
1118.362	20372.000
1118.507	19951.000
1118.652	20880.000
1118.797	20416.000
1118.942	21226.000
1119.087	20853.000
1119.232	21713.000
1119.377	21294.000
1119.523	22224.000
1119.668	21636.000
1119.813	22767.000
1119.958	22267.000
1120.103	23318.000
1120.248	22770.000
1120.393	24004.000
1120.538	23558.000
1120.683	24668.000
1120.828	24168.000
1120.973	25374.000
1121.118	24903.000
1121.263	26234.000
1121.408	25841.000
1121.553	27167.000
1121.698	26704.000
1121.843	28258.000
1121.988	27561.000
1122.133	29190.000
1122.278	28572.000
1122.423	30339.000
1122.568	29646.000
1122.713	31532.000
1122.858	30770.000
1123.002	32757.000
1123.147	32076.000
1123.292	34038.000
1123.437	33265.000
1123.582	35533.000
1123.727	34566.000
1123.872	37034.000
1124.017	36220.000
1124.161	38775.000
1124.306	37894.000
1124.451	40444.000
1124.596	39506.000
1124.741	42150.000
1124.885	41069.000
1125.030	44078.000
1125.175	43069.000
1125.320	45851.000
1125.465	44620.000
1125.609	47652.000
1125.754	46244.000
1125.899	49371.000
1126.044	47968.000
1126.188	51008.000
1126.333	49572.000
1126.478	52868.000
1126.622	50893.000
1126.767	54375.000
1126.912	52206.000
1127.056	55632.000
1127.201	53446.000
1127.346	56589.000
1127.490	54544.000
1127.635	57528.000
1127.780	55204.000
1127.924	58369.000
1128.069	55824.000
1128.214	58847.000
1128.358	56270.000
1128.503	62745.000
1128.647	56662.000
1128.792	62728.000
1128.937	56666.000
1129.081	62627.000
1129.226	56533.000
1129.370	62620.000
1129.515	56050.000
1129.659	58566.000
1129.804	55480.000
1129.948	57639.000
1130.093	54700.000
1130.237	56707.000
1130.382	53705.000
1130.526	55689.000
1130.671	52478.000
1130.815	54502.000
1130.960	51479.000
1131.104	53187.000
1131.249	50265.000
1131.393	51691.000
1131.537	49186.000
1131.682	50519.000
1131.826	47722.000
1131.971	49092.000
1132.115	46660.000
1132.260	47821.000
1132.404	45538.000
1132.548	46808.000
1132.693	44417.000
1132.837	45680.000
1132.981	43239.000
1133.126	44745.000
1133.270	42549.000
1133.414	43788.000
1133.559	42003.000
1133.703	43177.000
1133.847	41356.000
1133.992	42768.000
1134.136	40759.000
1134.280	42112.000
1134.424	40192.000
1134.569	41432.000
1134.713	39682.000
1134.857	40949.000
1135.001	39197.000
1135.146	40519.000
1135.290	38781.000
1135.434	39860.000
1135.578	38168.000
1135.722	39076.000
1135.867	37531.000
1136.011	38480.000
1136.155	36891.000
1136.299	37714.000
1136.443	36151.000
1136.587	36898.000
1136.732	35397.000
1136.876	36188.000
1137.020	34689.000
1137.164	35623.000
1137.308	34171.000
1137.452	34732.000
1137.596	33455.000
1137.740	34136.000
1137.884	32825.000
1138.028	33455.000
1138.172	32370.000
1138.316	32978.000
1138.461	31716.000
1138.605	32339.000
1138.749	31354.000
1138.893	32125.000
1139.037	30819.000
1139.181	31767.000
1139.325	30524.000
1139.469	31358.000
1139.613	30320.000
1139.757	31130.000
1139.900	30144.000
1140.044	30868.000
1140.188	29984.000
1140.332	30703.000
1140.476	29759.000
1140.620	30468.000
1140.764	29695.000
1140.908	30506.000
1141.052	29498.000
1141.196	30321.000
1141.340	29514.000
1141.484	30177.000
1141.627	29517.000
1141.771	30327.000
1141.915	29488.000
1142.059	30302.000
1142.203	29474.000
1142.347	30110.000
1142.490	29457.000
1142.634	30186.000
1142.778	29559.000
1142.922	30287.000
1143.066	29685.000
1143.209	30493.000
1143.353	29651.000
1143.497	30641.000
1143.641	29887.000
1143.784	30716.000
1143.928	30031.000
1144.072	30899.000
1144.216	30281.000
1144.359	31093.000
1144.503	30308.000
1144.647	31204.000
1144.790	30458.000
1144.934	31447.000
1145.078	30721.000
1145.221	31691.000
1145.365	30973.000
1145.509	31867.000
1145.652	31212.000
1145.796	32299.000
1145.940	31451.000
1146.083	32527.000
1146.227	31570.000
1146.370	32631.000
1146.514	31879.000
1146.657	32839.000
1146.801	32188.000
1146.945	33395.000
1147.088	32506.000
1147.232	33475.000
1147.375	32612.000
1147.519	33750.000
1147.662	32764.000
1147.806	33792.000
1147.949	33088.000
1148.093	34065.000
1148.236	33236.000
1148.380	34269.000
1148.523	33488.000
1148.667	34480.000
1148.810	33614.000
1148.954	34828.000
1149.097	33876.000
1149.241	35001.000
1149.384	34075.000
1149.527	35209.000
1149.671	34184.000
1149.814	35263.000
1149.958	34594.000
1150.101	35512.000
1150.244	34449.000
1150.388	35667.000
1150.531	34660.000
1150.674	35594.000
1150.818	34895.000
1150.961	35881.000
1151.104	34990.000
1151.248	35846.000
1151.391	35033.000
1151.534	36091.000
1151.678	35116.000
1151.821	36002.000
1151.964	35149.000
1152.108	36217.000
1152.251	35286.000
1152.394	36319.000
1152.537	35386.000
1152.681	36134.000
1152.824	35517.000
1152.967	36275.000
1153.110	35342.000
1153.253	36325.000
1153.397	35449.000
1153.540	36332.000
1153.683	35399.000
1153.826	36411.000
1153.969	35290.000
1154.113	36214.000
1154.256	35442.000
1154.399	36295.000
1154.542	35335.000
1154.685	36196.000
1154.828	35463.000
1154.971	36229.000
1155.114	35274.000
1155.258	36098.000
1155.401	35184.000
1155.544	36007.000
1155.687	35134.000
1155.830	35830.000
1155.973	35043.000
1156.116	35754.000
1156.259	34736.000
1156.402	35581.000
1156.545	34680.000
1156.688	35413.000
1156.831	34659.000
1156.974	35181.000
1157.117	34288.000
1157.260	35056.000
1157.403	34447.000
1157.546	34967.000
1157.689	33994.000
1157.832	34721.000
1157.975	33975.000
1158.118	34494.000
1158.261	33739.000
1158.404	34314.000
1158.547	33440.000
1158.689	34144.000
1158.832	33386.000
1158.975	33998.000
1159.118	33271.000
1159.261	33787.000
1159.404	33027.000
1159.547	33431.000
1159.690	32719.000
1159.832	33355.000
1159.975	32511.000
1160.118	33006.000
1160.261	32439.000
1160.404	32684.000
1160.546	32007.000
1160.689	32653.000
1160.832	31871.000
1160.975	32444.000
1161.118	31693.000
1161.260	32161.000
1161.403	31369.000
1161.546	31827.000
1161.689	31066.000
1161.831	31704.000
1161.974	30887.000
1162.117	31320.000
1162.259	30596.000
1162.402	31149.000
1162.545	30358.000
1162.687	30891.000
1162.830	30107.000
1162.973	30688.000
1163.115	29866.000
1163.258	30390.000
1163.401	29750.000
1163.543	30052.000
1163.686	29502.000
1163.829	29803.000
1163.971	29250.000
1164.114	29557.000
1164.256	29079.000
1164.399	29311.000
1164.541	28956.000
1164.684	29021.000
1164.827	28682.000
1164.969	28853.000
1165.112	28342.000
1165.254	28618.000
1165.397	28178.000
1165.539	28452.000
1165.682	27826.000
1165.824	28193.000
1165.967	27706.000
1166.109	27907.000
1166.252	27369.000
1166.394	27747.000
1166.537	27223.000
1166.679	27518.000
1166.822	26982.000
1166.964	27326.000
1167.106	26825.000
1167.249	27059.000
1167.391	26578.000
1167.534	26288.000
1167.676	26461.000
1167.818	26731.000
1167.961	26176.000
1168.103	26585.000
1168.246	25998.000
1168.388	26208.000
1168.530	25775.000
1168.673	26125.000
1168.815	25732.000
1168.957	25775.000
1169.100	25405.000
1169.242	25612.000
1169.384	25266.000
1169.526	25438.000
1169.669	25006.000
1169.811	25226.000
1169.953	24849.000
1170.095	25048.000
1170.238	24703.000
1170.380	24836.000
1170.522	24596.000
1170.664	24702.000
1170.807	24324.000
1170.949	24566.000
1171.091	24083.000
1171.233	24138.000
1171.375	23869.000
1171.518	24140.000
1171.660	23966.000
1171.802	23935.000
1171.944	23635.000
1172.086	23806.000
1172.228	23482.000
1172.371	23549.000
1172.513	23286.000
1172.655	23386.000
1172.797	23163.000
1172.939	23303.000
1173.081	22982.000
1173.223	23115.000
1173.365	22867.000
1173.507	22997.000
1173.649	22744.000
1173.791	22786.000
1173.933	22483.000
1174.075	22662.000
1174.217	22439.000
1174.359	22434.000
1174.501	22263.000
1174.643	22373.000
1174.785	22099.000
1174.927	22271.000
1175.069	22029.000
1175.211	22074.000
1175.353	21934.000
1175.495	21952.000
1175.637	21822.000
1175.779	21921.000
1175.921	21621.000
1176.063	21766.000
1176.205	21557.000
1176.347	21678.000
1176.489	21459.000
1176.631	21471.000
1176.772	21317.000
1176.914	21438.000
1177.056	21195.000
1177.198	21319.000
1177.340	21103.000
1177.482	21208.000
1177.624	20973.000
1177.765	21051.000
1177.907	20986.000
1178.049	20984.000
1178.191	20849.000
1178.333	21008.000
1178.474	20721.000
1178.616	20870.000
1178.758	20555.000
1178.900	20738.000
1179.041	20641.000
1179.183	20827.000
1179.325	20473.000
1179.467	20614.000
1179.608	20276.000
1179.750	20531.000
1179.892	20305.000
1180.033	20538.000
1180.175	20317.000
1180.317	20352.000
1180.458	20228.000
1180.600	20277.000
1180.742	20199.000
1180.883	20206.000
1181.025	20094.000
1181.167	20248.000
1181.308	20051.000
1181.450	20131.000
1181.591	19814.000
1181.733	19960.000
1181.875	19863.000
1182.016	19845.000
1182.158	19740.000
1182.299	19861.000
1182.441	19677.000
1182.582	19767.000
1182.724	19647.000
1182.866	19752.000
1183.007	19708.000
1183.149	19645.000
1183.290	19569.000
1183.432	19629.000
1183.573	19524.000
1183.715	19540.000
1183.856	19428.000
1183.998	19527.000
1184.139	19463.000
1184.280	19394.000
1184.422	19334.000
1184.563	19421.000
1184.705	19349.000
1184.846	19345.000
1184.988	19194.000
1185.129	19467.000
1185.270	19222.000
1185.412	19321.000
1185.553	19196.000
1185.694	19227.000
1185.836	19189.000
1185.977	19225.000
1186.119	19165.000
1186.260	19078.000
1186.401	19226.000
1186.543	19274.000
1186.684	19167.000
1186.825	19092.000
1186.966	19090.000
1187.108	19193.000
1187.249	19027.000
1187.390	19084.000
1187.532	19009.000
1187.673	19061.000
1187.814	19013.000
1187.955	19117.000
1188.097	19031.000
1188.238	18991.000
1188.379	18944.000
1188.520	19060.000
1188.661	18945.000
1188.803	19070.000
1188.944	18990.000
1189.085	18947.000
1189.226	19017.000
1189.367	18947.000
1189.508	19008.000
1189.650	19026.000
1189.791	19059.000
1189.932	19076.000
1190.073	18936.000
1190.214	18986.000
1190.355	18858.000
1190.496	19078.000
1190.637	19013.000
1190.778	19034.000
1190.919	19039.000
1191.061	18963.000
1191.202	19022.000
1191.343	19118.000
1191.484	19011.000
1191.625	19046.000
1191.766	19076.000
1191.907	19221.000
1192.048	19050.000
1192.189	19159.000
1192.330	19159.000
1192.471	19164.000
1192.612	19214.000
1192.753	19154.000
1192.894	19241.000
1193.035	19142.000
1193.175	19192.000
1193.316	19164.000
1193.457	19232.000
1193.598	19321.000
1193.739	19249.000
1193.880	19235.000
1194.021	19264.000
1194.162	19436.000
1194.303	19436.000
1194.444	19454.000
1194.584	19438.000
1194.725	19415.000
1194.866	19422.000
1195.007	19392.000
1195.148	19432.000
1195.289	19397.000
1195.429	19460.000
1195.570	19599.000
1195.711	19576.000
1195.852	19622.000
1195.993	19602.000
1196.133	19575.000
1196.274	19544.000
1196.415	19551.000
1196.556	19628.000
1196.696	19622.000
1196.837	19465.000
1196.978	19553.000
1197.119	19563.000
1197.259	19731.000
1197.400	19599.000
1197.541	19728.000
1197.681	19682.000
1197.822	19733.000
1197.963	19747.000
1198.103	19736.000
1198.244	19794.000
1198.385	19745.000
1198.525	19755.000
1198.666	19696.000
1198.807	19819.000
1198.947	19807.000
1199.088	19652.000
1199.228	19855.000
1199.369	19722.000
1199.509	19767.000
1199.650	19617.000
1199.791	19780.000
1199.931	19807.000
1200.072	19812.000
1200.212	19684.000
1200.353	19764.000
1200.493	19747.000
1200.634	19753.000
1200.774	19579.000
1200.915	19570.000
1201.055	19670.000
1201.196	19566.000
1201.336	19558.000
1201.477	19600.000
1201.617	19498.000
1201.758	19568.000
1201.898	19400.000
1202.039	19418.000
1202.179	19404.000
1202.319	19383.000
1202.460	19365.000
1202.600	19405.000
1202.741	19369.000
1202.881	19271.000
1203.021	19249.000
1203.162	19367.000
1203.302	19307.000
1203.442	19292.000
1203.583	19161.000
1203.723	19268.000
1203.863	19141.000
1204.004	19190.000
1204.144	19139.000
1204.284	19171.000
1204.425	19107.000
1204.565	19118.000
1204.705	19053.000
1204.845	19109.000
1204.986	19186.000
1205.126	19136.000
1205.266	19114.000
1205.406	19022.000
1205.547	19124.000
1205.687	19110.000
1205.827	19140.000
1205.967	19056.000
1206.108	19111.000
1206.248	19057.000
1206.388	19036.000
1206.528	19037.000
1206.668	19067.000
1206.808	18992.000
1206.949	19029.000
1207.089	19016.000
1207.229	18978.000
1207.369	19098.000
1207.509	18887.000
1207.649	19048.000
1207.789	19072.000
1207.929	18991.000
1208.070	18922.000
1208.210	18904.000
1208.350	18961.000
1208.490	18991.000
1208.630	18888.000
1208.770	18958.000
1208.910	18907.000
1209.050	18953.000
1209.190	18960.000
1209.330	18877.000
1209.470	18921.000
1209.610	19002.000
1209.750	18904.000
1209.890	18845.000
1210.030	18984.000
1210.170	19022.000
1210.310	18941.000
1210.450	18966.000
1210.590	18936.000
1210.730	18898.000
1210.870	18874.000
1211.009	18966.000
1211.149	18957.000
1211.289	18862.000
1211.429	18846.000
1211.569	19040.000
1211.709	18888.000
1211.849	18924.000
1211.989	18833.000
1212.128	18888.000
1212.268	19026.000
1212.408	18893.000
1212.548	18894.000
1212.688	18948.000
1212.828	19040.000
1212.967	19710.000
1213.107	18907.000
1213.247	18947.000
1213.387	18969.000
1213.527	18863.000
1213.666	19004.000
1213.806	18956.000
1213.946	19005.000
1214.086	18940.000
1214.225	18819.000
1214.365	19040.000
1214.505	18938.000
1214.644	19004.000
1214.784	18964.000
1214.924	19011.000
1215.064	19107.000
1215.203	18977.000
1215.343	18883.000
1215.483	18994.000
1215.622	18980.000
1215.762	18987.000
1215.901	18995.000
1216.041	19049.000
1216.181	18956.000
1216.320	19103.000
1216.460	19010.000
1216.599	19018.000
1216.739	19157.000
1216.879	19076.000
1217.018	18989.000
1217.158	19050.000
1217.297	19001.000
1217.437	19080.000
1217.576	19038.000
1217.716	19115.000
1217.855	18941.000
1217.995	19106.000
1218.134	19080.000
1218.274	19113.000
1218.413	19088.000
1218.553	19064.000
1218.692	19093.000
1218.832	19185.000
1218.971	19245.000
1219.111	19180.000
1219.250	19099.000
1219.390	19258.000
1219.529	19122.000
1219.669	19258.000
1219.808	19186.000
1219.947	19217.000
1220.087	19200.000
1220.226	19318.000
1220.365	19228.000
1220.505	19380.000
1220.644	19243.000
1220.784	19327.000
1220.923	19240.000
1221.062	19319.000
1221.202	19272.000
1221.341	19284.000
1221.480	19335.000
1221.619	19349.000
1221.759	19343.000
1221.898	19369.000
1222.037	19315.000
1222.177	19382.000
1222.316	19352.000
1222.455	19341.000
1222.594	19430.000
1222.734	19423.000
1222.873	19445.000
1223.012	19467.000
1223.151	19475.000
1223.290	19423.000
1223.430	19446.000
1223.569	19460.000
1223.708	19420.000
1223.847	19401.000
1223.986	19497.000
1224.126	19420.000
1224.265	19437.000
1224.404	19438.000
1224.543	19505.000
1224.682	19395.000
1224.821	19444.000
1224.960	19461.000
1225.099	19541.000
1225.239	19568.000
1225.378	19475.000
1225.517	19637.000
1225.656	19582.000
1225.795	19573.000
1225.934	19478.000
1226.073	19557.000
1226.212	19583.000
1226.351	19488.000
1226.490	19453.000
1226.629	19591.000
1226.768	19579.000
1226.907	19454.000
1227.046	19553.000
1227.185	19492.000
1227.324	19664.000
1227.463	19640.000
1227.602	19488.000
1227.741	19453.000
1227.880	19485.000
1228.019	19446.000
1228.158	19483.000
1228.297	19478.000
1228.435	19508.000
1228.574	19441.000
1228.713	19403.000
1228.852	19496.000
1228.991	19486.000
1229.130	19476.000
1229.269	19423.000
1229.408	19386.000
1229.546	19452.000
1229.685	19348.000
1229.824	19374.000
1229.963	19361.000
1230.102	19419.000
1230.241	19218.000
1230.379	19395.000
1230.518	19400.000
1230.657	19290.000
1230.796	19297.000
1230.934	19336.000
1231.073	19329.000
1231.212	19309.000
1231.351	19261.000
1231.489	19211.000
1231.628	19176.000
1231.767	19193.000
1231.906	19203.000
1232.044	19160.000
1232.183	19241.000
1232.322	19156.000
1232.460	19266.000
1232.599	19161.000
1232.738	19095.000
1232.876	19232.000
1233.015	19213.000
1233.154	19180.000
1233.292	19260.000
1233.431	19159.000
1233.569	19115.000
1233.708	19075.000
1233.847	16941.000
1233.985	19079.000
1234.124	19114.000
1234.262	18985.000
1234.401	18988.000
1234.539	19049.000
1234.678	18990.000
1234.816	18968.000
1234.955	18927.000
1235.094	18971.000
1235.232	18853.000
1235.371	18907.000
1235.509	18824.000
1235.648	18971.000
1235.786	18875.000
1235.924	18855.000
1236.063	18740.000
1236.201	18824.000
1236.340	18682.000
1236.478	18712.000
1236.617	18798.000
1236.755	18699.000
1236.894	18718.000
1237.032	18667.000
1237.170	18615.000
1237.309	18783.000
1237.447	18633.000
1237.586	18813.000
1237.724	18708.000
1237.862	18657.000
1238.001	18742.000
1238.139	18556.000
1238.277	18552.000
1238.416	18552.000
1238.554	18516.000
1238.692	18451.000
1238.831	18581.000
1238.969	18637.000
1239.107	18547.000
1239.245	18579.000
1239.384	18432.000
1239.522	18569.000
1239.660	18455.000
1239.798	18508.000
1239.937	18411.000
1240.075	18508.000
1240.213	18408.000
1240.351	18448.000
1240.490	18439.000
1240.628	18505.000
1240.766	18492.000
1240.904	18464.000
1241.042	18415.000
1241.180	18565.000
1241.319	18387.000
1241.457	18395.000
1241.595	18418.000
1241.733	18486.000
1241.871	18357.000
1242.009	18552.000
1242.147	23982.000
1242.285	18513.000
1242.424	18376.000
1242.562	18379.000
1242.700	18404.000
1242.838	18455.000
1242.976	18299.000
1243.114	18385.000
1243.252	18466.000
1243.390	18462.000
1243.528	18442.000
1243.666	18358.000
1243.804	18375.000
1243.942	18375.000
1244.080	18432.000
1244.218	18367.000
1244.356	18373.000
1244.494	18426.000
1244.632	18289.000
1244.770	18412.000
1244.908	18357.000
1245.046	18400.000
1245.184	18364.000
1245.322	18386.000
1245.460	18344.000
1245.597	18313.000
1245.735	18299.000
1245.873	18211.000
1246.011	18305.000
1246.149	18347.000
1246.287	18187.000
1246.425	18227.000
1246.563	18169.000
1246.700	18347.000
1246.838	18248.000
1246.976	18221.000
1247.114	18124.000
1247.252	18222.000
1247.390	17966.000
1247.527	18116.000
1247.665	18065.000
1247.803	18182.000
1247.941	17975.000
1248.078	18201.000
1248.216	18062.000
1248.354	18082.000
1248.492	18003.000
1248.629	18080.000
1248.767	17944.000
1248.905	18120.000
1249.042	18095.000
1249.180	17909.000
1249.318	17970.000
1249.456	18044.000
1249.593	18020.000
1249.731	17974.000
1249.869	17946.000
1250.006	17988.000
1250.144	18030.000
1250.281	17939.000
1250.419	18006.000
1250.557	17983.000
1250.694	17935.000
1250.832	18012.000
1250.970	17931.000
1251.107	17973.000
1251.245	17835.000
1251.382	17915.000
1251.520	17948.000
1251.657	18044.000
1251.795	17884.000
1251.932	17888.000
1252.070	17912.000
1252.207	17998.000
1252.345	17887.000
1252.483	17955.000
1252.620	17874.000
1252.757	17963.000
1252.895	17861.000
1253.032	17848.000
1253.170	17917.000
1253.307	17920.000
1253.445	17868.000
1253.582	17765.000
1253.720	17835.000
1253.857	18013.000
1253.995	17914.000
1254.132	17816.000
1254.269	17910.000
1254.407	17785.000
1254.544	17952.000
1254.681	17882.000
