969.812	12860.000
969.956	12735.000
970.101	12869.000
970.245	12771.000
970.389	12814.000
970.533	12822.000
970.678	12847.000
970.822	12762.000
970.966	12804.000
971.110	12731.000
971.255	12738.000
971.399	12771.000
971.543	12825.000
971.687	12632.000
971.831	12817.000
971.976	12816.000
972.120	12673.000
972.264	12753.000
972.408	12775.000
972.552	12787.000
972.697	12760.000
972.841	12633.000
972.985	12890.000
973.129	12723.000
973.273	12759.000
973.417	12643.000
973.562	12810.000
973.706	12623.000
973.850	12750.000
973.994	12667.000
974.138	12813.000
974.282	12711.000
974.426	12778.000
974.570	12676.000
974.715	12698.000
974.859	12637.000
975.003	12788.000
975.147	12576.000
975.291	12790.000
975.435	12607.000
975.579	12759.000
975.723	12698.000
975.867	12738.000
976.011	12708.000
976.155	12671.000
976.299	12652.000
976.444	12777.000
976.588	12527.000
976.732	12692.000
976.876	12617.000
977.020	12690.000
977.164	12546.000
977.308	12795.000
977.452	12619.000
977.596	12680.000
977.740	12619.000
977.884	12648.000
978.028	12575.000
978.172	12624.000
978.316	12519.000
978.460	12669.000
978.604	12498.000
978.748	12613.000
978.892	12503.000
979.036	12544.000
979.180	12529.000
979.323	12624.000
979.467	12404.000
979.611	12578.000
979.755	12485.000
979.899	12555.000
980.043	12391.000
980.187	12547.000
980.331	12467.000
980.475	12483.000
980.619	12388.000
980.763	12459.000
980.907	12394.000
981.050	12459.000
981.194	12459.000
981.338	12427.000
981.482	12460.000
981.626	12482.000
981.770	12331.000
981.914	12333.000
982.058	12320.000
982.201	12383.000
982.345	12286.000
982.489	12401.000
982.633	12284.000
982.777	12400.000
982.921	12318.000
983.064	12342.000
983.208	12274.000
983.352	12457.000
983.496	12253.000
983.640	12354.000
983.783	12251.000
983.927	12398.000
984.071	12271.000
984.215	12349.000
984.359	12221.000
984.502	12292.000
984.646	12149.000
984.790	12298.000
984.934	12305.000
985.077	12274.000
985.221	12247.000
985.365	12275.000
985.509	12210.000
985.652	12318.000
985.796	12270.000
985.940	12227.000
986.084	12317.000
986.227	12229.000
986.371	12127.000
986.515	12314.000
986.658	12193.000
986.802	12297.000
986.946	12208.000
987.089	12273.000
987.233	12180.000
987.377	12258.000
987.520	12271.000
987.664	12273.000
987.808	12257.000
987.951	12116.000
988.095	12150.000
988.239	12363.000
988.382	12270.000
988.526	12243.000
988.670	12229.000
988.813	12333.000
988.957	12199.000
989.100	12320.000
989.244	12182.000
989.388	12308.000
989.531	12278.000
989.675	12314.000
989.818	12246.000
989.962	12305.000
990.106	12277.000
990.249	12310.000
990.393	12106.000
990.536	12296.000
990.680	12304.000
990.823	12356.000
990.967	12227.000
991.110	12251.000
991.254	12268.000
991.398	12283.000
991.541	12178.000
991.685	12182.000
991.828	12222.000
991.972	12151.000
992.115	12236.000
992.259	12318.000
992.402	12238.000
992.546	12298.000
992.689	12175.000
992.833	12267.000
992.976	12103.000
993.120	12190.000
993.263	12204.000
993.406	12142.000
993.550	12203.000
993.693	12246.000
993.837	12140.000
993.980	12211.000
994.124	12226.000
994.267	12134.000
994.411	12162.000
994.554	12172.000
994.697	12104.000
994.841	12293.000
994.984	12174.000
995.128	12130.000
995.271	12153.000
995.414	12015.000
995.558	12048.000
995.701	12152.000
995.845	12230.000
995.988	12182.000
996.131	12113.000
996.275	12048.000
996.418	12027.000
996.561	12100.000
996.705	12070.000
996.848	12185.000
996.991	12128.000
997.135	12107.000
997.278	12043.000
997.421	12038.000
997.565	12073.000
997.708	12080.000
997.851	12109.000
997.995	12040.000
998.138	12068.000
998.281	11967.000
998.424	12084.000
998.568	12186.000
998.711	11963.000
998.854	12117.000
998.998	12022.000
999.141	12008.000
999.284	11984.000
999.427	12038.000
999.571	12068.000
999.714	12016.000
999.857	12064.000
1000.000	12058.000
1000.143	12008.000
1000.287	11931.000
1000.430	12094.000
1000.573	12033.000
1000.716	11990.000
1000.860	11973.000
1001.003	11990.000
1001.146	11936.000
1001.289	12029.000
1001.432	12041.000
1001.575	12132.000
1001.719	12017.000
1001.862	12047.000
1002.005	11881.000
1002.148	12072.000
1002.291	11941.000
1002.434	12027.000
1002.578	12003.000
1002.721	12098.000
1002.864	12095.000
1003.007	12003.000
1003.150	12050.000
1003.293	12075.000
1003.436	11972.000
1003.579	12036.000
1003.723	12000.000
1003.866	12102.000
1004.009	11971.000
1004.152	11972.000
1004.295	12024.000
1004.438	11980.000
1004.581	11982.000
1004.724	12050.000
1004.867	11973.000
1005.010	12100.000
1005.153	12011.000
1005.296	12108.000
1005.439	12165.000
1005.582	12139.000
1005.725	12141.000
1005.868	11969.000
1006.012	11987.000
1006.155	12061.000
1006.298	11977.000
1006.441	12060.000
1006.584	12193.000
1006.727	12124.000
1006.870	12028.000
1007.013	12100.000
1007.156	12146.000
1007.298	12011.000
1007.441	12038.000
1007.584	12096.000
1007.727	12052.000
1007.870	12082.000
1008.013	12036.000
1008.156	12120.000
1008.299	12040.000
1008.442	12072.000
1008.585	12119.000
1008.728	12066.000
1008.871	12079.000
1009.014	12108.000
1009.157	12140.000
1009.300	12045.000
1009.443	12084.000
1009.585	12242.000
1009.728	12104.000
1009.871	11993.000
1010.014	12112.000
1010.157	12146.000
1010.300	12030.000
1010.443	12173.000
1010.586	12185.000
1010.728	12209.000
1010.871	12100.000
1011.014	12155.000
1011.157	12194.000
1011.300	12298.000
1011.443	12410.000
1011.585	12571.000
1011.728	12730.000
1011.871	12793.000
1012.014	12753.000
1012.157	12663.000
1012.300	12501.000
1012.442	12739.000
1012.585	12599.000
1012.728	12586.000
1012.871	12559.000
1013.013	12660.000
1013.156	12542.000
1013.299	12537.000
1013.442	12652.000
1013.585	12522.000
1013.727	12508.000
1013.870	12592.000
1014.013	12570.000
1014.156	12562.000
1014.298	12549.000
1014.441	12773.000
1014.584	12793.000
1014.726	12845.000
1014.869	12938.000
1015.012	13072.000
1015.155	13232.000
1015.297	13346.000
1015.440	13266.000
1015.583	13387.000
1015.725	13287.000
1015.868	13168.000
1016.011	13190.000
1016.153	13115.000
1016.296	13025.000
1016.439	13085.000
1016.581	12854.000
1016.724	12806.000
1016.867	12904.000
1017.009	13091.000
1017.152	13003.000
1017.295	12819.000
1017.437	12592.000
1017.580	12602.000
1017.722	12232.000
1017.865	12199.000
1018.008	12083.000
1018.150	12098.000
1018.293	12023.000
1018.435	12034.000
1018.578	12090.000
1018.721	12088.000
1018.863	12043.000
1019.006	12116.000
1019.148	11944.000
1019.291	11982.000
1019.433	12039.000
1019.576	12022.000
1019.718	11885.000
1019.861	12129.000
1020.003	11939.000
1020.146	11963.000
1020.289	12000.000
1020.431	12068.000
1020.574	11990.000
1020.716	12042.000
1020.859	12027.000
1021.001	11922.000
1021.144	11902.000
1021.286	11965.000
1021.429	12074.000
1021.571	11936.000
1021.713	11953.000
1021.856	11933.000
1021.998	11964.000
1022.141	12004.000
1022.283	11962.000
1022.426	11891.000
1022.568	11953.000
1022.711	11972.000
1022.853	11972.000
1022.996	11971.000
1023.138	11890.000
1023.280	11987.000
1023.423	11897.000
1023.565	11968.000
1023.708	11955.000
1023.850	12061.000
1023.992	11930.000
1024.135	12108.000
1024.277	11836.000
1024.420	12080.000
1024.562	11885.000
1024.704	12031.000
1024.847	11944.000
1024.989	12070.000
1025.131	11989.000
1025.274	11947.000
1025.416	11934.000
1025.558	12023.000
1025.701	11922.000
1025.843	11971.000
1025.985	11966.000
1026.128	11958.000
1026.270	12021.000
1026.412	12002.000
1026.555	11982.000
1026.697	12008.000
1026.839	11915.000
1026.982	12028.000
1027.124	11420.000
1027.266	12066.000
1027.408	12011.000
1027.551	11980.000
1027.693	12065.000
1027.835	11973.000
1027.977	11906.000
1028.120	11946.000
1028.262	12008.000
1028.404	12112.000
1028.546	11888.000
1028.689	11983.000
1028.831	11943.000
1028.973	12070.000
1029.115	11951.000
1029.257	11964.000
1029.400	11915.000
1029.542	12061.000
1029.684	11993.000
1029.826	12039.000
1029.968	11929.000
1030.111	12083.000
1030.253	11980.000
1030.395	12054.000
1030.537	12020.000
1030.679	12014.000
1030.821	11855.000
1030.964	11977.000
1031.106	11982.000
1031.248	12232.000
1031.390	11947.000
1031.532	12064.000
1031.674	12001.000
1031.816	12090.000
1031.958	11995.000
1032.101	12104.000
1032.243	12025.000
1032.385	12104.000
1032.527	12034.000
1032.669	12046.000
1032.811	12036.000
1032.953	12114.000
1033.095	12089.000
1033.237	12115.000
1033.379	11989.000
1033.521	12021.000
1033.663	11971.000
1033.805	12120.000
1033.948	11953.000
1034.090	11992.000
1034.232	11992.000
1034.374	12013.000
1034.516	12004.000
1034.658	12113.000
1034.800	12023.000
1034.942	12141.000
1035.084	12017.000
1035.226	12157.000
1035.368	12075.000
1035.510	12038.000
1035.652	12019.000
1035.794	12082.000
1035.936	12078.000
1036.078	12120.000
1036.220	11954.000
1036.362	12119.000
1036.503	12111.000
1036.645	12044.000
1036.787	12003.000
1036.929	12082.000
1037.071	12044.000
1037.213	12032.000
1037.355	12006.000
1037.497	12118.000
1037.639	12007.000
1037.781	12091.000
1037.923	12121.000
1038.065	12083.000
1038.207	12056.000
1038.348	12022.000
1038.490	12018.000
1038.632	12184.000
1038.774	12117.000
1038.916	12069.000
1039.058	12068.000
1039.200	11991.000
1039.342	12068.000
1039.483	12081.000
1039.625	12208.000
1039.767	12228.000
1039.909	12071.000
1040.051	12139.000
1040.193	12102.000
1040.334	12146.000
1040.476	12101.000
1040.618	12169.000
1040.760	12166.000
1040.902	12160.000
1041.043	12124.000
1041.185	12019.000
1041.327	12054.000
1041.469	12208.000
1041.611	11992.000
1041.752	12116.000
1041.894	12056.000
1042.036	12080.000
1042.178	12028.000
1042.319	12056.000
1042.461	12059.000
1042.603	12213.000
1042.745	11986.000
1042.886	12171.000
1043.028	12117.000
1043.170	12161.000
1043.311	12089.000
1043.453	12155.000
1043.595	12091.000
1043.737	12179.000
1043.878	12062.000
1044.020	12118.000
1044.162	12095.000
1044.303	12167.000
1044.445	12055.000
1044.587	12157.000
1044.728	12266.000
1044.870	12221.000
1045.012	12159.000
1045.153	12215.000
1045.295	12114.000
1045.437	12236.000
1045.578	12110.000
1045.720	12216.000
1045.861	12087.000
1046.003	12354.000
1046.145	12198.000
1046.286	12316.000
1046.428	12118.000
1046.569	12263.000
1046.711	12219.000
1046.853	12223.000
1046.994	12170.000
1047.136	12231.000
1047.277	12168.000
1047.419	12257.000
1047.561	12215.000
1047.702	12286.000
1047.844	12117.000
1047.985	12239.000
1048.127	12233.000
1048.268	12233.000
1048.410	12232.000
1048.551	12268.000
1048.693	12123.000
1048.834	12298.000
1048.976	12144.000
1049.117	12312.000
1049.259	12234.000
1049.400	12400.000
1049.542	12255.000
1049.683	12290.000
1049.825	12228.000
1049.966	12222.000
1050.108	12295.000
1050.249	12348.000
1050.391	12212.000
1050.532	12344.000
1050.674	12093.000
1050.815	12347.000
1050.957	12283.000
1051.098	12382.000
1051.239	12239.000
1051.381	12344.000
1051.522	12399.000
1051.664	12304.000
1051.805	12332.000
1051.947	12409.000
1052.088	12302.000
1052.229	12429.000
1052.371	12248.000
1052.512	12434.000
1052.654	12282.000
1052.795	12338.000
1052.936	12245.000
1053.078	12412.000
1053.219	12337.000
1053.360	12373.000
1053.502	12259.000
1053.643	12399.000
1053.784	12456.000
1053.926	12516.000
1054.067	12378.000
1054.208	12473.000
1054.350	12349.000
1054.491	12476.000
1054.632	12322.000
1054.774	12419.000
1054.915	12287.000
1055.056	12447.000
1055.198	12437.000
1055.339	12519.000
1055.480	12429.000
1055.622	12496.000
1055.763	12369.000
1055.904	12468.000
1056.045	12313.000
1056.187	12478.000
1056.328	12357.000
1056.469	12369.000
1056.610	12265.000
1056.752	12399.000
1056.893	12416.000
1057.034	12391.000
1057.175	12364.000
1057.316	12460.000
1057.458	12395.000
1057.599	12452.000
1057.740	12345.000
1057.881	12501.000
1058.023	12349.000
1058.164	12405.000
1058.305	12326.000
1058.446	12518.000
1058.587	12352.000
1058.728	12343.000
1058.870	12369.000
1059.011	12387.000
1059.152	12304.000
1059.293	12336.000
1059.434	12343.000
1059.575	12457.000
1059.716	12378.000
1059.858	12415.000
1059.999	12348.000
1060.140	12448.000
1060.281	12396.000
1060.422	12334.000
1060.563	12261.000
1060.704	12435.000
1060.845	12266.000
1060.986	12402.000
1061.128	12305.000
1061.269	12394.000
1061.410	12378.000
1061.551	12392.000
1061.692	12386.000
1061.833	12840.000
1061.974	13335.000
1062.115	13763.000
1062.256	14265.000
1062.397	14507.000
1062.538	14464.000
1062.679	14615.000
1062.820	14865.000
1062.961	15261.000
1063.102	15763.000
1063.243	16924.000
1063.384	17188.000
1063.525	16968.000
1063.666	17725.000
1063.807	19778.000
1063.948	22845.000
1064.089	35966.000
1064.230	62501.000
1064.371	62679.000
1064.512	47653.000
1064.653	27012.000
1064.794	25892.000
1064.935	24357.000
1065.076	22783.000
1065.217	23473.000
1065.358	21561.000
1065.499	19211.000
1065.640	19077.000
1065.781	18868.000
1065.922	17947.000
1066.062	17379.000
1066.203	17040.000
1066.344	16939.000
1066.485	16931.000
1066.626	16963.000
1066.767	16921.000
1066.908	17014.000
1067.049	17129.000
1067.190	17153.000
1067.330	17181.000
1067.471	17163.000
1067.612	16848.000
1067.753	16624.000
1067.894	16152.000
1068.035	15456.000
1068.176	14550.000
1068.316	13683.000
1068.457	13271.000
1068.598	12935.000
1068.739	12742.000
1068.880	12792.000
1069.020	12589.000
1069.161	12631.000
1069.302	12683.000
1069.443	12643.000
1069.584	12594.000
1069.724	12784.000
1069.865	12685.000
1070.006	12700.000
1070.147	12702.000
1070.287	12713.000
1070.428	12660.000
1070.569	12697.000
1070.710	12709.000
1070.850	12756.000
1070.991	12625.000
1071.132	12699.000
1071.273	12784.000
1071.413	12785.000
1071.554	12716.000
1071.695	12707.000
1071.836	12735.000
1071.976	12938.000
1072.117	12679.000
1072.258	12785.000
1072.398	12781.000
1072.539	12917.000
1072.680	13625.000
1072.820	12822.000
1072.961	12773.000
1073.102	12814.000
1073.242	12703.000
1073.383	12877.000
1073.524	12686.000
1073.664	12883.000
1073.805	12698.000
1073.946	12689.000
1074.086	12792.000
1074.227	12758.000
1074.367	12685.000
1074.508	12735.000
1074.649	12725.000
1074.789	12888.000
1074.930	12671.000
1075.070	12674.000
1075.211	12648.000
1075.352	12757.000
1075.492	12645.000
1075.633	12746.000
1075.773	12774.000
1075.914	12737.000
1076.054	12865.000
1076.195	12862.000
1076.335	12860.000
1076.476	13101.000
1076.617	13083.000
1076.757	13133.000
1076.898	13191.000
1077.038	13209.000
1077.179	13290.000
1077.319	13354.000
1077.460	13352.000
1077.600	13329.000
1077.741	13449.000
1077.881	13400.000
1078.022	13422.000
1078.162	13495.000
1078.303	13402.000
1078.443	13510.000
1078.584	13477.000
1078.724	13615.000
1078.864	13497.000
1079.005	13463.000
1079.145	13437.000
1079.286	13416.000
1079.426	13453.000
1079.567	13438.000
1079.707	13427.000
1079.848	13510.000
1079.988	13478.000
1080.128	13474.000
1080.269	13576.000
1080.409	13526.000
1080.550	13540.000
1080.690	13520.000
1080.830	13564.000
1080.971	13616.000
1081.111	13545.000
1081.252	13679.000
1081.392	13625.000
1081.532	13741.000
1081.673	13699.000
1081.813	13718.000
1081.953	13744.000
1082.094	13839.000
1082.234	13734.000
1082.374	13927.000
1082.515	13927.000
1082.655	14046.000
1082.795	13989.000
1082.936	14109.000
1083.076	14069.000
1083.216	14279.000
1083.356	14129.000
1083.497	14236.000
1083.637	14160.000
1083.777	14344.000
1083.918	14327.000
1084.058	14470.000
1084.198	14416.000
1084.338	14571.000
1084.479	14465.000
1084.619	14635.000
1084.759	14725.000
1084.899	14907.000
1085.040	14915.000
1085.180	15003.000
1085.320	15137.000
1085.460	15270.000
1085.601	15248.000
1085.741	15264.000
1085.881	15417.000
1086.021	15612.000
1086.161	15587.000
1086.302	15646.000
1086.442	15845.000
1086.582	16020.000
1086.722	15927.000
1086.862	16248.000
1087.002	16270.000
1087.143	16620.000
1087.283	16700.000
1087.423	16765.000
1087.563	16814.000
1087.703	17059.000
1087.843	17124.000
1087.984	17333.000
1088.124	17454.000
1088.264	17731.000
1088.404	17849.000
1088.544	17958.000
1088.684	18234.000
1088.824	18457.000
1088.964	18647.000
1089.104	18826.000
1089.244	18955.000
1089.385	19217.000
1089.525	19227.000
1089.665	19403.000
1089.805	19531.000
1089.945	19691.000
1090.085	19609.000
1090.225	19891.000
1090.365	19963.000
1090.505	19821.000
1090.645	19912.000
1090.785	19906.000
1090.925	19827.000
1091.065	19784.000
1091.205	19703.000
1091.345	19600.000
1091.485	19484.000
1091.625	19420.000
1091.765	19346.000
1091.905	19311.000
1092.045	19277.000
1092.185	19210.000
1092.325	19194.000
1092.465	19140.000
1092.605	19023.000
1092.745	19254.000
1092.885	19279.000
1093.025	19210.000
1093.165	19386.000
1093.305	19493.000
1093.445	19597.000
1093.585	19770.000
1093.725	17830.000
1093.865	20301.000
1094.005	20638.000
1094.144	20948.000
1094.284	21379.000
1094.424	21896.000
1094.564	22306.000
1094.704	22820.000
1094.844	23164.000
1094.984	23504.000
1095.124	23654.000
1095.264	24045.000
1095.403	24267.000
1095.543	24657.000
1095.683	24788.000
1095.823	25043.000
1095.963	25224.000
1096.103	25576.000
1096.243	25723.000
1096.382	26012.000
1096.522	26474.000
1096.662	26652.000
1096.802	27003.000
1096.942	27174.000
1097.081	27536.000
1097.221	27993.000
1097.361	28142.000
1097.501	28633.000
1097.641	28946.000
1097.780	29285.000
1097.920	29782.000
1098.060	30070.000
1098.200	30572.000
1098.339	30965.000
1098.479	31484.000
1098.619	31863.000
1098.759	32601.000
1098.899	33023.000
1099.038	33686.000
1099.178	34270.000
1099.318	34762.000
1099.457	35508.000
1099.597	35926.000
1099.737	36667.000
1099.877	37313.000
1100.016	37847.000
1100.156	38496.000
1100.296	39117.000
1100.435	39763.000
1100.575	40402.000
1100.715	41192.000
1100.854	41707.000
1100.994	42380.000
1101.134	43055.000
1101.273	43670.000
1101.413	44189.000
1101.553	45118.000
1101.692	45661.000
1101.832	46195.000
1101.972	47069.000
1102.111	50607.000
1102.251	48342.000
1102.390	48838.000
1102.530	49422.000
1102.670	50145.000
1102.809	50552.000
1102.949	51217.000
1103.088	51748.000
1103.228	52222.000
1103.368	52777.000
1103.507	53396.000
1103.647	53613.000
1103.786	54252.000
1103.926	54540.000
1104.066	55176.000
1104.205	55171.000
1104.345	55846.000
1104.484	55972.000
1104.624	56311.000
1104.763	56543.000
1104.903	56821.000
1105.042	56907.000
1105.182	57166.000
1105.321	57161.000
1105.461	57554.000
1105.600	57342.000
1105.740	57572.000
1105.879	57356.000
1106.019	57794.000
1106.158	57344.000
1106.298	57394.000
1106.437	57124.000
1106.577	57320.000
1106.716	57095.000
1106.856	56959.000
1106.995	56500.000
1107.135	56383.000
1107.274	55912.000
1107.413	55700.000
1107.553	55410.000
1107.692	55113.000
1107.832	54698.000
1107.971	54313.000
1108.111	54024.000
1108.250	53621.000
1108.389	53000.000
1108.529	52531.000
1108.668	51964.000
1108.808	51542.000
1108.947	51205.000
1109.086	50559.000
1109.226	49595.000
1109.365	49220.000
1109.504	48694.000
1109.644	48125.000
1109.783	47383.000
1109.922	46917.000
1110.062	46359.000
1110.201	45833.000
1110.340	44910.000
1110.480	44509.000
1110.619	43768.000
1110.758	43227.000
1110.898	42707.000
1111.037	42195.000
1111.176	41507.000
1111.316	40771.000
1111.455	40289.000
1111.594	39678.000
1111.734	39112.000
1111.873	38445.000
1112.012	37888.000
1112.151	37415.000
1112.291	37067.000
1112.430	36490.000
1112.569	35950.000
1112.708	35324.000
1112.848	34868.000
1112.987	34260.000
1113.126	33850.000
1113.265	33558.000
1113.405	33210.000
1113.544	32636.000
1113.683	32083.000
1113.822	31708.000
1113.961	31477.000
1114.101	30940.000
1114.240	30478.000
1114.379	30213.000
1114.518	29663.000
1114.657	29333.000
1114.797	28880.000
