829.593	3457.000
829.736	3561.000
829.879	3402.000
830.022	3653.000
830.166	3425.000
830.309	3657.000
830.452	3406.000
830.595	3628.000
830.738	3445.000
830.881	3644.000
831.024	3378.000
831.167	3643.000
831.310	3442.000
831.453	3592.000
831.597	3409.000
831.740	3681.000
831.883	3355.000
832.026	3662.000
832.169	3360.000
832.312	3655.000
832.455	3347.000
832.598	3578.000
832.741	3520.000
832.884	3618.000
833.027	3463.000
833.170	3588.000
833.314	3412.000
833.457	3597.000
833.600	3405.000
833.743	3598.000
833.886	3426.000
834.029	3677.000
834.172	3460.000
834.315	3606.000
834.458	3384.000
834.601	3605.000
834.744	3504.000
834.887	3596.000
835.030	3508.000
835.173	3637.000
835.316	3407.000
835.459	3644.000
835.602	3411.000
835.745	3649.000
835.889	3387.000
836.032	3623.000
836.175	3461.000
836.318	3575.000
836.461	3422.000
836.604	3618.000
836.747	3407.000
836.890	3577.000
837.033	3459.000
837.176	3634.000
837.319	3382.000
837.462	3623.000
837.605	3372.000
837.748	3632.000
837.891	3357.000
838.034	3563.000
838.177	3461.000
838.320	3567.000
838.463	3393.000
838.606	3542.000
838.749	3338.000
838.892	3640.000
839.035	3406.000
839.178	3563.000
839.321	3369.000
839.464	3580.000
839.607	3390.000
839.750	3564.000
839.893	3414.000
840.036	3580.000
840.179	3318.000
840.322	3579.000
840.465	3354.000
840.608	3546.000
840.751	3371.000
840.894	3641.000
841.037	3343.000
841.180	3556.000
841.323	3396.000
841.465	3546.000
841.608	3351.000
841.751	3555.000
841.894	3311.000
842.037	3533.000
842.180	3408.000
842.323	3540.000
842.466	3367.000
842.609	3565.000
842.752	3417.000
842.895	3550.000
843.038	3395.000
843.181	3552.000
843.324	3316.000
843.467	3515.000
843.610	3380.000
843.753	3568.000
843.896	3333.000
844.039	3475.000
844.181	3320.000
844.324	3466.000
844.467	3321.000
844.610	3560.000
844.753	3313.000
844.896	3536.000
845.039	3325.000
845.182	3494.000
845.325	3368.000
845.468	3524.000
845.611	3215.000
845.753	3545.000
845.896	3341.000
846.039	3483.000
846.182	3342.000
846.325	3556.000
846.468	3373.000
846.611	3526.000
846.754	3378.000
846.897	3499.000
847.040	3342.000
847.182	3579.000
847.325	3305.000
847.468	3522.000
847.611	3255.000
847.754	3439.000
847.897	3396.000
848.040	3550.000
848.183	3353.000
848.325	3514.000
848.468	3317.000
848.611	3472.000
848.754	3315.000
848.897	3496.000
849.040	3365.000
849.183	3549.000
849.326	3315.000
849.468	3537.000
849.611	3380.000
849.754	3535.000
849.897	3309.000
850.040	3485.000
850.183	3345.000
850.325	3555.000
850.468	3386.000
850.611	3486.000
850.754	3319.000
850.897	3533.000
851.040	3339.000
851.183	3520.000
851.325	3336.000
851.468	3474.000
851.611	3305.000
851.754	3551.000
851.897	3355.000
852.039	3546.000
852.182	3340.000
852.325	3547.000
852.468	3363.000
852.611	3499.000
852.754	3348.000
852.896	3537.000
853.039	3288.000
853.182	3534.000
853.325	3388.000
853.468	3508.000
853.610	3341.000
853.753	3561.000
853.896	3261.000
854.039	3552.000
854.182	3362.000
854.324	3458.000
854.467	3348.000
854.610	3527.000
854.753	3259.000
854.895	3516.000
855.038	3234.000
855.181	3434.000
855.324	3300.000
855.467	3527.000
855.609	3334.000
855.752	3533.000
855.895	3255.000
856.038	3416.000
856.180	3345.000
856.323	3485.000
856.466	3360.000
856.609	3540.000
856.752	3331.000
856.894	3478.000
857.037	3295.000
857.180	3503.000
857.323	3335.000
857.465	3574.000
857.608	3287.000
857.751	3472.000
857.894	3223.000
858.036	3549.000
858.179	3420.000
858.322	3457.000
858.464	3355.000
858.607	3482.000
858.750	3286.000
858.893	3478.000
859.035	3312.000
859.178	3563.000
859.321	3269.000
859.464	3536.000
859.606	3300.000
859.749	3497.000
859.892	3282.000
860.034	3547.000
860.177	3309.000
860.320	3517.000
860.463	3270.000
860.605	3490.000
860.748	3259.000
860.891	3466.000
861.033	3317.000
861.176	3514.000
861.319	3316.000
861.461	3526.000
861.604	3182.000
861.747	3537.000
861.890	3264.000
862.032	3481.000
862.175	3272.000
862.318	3567.000
862.460	3318.000
862.603	3533.000
862.746	3289.000
862.888	3518.000
863.031	3286.000
863.174	3457.000
863.316	3320.000
863.459	3542.000
863.602	3266.000
863.744	3452.000
863.887	3294.000
864.030	3498.000
864.172	3311.000
864.315	3485.000
864.458	3259.000
864.600	3512.000
864.743	3310.000
864.886	3532.000
865.028	3343.000
865.171	3559.000
865.314	3322.000
865.456	3458.000
865.599	3275.000
865.741	3442.000
865.884	3258.000
866.027	3531.000
866.169	3407.000
866.312	3539.000
866.455	3288.000
866.597	3566.000
866.740	3391.000
866.882	3486.000
867.025	3288.000
867.168	3540.000
867.310	3329.000
867.453	3512.000
867.596	3306.000
867.738	3525.000
867.881	3291.000
868.023	3480.000
868.166	3318.000
868.309	3528.000
868.451	3321.000
868.594	3475.000
868.736	3326.000
868.879	3512.000
869.022	3323.000
869.164	3591.000
869.307	3350.000
869.449	3494.000
869.592	3342.000
869.735	3538.000
869.877	3281.000
870.020	3520.000
870.162	3401.000
870.305	3537.000
870.447	3316.000
870.590	3454.000
870.733	3295.000
870.875	3488.000
871.018	3286.000
871.160	3497.000
871.303	3380.000
871.445	3522.000
871.588	3315.000
871.731	3518.000
871.873	3161.000
872.016	3542.000
872.158	3290.000
872.301	3522.000
872.443	3292.000
872.586	3532.000
872.728	3289.000
872.871	3504.000
873.013	3380.000
873.156	3427.000
873.299	3274.000
873.441	3515.000
873.584	3311.000
873.726	3495.000
873.869	3276.000
874.011	3568.000
874.154	3379.000
874.296	3520.000
874.439	3302.000
874.581	3512.000
874.724	3387.000
874.866	3496.000
875.009	3296.000
875.151	3553.000
875.294	3328.000
875.436	3438.000
875.579	3352.000
875.721	3485.000
875.864	3315.000
876.006	3612.000
876.149	3308.000
876.291	3396.000
876.434	3323.000
876.576	3555.000
876.719	3373.000
876.861	3457.000
877.004	3251.000
877.146	3547.000
877.289	3312.000
877.431	3490.000
877.574	3300.000
877.716	3532.000
877.859	3343.000
878.001	3502.000
878.144	3372.000
878.286	3534.000
878.429	3321.000
878.571	3575.000
878.714	3292.000
878.856	3465.000
878.998	3370.000
879.141	3496.000
879.283	3239.000
879.426	3538.000
879.568	3264.000
879.711	3452.000
879.853	3299.000
879.996	3533.000
880.138	3319.000
880.281	3513.000
880.423	3339.000
880.565	3425.000
880.708	3312.000
880.850	3481.000
880.993	3400.000
881.135	3456.000
881.278	3341.000
881.420	3485.000
881.562	3326.000
881.705	3526.000
881.847	3281.000
881.990	3420.000
882.132	3317.000
882.275	3483.000
882.417	3305.000
882.559	3529.000
882.702	3286.000
882.844	3547.000
882.987	3255.000
883.129	3497.000
883.271	3286.000
883.414	3540.000
883.556	3310.000
883.699	3593.000
883.841	3254.000
883.983	3594.000
884.126	3325.000
884.268	3499.000
884.411	3305.000
884.553	3505.000
884.695	3324.000
884.838	3455.000
884.980	3299.000
885.122	3542.000
885.265	3280.000
885.407	3502.000
885.550	3327.000
885.692	3516.000
885.834	3405.000
885.977	3546.000
886.119	3362.000
886.261	3502.000
886.404	3267.000
886.546	3559.000
886.689	3190.000
886.831	3533.000
886.973	3347.000
887.116	3485.000
887.258	3379.000
887.400	3441.000
887.543	3218.000
887.685	3437.000
887.827	3349.000
887.970	3570.000
888.112	3323.000
888.254	3510.000
888.397	3266.000
888.539	3520.000
888.681	3326.000
888.824	3499.000
888.966	3236.000
889.108	3552.000
889.251	3358.000
889.393	3483.000
889.535	3298.000
889.678	3509.000
889.820	3251.000
889.962	3516.000
890.105	3351.000
890.247	3434.000
890.389	3238.000
890.531	3519.000
890.674	3315.000
890.816	3571.000
890.958	3283.000
891.101	3535.000
891.243	3312.000
891.385	3490.000
891.528	3346.000
891.670	3522.000
891.812	3332.000
891.954	3526.000
892.097	3350.000
892.239	3492.000
892.381	3331.000
892.524	3587.000
892.666	3337.000
892.808	3555.000
892.950	3318.000
893.093	3484.000
893.235	3302.000
893.377	3534.000
893.519	3273.000
893.662	3479.000
893.804	3299.000
893.946	3490.000
894.088	3275.000
894.231	3474.000
894.373	3348.000
894.515	3507.000
894.657	3323.000
894.800	3515.000
894.942	3389.000
895.084	3488.000
895.226	3299.000
895.369	3533.000
895.511	3402.000
895.653	3504.000
895.795	3277.000
895.938	3554.000
896.080	3312.000
896.222	3493.000
896.364	3300.000
896.507	3493.000
896.649	3329.000
896.791	3518.000
896.933	3306.000
897.075	3499.000
897.218	3282.000
897.360	3470.000
897.502	3368.000
897.644	3480.000
897.787	3272.000
897.929	3522.000
898.071	3222.000
898.213	3551.000
898.355	3375.000
898.498	3454.000
898.640	3292.000
898.782	3464.000
898.924	3352.000
899.066	3517.000
899.208	3354.000
899.351	3556.000
899.493	3302.000
899.635	3532.000
899.777	3308.000
899.919	3543.000
900.062	3321.000
900.204	3560.000
900.346	3331.000
900.488	3569.000
900.630	3330.000
900.772	3423.000
900.915	3289.000
901.057	3536.000
901.199	3274.000
901.341	3493.000
901.483	3287.000
901.625	3488.000
901.768	3322.000
901.910	3491.000
902.052	3297.000
902.194	3543.000
902.336	3178.000
902.478	3568.000
902.620	3310.000
902.763	3498.000
902.905	3346.000
903.047	3555.000
903.189	3309.000
903.331	3489.000
903.473	3306.000
903.615	3484.000
903.758	3336.000
903.900	3511.000
904.042	3250.000
904.184	3500.000
904.326	3450.000
904.468	3531.000
904.610	3322.000
904.752	3550.000
904.895	3280.000
905.037	3506.000
905.179	3290.000
905.321	3518.000
905.463	3280.000
905.605	3611.000
905.747	3329.000
905.889	3576.000
906.031	3320.000
906.173	3540.000
906.316	3338.000
906.458	3547.000
906.600	3269.000
906.742	3489.000
906.884	3309.000
907.026	3553.000
907.168	3361.000
907.310	3507.000
907.452	3238.000
907.594	3537.000
907.736	3328.000
907.878	3473.000
908.021	3341.000
908.163	3519.000
908.305	3270.000
908.447	3516.000
908.589	3275.000
908.731	3547.000
908.873	3345.000
909.015	3602.000
909.157	3324.000
909.299	3487.000
909.441	3283.000
909.583	3467.000
909.725	3350.000
909.867	3609.000
910.009	3301.000
910.151	3548.000
910.293	3239.000
910.435	3517.000
910.577	3362.000
910.719	3545.000
910.862	3312.000
911.004	3484.000
911.146	3423.000
911.288	3476.000
911.430	3327.000
911.572	3548.000
911.714	3278.000
911.856	3529.000
911.998	3273.000
912.140	3569.000
912.282	3368.000
912.424	3455.000
912.566	3309.000
912.708	3532.000
912.850	3305.000
912.992	3467.000
913.134	3225.000
913.276	3524.000
913.418	3398.000
913.560	3528.000
913.702	3359.000
913.844	3596.000
913.986	3328.000
914.128	3512.000
914.270	3311.000
914.412	3489.000
914.554	3258.000
914.696	3487.000
914.838	3379.000
914.980	3536.000
915.122	3274.000
915.264	3515.000
915.406	3310.000
915.548	3517.000
915.690	3254.000
915.831	3511.000
915.973	3306.000
916.115	3450.000
916.257	3254.000
916.399	3456.000
916.541	3375.000
916.683	3464.000
916.825	3278.000
916.967	3487.000
917.109	3327.000
917.251	3502.000
917.393	3298.000
917.535	3520.000
917.677	3283.000
917.819	3469.000
917.961	3283.000
918.103	3520.000
918.245	3305.000
918.387	3508.000
918.528	3301.000
918.670	3461.000
918.812	3253.000
918.954	3455.000
919.096	3246.000
919.238	3513.000
919.380	3364.000
919.522	3464.000
919.664	3277.000
919.806	3491.000
919.948	3291.000
920.090	3462.000
920.231	3250.000
920.373	3491.000
920.515	3250.000
920.657	3474.000
920.799	3284.000
920.941	3516.000
921.083	3266.000
921.225	3442.000
921.367	3226.000
921.509	3492.000
921.650	3311.000
921.792	3481.000
921.934	3308.000
922.076	3497.000
922.218	3212.000
922.360	3450.000
922.502	3350.000
922.644	3559.000
922.785	3309.000
922.927	3448.000
923.069	3332.000
923.211	3438.000
923.353	3249.000
923.495	3478.000
923.637	3300.000
923.779	3468.000
923.920	3251.000
924.062	3460.000
924.204	3261.000
924.346	3513.000
924.488	3297.000
924.630	3521.000
924.771	3219.000
924.913	3510.000
925.055	3279.000
925.197	3480.000
925.339	3268.000
925.481	3539.000
925.623	3246.000
925.764	3456.000
925.906	3269.000
926.048	3452.000
926.190	3250.000
926.332	3523.000
926.473	3269.000
926.615	3445.000
926.757	3301.000
926.899	3416.000
927.041	3302.000
927.183	3502.000
927.324	3305.000
927.466	3441.000
927.608	3254.000
927.750	3464.000
927.892	3304.000
928.033	3425.000
928.175	3310.000
928.317	3423.000
928.459	3327.000
928.601	3523.000
928.742	3253.000
928.884	3441.000
929.026	3316.000
929.168	3482.000
929.310	3274.000
929.451	3537.000
929.593	3344.000
929.735	3502.000
929.877	3353.000
930.018	3484.000
930.160	3329.000
930.302	3471.000
930.444	3253.000
930.585	3532.000
930.727	3323.000
930.869	3447.000
931.011	3330.000
931.153	3520.000
931.294	3260.000
931.436	3458.000
931.578	3270.000
931.720	3524.000
931.861	3264.000
932.003	3460.000
932.145	3332.000
932.287	3560.000
932.428	3469.000
932.570	3509.000
932.712	3312.000
932.854	3483.000
932.995	3214.000
933.137	3555.000
933.279	3280.000
933.420	3544.000
933.562	3278.000
933.704	3435.000
933.846	3342.000
933.987	3466.000
934.129	3284.000
934.271	3463.000
934.412	3297.000
934.554	3523.000
934.696	3283.000
934.838	3463.000
934.979	3277.000
935.121	3417.000
935.263	3262.000
935.404	3470.000
935.546	3299.000
935.688	3450.000
935.830	3356.000
935.971	3462.000
936.113	3246.000
936.255	3571.000
936.396	3278.000
936.538	3476.000
936.680	3303.000
936.821	3415.000
936.963	3291.000
937.105	3441.000
937.246	3278.000
937.388	3382.000
937.530	3309.000
937.671	3400.000
937.813	3322.000
937.955	3485.000
938.096	3307.000
938.238	3484.000
938.380	3305.000
938.521	3499.000
938.663	3297.000
938.805	3431.000
938.946	3324.000
939.088	3468.000
939.230	3307.000
939.371	3442.000
939.513	3296.000
939.655	3418.000
939.796	3309.000
939.938	3490.000
940.080	3345.000
940.221	3436.000
940.363	3271.000
940.504	3426.000
940.646	3277.000
940.788	3437.000
940.929	3273.000
941.071	3507.000
941.213	3289.000
941.354	3495.000
941.496	3270.000
941.637	3435.000
941.779	3273.000
941.921	3427.000
942.062	3218.000
942.204	3493.000
942.346	3266.000
942.487	3504.000
942.629	3318.000
942.770	3537.000
942.912	3274.000
943.054	3503.000
943.195	3297.000
943.337	3438.000
943.478	3287.000
943.620	3541.000
943.761	3253.000
943.903	3533.000
944.045	3293.000
944.186	3525.000
944.328	3245.000
944.469	3478.000
944.611	3276.000
944.753	3515.000
944.894	3286.000
945.036	3502.000
945.177	3339.000
945.319	3523.000
945.460	3339.000
945.602	3442.000
945.744	3317.000
945.885	3520.000
946.027	3290.000
946.168	3526.000
946.310	3257.000
946.451	3546.000
946.593	3278.000
946.734	3527.000
946.876	3247.000
947.018	3564.000
947.159	3365.000
947.301	3544.000
947.442	3275.000
947.584	3472.000
947.725	3297.000
947.867	3446.000
948.008	3347.000
948.150	3500.000
948.291	3335.000
948.433	3511.000
948.574	3348.000
948.716	3508.000
948.857	3356.000
948.999	3477.000
949.140	3315.000
949.282	3535.000
949.424	3309.000
949.565	3501.000
949.707	3291.000
949.848	3500.000
949.990	3241.000
950.131	3530.000
950.273	3375.000
950.414	3463.000
950.556	3360.000
950.697	3567.000
950.839	3284.000
950.980	3538.000
951.122	3340.000
951.263	3493.000
951.404	3314.000
951.546	3436.000
951.687	3295.000
951.829	3444.000
951.970	3320.000
952.112	3533.000
952.253	3322.000
952.395	3459.000
952.536	3296.000
952.678	3547.000
952.819	3364.000
952.961	3496.000
953.102	3378.000
953.244	3507.000
953.385	3333.000
953.527	3522.000
953.668	2938.000
953.809	3490.000
953.951	3301.000
954.092	3454.000
954.234	3227.000
954.375	3503.000
954.517	3300.000
954.658	3523.000
954.800	3356.000
954.941	3489.000
955.082	3341.000
955.224	3461.000
955.365	3316.000
955.507	3543.000
955.648	3362.000
955.790	3486.000
955.931	3259.000
956.072	3511.000
956.214	3249.000
956.355	3472.000
956.497	3304.000
956.638	3449.000
956.780	3315.000
956.921	3517.000
957.062	3281.000
957.204	3505.000
957.345	3216.000
957.487	3593.000
957.628	3347.000
957.769	3457.000
957.911	3325.000
958.052	3459.000
958.194	3287.000
958.335	3402.000
958.476	3224.000
958.618	3415.000
958.759	3256.000
958.901	3507.000
959.042	3283.000
959.183	3502.000
959.325	3288.000
959.466	3416.000
959.607	3227.000
959.749	3410.000
959.890	3197.000
960.032	3442.000
960.173	3187.000
960.314	3406.000
960.456	3202.000
960.597	3422.000
960.738	3317.000
960.880	3471.000
961.021	3215.000
961.162	3532.000
961.304	3208.000
961.445	3467.000
961.586	3280.000
961.728	3483.000
961.869	3256.000
962.011	3532.000
962.152	4610.000
962.293	3513.000
962.435	3290.000
962.576	3466.000
962.717	3328.000
962.859	3455.000
963.000	3191.000
963.141	3437.000
963.283	3373.000
963.424	3543.000
963.565	3346.000
963.706	3414.000
963.848	3275.000
963.989	3458.000
964.130	3345.000
964.272	3521.000
964.413	3280.000
964.554	3469.000
964.696	3264.000
964.837	3505.000
964.978	3341.000
965.120	3511.000
965.261	3304.000
965.402	3525.000
965.543	3332.000
965.685	3464.000
965.826	3261.000
965.967	3432.000
966.109	3268.000
966.250	3543.000
966.391	3289.000
966.532	3496.000
966.674	3235.000
966.815	3530.000
966.956	3281.000
967.098	3523.000
967.239	3280.000
967.380	3509.000
967.521	3188.000
967.663	3482.000
967.804	3240.000
967.945	3495.000
968.086	3244.000
968.228	3527.000
968.369	3288.000
968.510	3457.000
968.651	3292.000
968.793	3533.000
968.934	3223.000
969.075	3501.000
969.216	3330.000
969.358	3458.000
969.499	3251.000
969.640	3492.000
969.781	3277.000
969.923	3448.000
970.064	3292.000
970.205	3451.000
970.346	3286.000
970.488	3456.000
970.629	3320.000
970.770	3491.000
970.911	3333.000
971.053	3535.000
971.194	3235.000
971.335	3475.000
971.476	3247.000
971.617	3448.000
971.759	3350.000
971.900	3536.000
972.041	3292.000
972.182	3491.000
972.323	3327.000
972.465	3534.000
972.606	3323.000
972.747	3562.000
972.888	3324.000
973.029	3567.000
973.171	3285.000
973.312	3474.000
973.453	3304.000
973.594	3523.000
973.735	3308.000
973.877	3411.000
974.018	3353.000
974.159	3521.000
974.300	3359.000
974.441	3481.000
974.582	3294.000
974.724	3419.000
974.865	3377.000
975.006	3557.000
