969.812	3464.000
969.956	3590.000
970.101	3425.000
970.245	3681.000
970.389	3418.000
970.533	3659.000
970.678	3412.000
970.822	3643.000
970.966	3449.000
971.110	3639.000
971.255	3385.000
971.399	3678.000
971.543	3432.000
971.687	3596.000
971.831	3387.000
971.976	3668.000
972.120	3366.000
972.264	3673.000
972.408	3369.000
972.552	3690.000
972.697	3387.000
972.841	3581.000
972.985	3539.000
973.129	3626.000
973.273	3465.000
973.417	3611.000
973.562	3452.000
973.706	3599.000
973.850	3415.000
973.994	3603.000
974.138	3440.000
974.282	3685.000
974.426	3478.000
974.570	3634.000
974.715	3404.000
974.859	3617.000
975.003	3473.000
975.147	3609.000
975.291	3479.000
975.435	3662.000
975.579	3430.000
975.723	3691.000
975.867	3405.000
976.011	3694.000
976.155	3420.000
976.299	3642.000
976.444	3459.000
976.588	3597.000
976.732	3449.000
976.876	3636.000
977.020	3417.000
977.164	3610.000
977.308	3464.000
977.452	3655.000
977.596	3387.000
977.740	3608.000
977.884	3388.000
978.028	3635.000
978.172	3373.000
978.316	3587.000
978.460	3476.000
978.604	3582.000
978.748	3392.000
978.892	3563.000
979.036	3375.000
979.180	3616.000
979.323	3419.000
979.467	3567.000
979.611	3355.000
979.755	3593.000
979.899	3419.000
980.043	3591.000
980.187	3402.000
980.331	3600.000
980.475	3356.000
980.619	3557.000
980.763	3364.000
980.907	3543.000
981.050	3412.000
981.194	3641.000
981.338	3367.000
981.482	3563.000
981.626	3376.000
981.770	3592.000
981.914	3365.000
982.058	3568.000
982.201	3363.000
982.345	3560.000
982.489	3414.000
982.633	3556.000
982.777	3381.000
982.921	3578.000
983.064	3425.000
983.208	3583.000
983.352	3391.000
983.496	3547.000
983.640	3322.000
983.783	3569.000
983.927	3372.000
984.071	3579.000
984.215	3352.000
984.359	3506.000
984.502	3325.000
984.646	3470.000
984.790	3336.000
984.934	3582.000
985.077	3351.000
985.221	3538.000
985.365	3359.000
985.509	3523.000
985.652	3379.000
985.796	3522.000
985.940	3213.000
986.084	3578.000
986.227	3328.000
986.371	3486.000
986.515	3349.000
986.658	3561.000
986.802	3363.000
986.946	3539.000
987.089	3341.000
987.233	3503.000
987.377	3364.000
987.520	3588.000
987.664	3338.000
987.808	3546.000
987.951	3280.000
988.095	3459.000
988.239	3422.000
988.382	3542.000
988.526	3347.000
988.670	3535.000
988.813	3341.000
988.957	3492.000
989.100	3316.000
989.244	3517.000
989.388	3374.000
989.531	3564.000
989.675	3299.000
989.818	3542.000
989.962	3362.000
990.106	3541.000
990.249	3306.000
990.393	3455.000
990.536	3345.000
990.680	3556.000
990.823	3379.000
990.967	3525.000
991.110	3349.000
991.254	3545.000
991.398	3362.000
991.541	3527.000
991.685	3294.000
991.828	3506.000
991.972	3308.000
992.115	3557.000
992.259	3368.000
992.402	3561.000
992.546	3355.000
992.689	3582.000
992.833	3359.000
992.976	3496.000
993.120	3347.000
993.263	3543.000
993.406	3288.000
993.550	3507.000
993.693	3379.000
993.837	3534.000
993.980	3347.000
994.124	3541.000
994.267	3243.000
994.411	3529.000
994.554	3367.000
994.697	3457.000
994.841	3369.000
994.984	3554.000
995.128	3273.000
995.271	3546.000
995.414	3260.000
995.558	3452.000
995.701	3312.000
995.845	3543.000
995.988	3345.000
996.131	3542.000
996.275	3243.000
996.418	3428.000
996.561	3335.000
996.705	3476.000
996.848	3351.000
996.991	3546.000
997.135	3314.000
997.278	3475.000
997.421	3274.000
997.565	3507.000
997.708	3325.000
997.851	3575.000
997.995	3256.000
998.138	3482.000
998.281	3229.000
998.424	3523.000
998.568	3396.000
998.711	3461.000
998.854	3357.000
998.998	3495.000
999.141	3288.000
999.284	3516.000
999.427	3309.000
999.571	3560.000
999.714	3269.000
999.857	3502.000
1000.000	3298.000
1000.143	3498.000
1000.287	3252.000
1000.430	3587.000
1000.573	3302.000
1000.716	3492.000
1000.860	3246.000
1001.003	3463.000
1001.146	3244.000
1001.289	3462.000
1001.432	3322.000
1001.575	3549.000
1001.719	3295.000
1001.862	3518.000
1002.005	3183.000
1002.148	3528.000
1002.291	3261.000
1002.434	3498.000
1002.578	3291.000
1002.721	3562.000
1002.864	3314.000
1003.007	3523.000
1003.150	3273.000
1003.293	3528.000
1003.436	3305.000
1003.579	3473.000
1003.723	3315.000
1003.866	3530.000
1004.009	3262.000
1004.152	3454.000
1004.295	3278.000
1004.438	3485.000
1004.581	3318.000
1004.724	3477.000
1004.867	3245.000
1005.010	3505.000
1005.153	3306.000
1005.296	3518.000
1005.439	3376.000
1005.582	3549.000
1005.725	3316.000
1005.868	3448.000
1006.012	3271.000
1006.155	3506.000
1006.298	3264.000
1006.441	3537.000
1006.584	3373.000
1006.727	3548.000
1006.870	3281.000
1007.013	3579.000
1007.156	3399.000
1007.298	3465.000
1007.441	3282.000
1007.584	3537.000
1007.727	3298.000
1007.870	3512.000
1008.013	3263.000
1008.156	3552.000
1008.299	3306.000
1008.442	3483.000
1008.585	3309.000
1008.728	3502.000
1008.871	3340.000
1009.014	3500.000
1009.157	3310.000
1009.300	3538.000
1009.443	3323.000
1009.585	3591.000
1009.728	3338.000
1009.871	3479.000
1010.014	3322.000
1010.157	3536.000
1010.300	3255.000
1010.443	3515.000
1010.586	3416.000
1010.728	3530.000
1010.871	3329.000
1011.014	3485.000
1011.157	3304.000
1011.300	3533.000
1011.443	3366.000
1011.585	3595.000
1011.728	3456.000
1011.871	3632.000
1012.014	3395.000
1012.157	3605.000
1012.300	3283.000
1012.442	3640.000
1012.585	3370.000
1012.728	3565.000
1012.871	3372.000
1013.013	3627.000
1013.156	3388.000
1013.299	3559.000
1013.442	3456.000
1013.585	3524.000
1013.727	3315.000
1013.870	3611.000
1014.013	3387.000
1014.156	3547.000
1014.298	3354.000
1014.441	3649.000
1014.584	3471.000
1014.726	3631.000
1014.869	3429.000
1015.012	3677.000
1015.155	3552.000
1015.297	3755.000
1015.440	3511.000
1015.583	3797.000
1015.725	3555.000
1015.868	3651.000
1016.011	3559.000
1016.153	3665.000
1016.296	3481.000
1016.439	3745.000
1016.581	3436.000
1016.724	3573.000
1016.867	3460.000
1017.009	3678.000
1017.152	3517.000
1017.295	3585.000
1017.437	3347.000
1017.580	3613.000
1017.722	3344.000
1017.865	3506.000
1018.008	3276.000
1018.150	3532.000
1018.293	3303.000
1018.435	3497.000
1018.578	3362.000
1018.721	3518.000
1018.863	3310.000
1019.006	3569.000
1019.148	3267.000
1019.291	3466.000
1019.433	3333.000
1019.576	3512.000
1019.718	3221.000
1019.861	3531.000
1020.003	3211.000
1020.146	3443.000
1020.289	3304.000
1020.431	3512.000
1020.574	3308.000
1020.716	3501.000
1020.859	3290.000
1021.001	3383.000
1021.144	3290.000
1021.286	3468.000
1021.429	3389.000
1021.571	3435.000
1021.713	3296.000
1021.856	3456.000
1021.998	3297.000
1022.141	3489.000
1022.283	3260.000
1022.426	3433.000
1022.568	3272.000
1022.711	3468.000
1022.853	3283.000
1022.996	3470.000
1023.138	3212.000
1023.280	3521.000
1023.423	3215.000
1023.565	3477.000
1023.708	3250.000
1023.850	3513.000
1023.992	3279.000
1024.135	3570.000
1024.277	3235.000
1024.420	3580.000
1024.562	3284.000
1024.704	3510.000
1024.847	3319.000
1024.989	3490.000
1025.131	3292.000
1025.274	3456.000
1025.416	3298.000
1025.558	3518.000
1025.701	3265.000
1025.843	3466.000
1025.985	3283.000
1026.128	3518.000
1026.270	3393.000
1026.412	3548.000
1026.555	3355.000
1026.697	3471.000
1026.839	3263.000
1026.982	3550.000
1027.124	3209.000
1027.266	3503.000
1027.408	3311.000
1027.551	3486.000
1027.693	3376.000
1027.835	3436.000
1027.977	3212.000
1028.120	3421.000
1028.262	3332.000
1028.404	3571.000
1028.546	3278.000
1028.689	3467.000
1028.831	3245.000
1028.973	3522.000
1029.115	3319.000
1029.257	3481.000
1029.400	3223.000
1029.542	3535.000
1029.684	3361.000
1029.826	3473.000
1029.968	3260.000
1030.111	3524.000
1030.253	3273.000
1030.395	3526.000
1030.537	3326.000
1030.679	3434.000
1030.821	3199.000
1030.964	3493.000
1031.106	3314.000
1031.248	3565.000
1031.390	3247.000
1031.532	3511.000
1031.674	3296.000
1031.816	3475.000
1031.958	3299.000
1032.101	3529.000
1032.243	3309.000
1032.385	3510.000
1032.527	3306.000
1032.669	3501.000
1032.811	3349.000
1032.953	3559.000
1033.095	3348.000
1033.237	3543.000
1033.379	3298.000
1033.521	3460.000
1033.663	3263.000
1033.805	3541.000
1033.948	3273.000
1034.090	3461.000
1034.232	3282.000
1034.374	3445.000
1034.516	3267.000
1034.658	3450.000
1034.800	3319.000
1034.942	3490.000
1035.084	3308.000
1035.226	3533.000
1035.368	3348.000
1035.510	3484.000
1035.652	3287.000
1035.794	3520.000
1035.936	3347.000
1036.078	3491.000
1036.220	3283.000
1036.362	3587.000
1036.503	3307.000
1036.645	3480.000
1036.787	3303.000
1036.929	3489.000
1037.071	3320.000
1037.213	3540.000
1037.355	3287.000
1037.497	3490.000
1037.639	3261.000
1037.781	3461.000
1037.923	3369.000
1038.065	3460.000
1038.207	3259.000
1038.348	3489.000
1038.490	3221.000
1038.632	3557.000
1038.774	3381.000
1038.916	3463.000
1039.058	3316.000
1039.200	3448.000
1039.342	3357.000
1039.483	3503.000
1039.625	3358.000
1039.767	3539.000
1039.909	3288.000
1040.051	3518.000
1040.193	3317.000
1040.334	3532.000
1040.476	3313.000
1040.618	3563.000
1040.760	3320.000
1040.902	3563.000
1041.043	3323.000
1041.185	3398.000
1041.327	3254.000
1041.469	3536.000
1041.611	3260.000
1041.752	3515.000
1041.894	3281.000
1042.036	3496.000
1042.178	3309.000
1042.319	3470.000
1042.461	3314.000
1042.603	3551.000
1042.745	3199.000
1042.886	3570.000
1043.028	3297.000
1043.170	3515.000
1043.311	3331.000
1043.453	3536.000
1043.595	3321.000
1043.737	3487.000
1043.878	3280.000
1044.020	3472.000
1044.162	3324.000
1044.303	3511.000
1044.445	3246.000
1044.587	3514.000
1044.728	3444.000
1044.870	3538.000
1045.012	3313.000
1045.153	3557.000
1045.295	3286.000
1045.437	3506.000
1045.578	3291.000
1045.720	3512.000
1045.861	3262.000
1046.003	3642.000
1046.145	3327.000
1046.286	3583.000
1046.428	3321.000
1046.569	3535.000
1046.711	3336.000
1046.853	3558.000
1046.994	3226.000
1047.136	3490.000
1047.277	3271.000
1047.419	3540.000
1047.561	3347.000
1047.702	3527.000
1047.844	3248.000
1047.985	3511.000
1048.127	3320.000
1048.268	3478.000
1048.410	3325.000
1048.551	3518.000
1048.693	3261.000
1048.834	3527.000
1048.976	3269.000
1049.117	3551.000
1049.259	3341.000
1049.400	3624.000
1049.542	3349.000
1049.683	3512.000
1049.825	3282.000
1049.966	3485.000
1050.108	3368.000
1050.249	3595.000
1050.391	3312.000
1050.532	3541.000
1050.674	3241.000
1050.815	3535.000
1050.957	3356.000
1051.098	3575.000
1051.239	3299.000
1051.381	3528.000
1051.522	3440.000
1051.664	3494.000
1051.805	3340.000
1051.947	3577.000
1052.088	3297.000
1052.229	3541.000
1052.371	3298.000
1052.512	3583.000
1052.654	3403.000
1052.795	3456.000
1052.936	3328.000
1053.078	3544.000
1053.219	3354.000
1053.360	3472.000
1053.502	3260.000
1053.643	3541.000
1053.784	3397.000
1053.926	3566.000
1054.067	3396.000
1054.208	3633.000
1054.350	3355.000
1054.491	3565.000
1054.632	3374.000
1054.774	3554.000
1054.915	3260.000
1055.056	3506.000
1055.198	3417.000
1055.339	3588.000
1055.480	3329.000
1055.622	3568.000
1055.763	3359.000
1055.904	3572.000
1056.045	3281.000
1056.187	3566.000
1056.328	3341.000
1056.469	3525.000
1056.610	3298.000
1056.752	3509.000
1056.893	3429.000
1057.034	3535.000
1057.175	3325.000
1057.316	3540.000
1057.458	3385.000
1057.599	3555.000
1057.740	3347.000
1057.881	3605.000
1058.023	3361.000
1058.164	3542.000
1058.305	3355.000
1058.446	3587.000
1058.587	3362.000
1058.728	3530.000
1058.870	3352.000
1059.011	3529.000
1059.152	3320.000
1059.293	3478.000
1059.434	3310.000
1059.575	3584.000
1059.716	3410.000
1059.858	3511.000
1059.999	3341.000
1060.140	3523.000
1060.281	3349.000
1060.422	3516.000
1060.563	3301.000
1060.704	3539.000
1060.845	3291.000
1060.986	3544.000
1061.128	3375.000
1061.269	3555.000
1061.410	3324.000
1061.551	3525.000
1061.692	3316.000
1061.833	3624.000
1061.974	3489.000
1062.115	3740.000
1062.256	3651.000
1062.397	3908.000
1062.538	3798.000
1062.679	4371.000
1062.820	4566.000
1062.961	4954.000
1063.102	5174.000
1063.243	5983.000
1063.384	6049.000
1063.525	7302.000
1063.666	6582.000
1063.807	7240.000
1063.948	7662.000
1064.089	6465.000
1064.230	5988.000
1064.371	6980.000
1064.512	7299.000
1064.653	5590.000
1064.794	6107.000
1064.935	5457.000
1065.076	5519.000
1065.217	6023.000
1065.358	5518.000
1065.499	5029.000
1065.640	4427.000
1065.781	4428.000
1065.922	4003.000
1066.062	4163.000
1066.203	3940.000
1066.344	4047.000
1066.485	3921.000
1066.626	4188.000
1066.767	3951.000
1066.908	4154.000
1067.049	4006.000
1067.190	4177.000
1067.330	4014.000
1067.471	4215.000
1067.612	3983.000
1067.753	4073.000
1067.894	3854.000
1068.035	3926.000
1068.176	3655.000
1068.316	3695.000
1068.457	3485.000
1068.598	3576.000
1068.739	3430.000
1068.880	3628.000
1069.020	3370.000
1069.161	3539.000
1069.302	3454.000
1069.443	3569.000
1069.584	3375.000
1069.724	3686.000
1069.865	3425.000
1070.006	3594.000
1070.147	3439.000
1070.287	3586.000
1070.428	3413.000
1070.569	3559.000
1070.710	3376.000
1070.850	3624.000
1070.991	3421.000
1071.132	3537.000
1071.273	3445.000
1071.413	3619.000
1071.554	3380.000
1071.695	3551.000
1071.836	3379.000
1071.976	3632.000
1072.117	3371.000
1072.258	3576.000
1072.398	3420.000
1072.539	3683.000
1072.680	3628.000
1072.820	3609.000
1072.961	3396.000
1073.102	3579.000
1073.242	3363.000
1073.383	3653.000
1073.524	3400.000
1073.664	3654.000
1073.805	3380.000
1073.946	3524.000
1074.086	3456.000
1074.227	3567.000
1074.367	3392.000
1074.508	3577.000
1074.649	3405.000
1074.789	3624.000
1074.930	3392.000
1075.070	3553.000
1075.211	3383.000
1075.352	3506.000
1075.492	3366.000
1075.633	3591.000
1075.773	3409.000
1075.914	3572.000
1076.054	3456.000
1076.195	3584.000
1076.335	3380.000
1076.476	3661.000
1076.617	3411.000
1076.757	3602.000
1076.898	3443.000
1077.038	3558.000
1077.179	3428.000
1077.319	3586.000
1077.460	3444.000
1077.600	3527.000
1077.741	3448.000
1077.881	3580.000
1078.022	3465.000
1078.162	3612.000
1078.303	3450.000
1078.443	3664.000
1078.584	3456.000
1078.724	3677.000
1078.864	3437.000
1079.005	3600.000
1079.145	3476.000
1079.286	3606.000
1079.426	3497.000
1079.567	3624.000
1079.707	3432.000
1079.848	3584.000
1079.988	3485.000
1080.128	3643.000
1080.269	3537.000
1080.409	3622.000
1080.550	3471.000
1080.690	3611.000
1080.830	3463.000
1080.971	3619.000
1081.111	3475.000
1081.252	3699.000
1081.392	3503.000
1081.532	3673.000
1081.673	3470.000
1081.813	3639.000
1081.953	3513.000
1082.094	3637.000
1082.234	3445.000
1082.374	3733.000
1082.515	3535.000
1082.655	3758.000
1082.795	3582.000
1082.936	3794.000
1083.076	3545.000
1083.216	3776.000
1083.356	3571.000
1083.497	3725.000
1083.637	3539.000
1083.777	3822.000
1083.918	3564.000
1084.058	3873.000
1084.198	3647.000
1084.338	3876.000
1084.479	3613.000
1084.619	3860.000
1084.759	3698.000
1084.899	3875.000
1085.040	3735.000
1085.180	3901.000
1085.320	3769.000
1085.460	3969.000
1085.601	3822.000
1085.741	3950.000
1085.881	3800.000
1086.021	4029.000
1086.161	3811.000
1086.302	4056.000
1086.442	3842.000
1086.582	4085.000
1086.722	3848.000
1086.862	4152.000
1087.002	3934.000
1087.143	4199.000
1087.283	4035.000
1087.423	4225.000
1087.563	3986.000
1087.703	4219.000
1087.843	4055.000
1087.984	4238.000
1088.124	4122.000
1088.264	4324.000
1088.404	4175.000
1088.544	4357.000
1088.684	4238.000
1088.824	4425.000
1088.964	4292.000
1089.104	4434.000
1089.244	4256.000
1089.385	4501.000
1089.525	4292.000
1089.665	4469.000
1089.805	4296.000
1089.945	4494.000
1090.085	4268.000
1090.225	4547.000
1090.365	4366.000
1090.505	4461.000
1090.645	4387.000
1090.785	4597.000
1090.925	4284.000
1091.065	4495.000
1091.205	4335.000
1091.345	4436.000
1091.485	4242.000
1091.625	4360.000
1091.765	4231.000
1091.905	4347.000
1092.045	4221.000
1092.185	4355.000
1092.325	4166.000
1092.465	4291.000
1092.605	4127.000
1092.745	4370.000
1092.885	4171.000
1093.025	4288.000
1093.165	4180.000
1093.305	4314.000
1093.445	4162.000
1093.585	4311.000
1093.725	3761.000
1093.865	4286.000
1094.005	4155.000
1094.144	4290.000
1094.284	4095.000
1094.424	4359.000
1094.564	4150.000
1094.704	4387.000
1094.844	4276.000
1094.984	4383.000
1095.124	4215.000
1095.264	4334.000
1095.403	4170.000
1095.543	4359.000
1095.683	4197.000
1095.823	4323.000
1095.963	4042.000
1096.103	4288.000
1096.243	4054.000
1096.382	4242.000
1096.522	4054.000
1096.662	4167.000
1096.802	4002.000
1096.942	4201.000
1097.081	3965.000
1097.221	4191.000
1097.361	3888.000
1097.501	4209.000
1097.641	3968.000
1097.780	4044.000
1097.920	3954.000
1098.060	4038.000
1098.200	3859.000
1098.339	3995.000
1098.479	3770.000
1098.619	3974.000
1098.759	3805.000
1098.899	4054.000
1099.038	3814.000
1099.178	4006.000
1099.318	3796.000
1099.457	3925.000
1099.597	3763.000
1099.737	3925.000
1099.877	3678.000
1100.016	3911.000
1100.156	3659.000
1100.296	3896.000
1100.435	3707.000
1100.575	3899.000
1100.715	3808.000
1100.854	3930.000
1100.994	3697.000
1101.134	3985.000
1101.273	3669.000
1101.413	3883.000
1101.553	3716.000
1101.692	3931.000
1101.832	3699.000
1101.972	3982.000
1102.111	5095.000
1102.251	3930.000
1102.390	3735.000
1102.530	3889.000
1102.670	3742.000
1102.809	3865.000
1102.949	3637.000
1103.088	3831.000
1103.228	3796.000
1103.368	3950.000
1103.507	3755.000
1103.647	3871.000
1103.786	3698.000
1103.926	3892.000
1104.066	3765.000
1104.205	3969.000
1104.345	3726.000
1104.484	3880.000
1104.624	3677.000
1104.763	3949.000
1104.903	3737.000
1105.042	3940.000
1105.182	3753.000
1105.321	3967.000
1105.461	3778.000
1105.600	3922.000
1105.740	3712.000
1105.879	3887.000
1106.019	3705.000
1106.158	4024.000
1106.298	3730.000
1106.437	3958.000
1106.577	3739.000
1106.716	4009.000
1106.856	3780.000
1106.995	4032.000
1107.135	3786.000
1107.274	4005.000
1107.413	3692.000
1107.553	3992.000
1107.692	3756.000
1107.832	4053.000
1107.971	3777.000
1108.111	4074.000
1108.250	3833.000
1108.389	4009.000
1108.529	3843.000
1108.668	4108.000
1108.808	3795.000
1108.947	4082.000
1109.086	3910.000
1109.226	4029.000
1109.365	3874.000
1109.504	4124.000
1109.644	3891.000
1109.783	4106.000
1109.922	3914.000
1110.062	4111.000
1110.201	3999.000
1110.340	4138.000
1110.480	4035.000
1110.619	4188.000
1110.758	4051.000
1110.898	4291.000
1111.037	4031.000
1111.176	4256.000
1111.316	4059.000
1111.455	4252.000
1111.594	4194.000
1111.734	4351.000
1111.873	4140.000
1112.012	4359.000
1112.151	4252.000
1112.291	4449.000
1112.430	4239.000
1112.569	4506.000
1112.708	4324.000
1112.848	4549.000
1112.987	4333.000
1113.126	4521.000
1113.265	4378.000
1113.405	4640.000
1113.544	4436.000
1113.683	4561.000
1113.822	4547.000
1113.961	4749.000
1114.101	4618.000
1114.240	4751.000
1114.379	4625.000
1114.518	4739.000
1114.657	4755.000
1114.797	4954.000
