1109.929	4014.000
1110.074	4131.000
1110.220	4037.000
1110.366	4250.000
1110.511	4040.000
1110.657	4289.000
1110.802	4062.000
1110.948	4270.000
1111.094	4145.000
1111.239	4282.000
1111.385	4120.000
1111.530	4376.000
1111.676	4218.000
1111.821	4325.000
1111.967	4224.000
1112.112	4466.000
1112.258	4196.000
1112.403	4470.000
1112.549	4277.000
1112.694	4502.000
1112.840	4306.000
1112.985	4516.000
1113.131	4523.000
1113.276	4599.000
1113.421	4530.000
1113.567	4627.000
1113.712	4557.000
1113.858	4663.000
1114.003	4606.000
1114.149	4737.000
1114.294	4691.000
1114.439	4875.000
1114.585	4796.000
1114.730	4869.000
1114.875	4806.000
1115.021	4957.000
1115.166	4958.000
1115.311	5043.000
1115.457	5050.000
1115.602	5203.000
1115.747	5106.000
1115.893	5252.000
1116.038	5187.000
1116.183	5388.000
1116.329	5288.000
1116.474	5461.000
1116.619	5484.000
1116.764	5528.000
1116.910	5623.000
1117.055	5696.000
1117.200	5682.000
1117.345	5811.000
1117.490	5895.000
1117.636	6004.000
1117.781	5992.000
1117.926	6156.000
1118.071	6167.000
1118.216	6326.000
1118.362	6353.000
1118.507	6459.000
1118.652	6641.000
1118.797	6651.000
1118.942	6783.000
1119.087	6807.000
1119.232	7004.000
1119.377	7146.000
1119.523	7303.000
1119.668	7277.000
1119.813	7498.000
1119.958	7592.000
1120.103	7819.000
1120.248	7832.000
1120.393	8148.000
1120.538	8182.000
1120.683	8422.000
1120.828	8473.000
1120.973	8773.000
1121.118	8767.000
1121.263	9206.000
1121.408	9245.000
1121.553	9602.000
1121.698	9592.000
1121.843	10056.000
1121.988	10053.000
1122.133	10513.000
1122.278	10423.000
1122.423	11038.000
1122.568	10909.000
1122.713	11591.000
1122.858	11382.000
1123.002	12075.000
1123.147	11986.000
1123.292	12705.000
1123.437	12471.000
1123.582	13265.000
1123.727	13020.000
1123.872	13856.000
1124.017	13690.000
1124.161	14638.000
1124.306	14390.000
1124.451	15347.000
1124.596	14953.000
1124.741	16032.000
1124.885	15674.000
1125.030	16758.000
1125.175	16423.000
1125.320	17467.000
1125.465	17092.000
1125.609	18227.000
1125.754	17709.000
1125.899	18911.000
1126.044	18360.000
1126.188	19392.000
1126.333	19006.000
1126.478	20166.000
1126.622	19451.000
1126.767	20784.000
1126.912	19927.000
1127.056	21151.000
1127.201	20287.000
1127.346	21377.000
1127.490	20541.000
1127.635	21594.000
1127.780	20697.000
1127.924	21654.000
1128.069	20613.000
1128.214	21480.000
1128.358	20368.000
1128.503	21431.000
1128.647	20216.000
1128.792	21062.000
1128.937	19908.000
1129.081	20618.000
1129.226	19353.000
1129.370	20059.000
1129.515	18878.000
1129.659	19565.000
1129.804	18343.000
1129.948	18825.000
1130.093	17779.000
1130.237	18271.000
1130.382	17221.000
1130.526	17624.000
1130.671	16551.000
1130.815	17095.000
1130.960	16141.000
1131.104	16615.000
1131.249	15690.000
1131.393	16137.000
1131.537	15408.000
1131.682	15826.000
1131.826	15003.000
1131.971	15465.000
1132.115	14769.000
1132.260	15192.000
1132.404	14579.000
1132.548	15011.000
1132.693	14403.000
1132.837	14772.000
1132.981	14165.000
1133.126	14627.000
1133.270	13967.000
1133.414	14400.000
1133.559	13845.000
1133.703	14134.000
1133.847	13628.000
1133.992	14055.000
1134.136	13379.000
1134.280	13808.000
1134.424	13194.000
1134.569	13436.000
1134.713	12897.000
1134.857	13137.000
1135.001	12534.000
1135.146	12844.000
1135.290	12274.000
1135.434	12422.000
1135.578	11921.000
1135.722	12013.000
1135.867	11543.000
1136.011	11763.000
1136.155	11308.000
1136.299	11423.000
1136.443	10988.000
1136.587	11028.000
1136.732	10599.000
1136.876	10756.000
1137.020	10371.000
1137.164	10524.000
1137.308	10192.000
1137.452	10190.000
1137.596	9866.000
1137.740	9923.000
1137.884	9632.000
1138.028	9705.000
1138.172	9444.000
1138.316	9429.000
1138.461	9132.000
1138.605	9107.000
1138.749	9023.000
1138.893	9114.000
1139.037	8665.000
1139.181	8792.000
1139.325	8521.000
1139.469	8530.000
1139.613	8360.000
1139.757	8362.000
1139.900	8231.000
1140.044	8136.000
1140.188	8038.000
1140.332	8015.000
1140.476	7867.000
1140.620	7823.000
1140.764	7802.000
1140.908	7712.000
1141.052	7575.000
1141.196	7524.000
1141.340	7429.000
1141.484	7397.000
1141.627	7334.000
1141.771	7314.000
1141.915	7230.000
1142.059	7219.000
1142.203	7151.000
1142.347	6998.000
1142.490	7043.000
1142.634	6957.000
1142.778	6954.000
1142.922	6864.000
1143.066	6914.000
1143.209	6816.000
1143.353	6787.000
1143.497	6699.000
1143.641	6749.000
1143.784	6641.000
1143.928	6639.000
1144.072	6612.000
1144.216	6657.000
1144.359	6475.000
1144.503	6501.000
1144.647	6478.000
1144.790	6486.000
1144.934	6437.000
1145.078	6404.000
1145.221	6327.000
1145.365	6393.000
1145.509	6342.000
1145.652	6366.000
1145.796	6359.000
1145.940	6374.000
1146.083	6281.000
1146.227	6242.000
1146.370	6191.000
1146.514	6259.000
1146.657	6151.000
1146.801	6265.000
1146.945	6253.000
1147.088	6256.000
1147.232	6139.000
1147.375	6225.000
1147.519	6210.000
1147.662	6125.000
1147.806	6023.000
1147.949	6131.000
1148.093	6066.000
1148.236	6103.000
1148.380	5985.000
1148.523	6106.000
1148.667	5970.000
1148.810	6026.000
1148.954	5972.000
1149.097	6015.000
1149.241	5935.000
1149.384	5997.000
1149.527	5945.000
1149.671	6003.000
1149.814	5897.000
1149.958	6061.000
1150.101	5883.000
1150.244	5901.000
1150.388	5868.000
1150.531	5923.000
1150.674	5767.000
1150.818	5878.000
1150.961	5884.000
1151.104	5885.000
1151.248	5768.000
1151.391	5786.000
1151.534	5737.000
1151.678	5795.000
1151.821	5723.000
1151.964	5766.000
1152.108	5731.000
1152.251	5807.000
1152.394	5715.000
1152.537	5761.000
1152.681	5531.000
1152.824	5779.000
1152.967	5639.000
1153.110	5707.000
1153.253	5577.000
1153.397	5735.000
1153.540	5578.000
1153.683	5665.000
1153.826	5642.000
1153.969	5556.000
1154.113	5493.000
1154.256	5647.000
1154.399	5509.000
1154.542	5574.000
1154.685	5479.000
1154.828	5651.000
1154.971	5565.000
1155.114	5577.000
1155.258	5431.000
1155.401	5557.000
1155.544	5460.000
1155.687	5545.000
1155.830	5369.000
1155.973	5546.000
1156.116	5375.000
1156.259	5418.000
1156.402	5378.000
1156.545	5432.000
1156.688	5346.000
1156.831	5518.000
1156.974	5257.000
1157.117	5277.000
1157.260	5307.000
1157.403	5426.000
1157.546	5310.000
1157.689	5311.000
1157.832	5174.000
1157.975	5370.000
1158.118	5212.000
1158.261	5315.000
1158.404	5141.000
1158.547	5333.000
1158.689	5158.000
1158.832	5281.000
1158.975	5188.000
1159.118	5279.000
1159.261	5111.000
1159.404	5294.000
1159.547	5047.000
1159.690	5161.000
1159.832	5125.000
1159.975	5166.000
1160.118	4975.000
1160.261	5208.000
1160.404	4943.000
1160.546	5102.000
1160.689	4998.000
1160.832	5168.000
1160.975	5014.000
1161.118	5096.000
1161.260	4962.000
1161.403	5012.000
1161.546	4918.000
1161.689	5080.000
1161.831	5001.000
1161.974	5009.000
1162.117	4891.000
1162.259	4996.000
1162.402	4930.000
1162.545	5012.000
1162.687	4845.000
1162.830	4957.000
1162.973	4884.000
1163.115	4964.000
1163.258	4825.000
1163.401	4966.000
1163.543	4790.000
1163.686	4995.000
1163.829	4751.000
1163.971	4952.000
1164.114	4767.000
1164.256	4980.000
1164.399	4786.000
1164.541	5011.000
1164.684	4715.000
1164.827	5017.000
1164.969	4747.000
1165.112	4918.000
1165.254	4763.000
1165.397	4906.000
1165.539	4745.000
1165.682	4851.000
1165.824	4700.000
1165.967	4889.000
1166.109	4692.000
1166.252	4862.000
1166.394	4737.000
1166.537	4876.000
1166.679	4801.000
1166.822	4907.000
1166.964	4759.000
1167.106	4854.000
1167.249	4645.000
1167.391	4902.000
1167.534	4607.000
1167.676	4880.000
1167.818	4745.000
1167.961	4832.000
1168.103	4762.000
1168.246	4777.000
1168.388	4590.000
1168.530	4780.000
1168.673	4691.000
1168.815	4916.000
1168.957	4648.000
1169.100	4780.000
1169.242	4603.000
1169.384	4850.000
1169.526	4652.000
1169.669	4780.000
1169.811	4573.000
1169.953	4815.000
1170.095	4692.000
1170.238	4773.000
1170.380	4599.000
1170.522	4819.000
1170.664	4598.000
1170.807	4819.000
1170.949	4669.000
1171.091	4668.000
1171.233	4514.000
1171.375	4744.000
1171.518	4588.000
1171.660	4844.000
1171.802	4554.000
1171.944	4783.000
1172.086	4607.000
1172.228	4725.000
1172.371	4564.000
1172.513	4731.000
1172.655	4547.000
1172.797	4751.000
1172.939	4599.000
1173.081	4737.000
1173.223	4581.000
1173.365	4761.000
1173.507	4580.000
1173.649	4789.000
1173.791	4565.000
1173.933	4658.000
1174.075	4535.000
1174.217	4768.000
1174.359	4513.000
1174.501	4714.000
1174.643	4535.000
1174.785	4663.000
1174.927	4532.000
1175.069	4691.000
1175.211	4586.000
1175.353	4725.000
1175.495	4577.000
1175.637	4752.000
1175.779	4606.000
1175.921	4710.000
1176.063	4530.000
1176.205	4764.000
1176.347	4651.000
1176.489	4732.000
1176.631	4549.000
1176.772	4773.000
1176.914	4564.000
1177.056	4694.000
1177.198	4522.000
1177.340	4759.000
1177.482	4561.000
1177.624	4766.000
1177.765	4529.000
1177.907	4748.000
1178.049	4561.000
1178.191	4717.000
1178.333	4629.000
1178.474	4712.000
1178.616	4549.000
1178.758	4716.000
1178.900	4520.000
1179.041	4797.000
1179.183	4655.000
1179.325	4723.000
1179.467	4569.000
1179.608	4718.000
1179.750	4610.000
1179.892	4787.000
1180.033	4651.000
1180.175	4806.000
1180.317	4606.000
1180.458	4792.000
1180.600	4617.000
1180.742	4817.000
1180.883	4630.000
1181.025	4830.000
1181.167	4667.000
1181.308	4841.000
1181.450	4649.000
1181.591	4676.000
1181.733	4588.000
1181.875	4824.000
1182.016	4572.000
1182.158	4800.000
1182.299	4647.000
1182.441	4791.000
1182.582	4648.000
1182.724	4779.000
1182.866	4663.000
1183.007	4873.000
1183.149	4544.000
1183.290	4875.000
1183.432	4683.000
1183.573	4839.000
1183.715	4736.000
1183.856	4854.000
1183.998	4672.000
1184.139	4832.000
1184.280	4692.000
1184.422	4870.000
1184.563	4727.000
1184.705	4840.000
1184.846	4628.000
1184.988	4867.000
1185.129	4849.000
1185.270	4891.000
1185.412	4741.000
1185.553	4926.000
1185.694	4722.000
1185.836	4876.000
1185.977	4699.000
1186.119	4918.000
1186.260	4681.000
1186.401	5022.000
1186.543	4764.000
1186.684	4995.000
1186.825	4758.000
1186.966	4945.000
1187.108	4807.000
1187.249	4967.000
1187.390	4741.000
1187.532	4925.000
1187.673	4749.000
1187.814	4988.000
1187.955	4840.000
1188.097	5004.000
1188.238	4763.000
1188.379	4990.000
1188.520	4858.000
1188.661	4991.000
1188.803	4872.000
1188.944	5052.000
1189.085	4848.000
1189.226	5048.000
1189.367	4863.000
1189.508	5102.000
1189.650	4966.000
1189.791	5180.000
1189.932	4950.000
1190.073	5096.000
1190.214	4913.000
1190.355	5088.000
1190.496	4983.000
1190.637	5243.000
1190.778	4966.000
1190.919	5177.000
1191.061	4931.000
1191.202	5193.000
1191.343	5048.000
1191.484	5240.000
1191.625	5046.000
1191.766	5232.000
1191.907	5176.000
1192.048	5224.000
1192.189	5112.000
1192.330	5315.000
1192.471	5078.000
1192.612	5305.000
1192.753	5105.000
1192.894	5399.000
1193.035	5210.000
1193.175	5298.000
1193.316	5172.000
1193.457	5352.000
1193.598	5239.000
1193.739	5320.000
1193.880	5169.000
1194.021	5415.000
1194.162	5331.000
1194.303	5497.000
1194.444	5344.000
1194.584	5524.000
1194.725	5310.000
1194.866	5512.000
1195.007	5319.000
1195.148	5488.000
1195.289	5297.000
1195.429	5505.000
1195.570	5452.000
1195.711	5598.000
1195.852	5377.000
1195.993	5623.000
1196.133	5448.000
1196.274	5614.000
1196.415	5391.000
1196.556	5631.000
1196.696	5442.000
1196.837	5573.000
1196.978	5424.000
1197.119	5640.000
1197.259	5555.000
1197.400	5640.000
1197.541	5484.000
1197.681	5681.000
1197.822	5531.000
1197.963	5686.000
1198.103	5530.000
1198.244	5737.000
1198.385	5541.000
1198.525	5680.000
1198.666	5548.000
1198.807	5768.000
1198.947	5573.000
1199.088	5705.000
1199.228	5541.000
1199.369	5693.000
1199.509	5533.000
1199.650	5639.000
1199.791	5518.000
1199.931	5782.000
1200.072	5643.000
1200.212	5701.000
1200.353	5556.000
1200.493	5700.000
1200.634	5505.000
1200.774	5641.000
1200.915	5464.000
1201.055	5646.000
1201.196	5452.000
1201.336	5626.000
1201.477	5489.000
1201.617	5625.000
1201.758	5430.000
1201.898	5569.000
1202.039	5373.000
1202.179	5603.000
1202.319	5427.000
1202.460	5571.000
1202.600	5445.000
1202.741	5552.000
1202.881	5304.000
1203.021	5533.000
1203.162	5424.000
1203.302	5591.000
1203.442	5376.000
1203.583	5500.000
1203.723	5422.000
1203.863	5460.000
1204.004	5300.000
1204.144	5534.000
1204.284	5343.000
1204.425	5479.000
1204.565	5289.000
1204.705	5465.000
1204.845	5276.000
1204.986	5514.000
1205.126	5327.000
1205.266	5488.000
1205.406	5283.000
1205.547	5533.000
1205.687	5291.000
1205.827	5499.000
1205.967	5277.000
1206.108	5490.000
1206.248	5259.000
1206.388	5439.000
1206.528	5259.000
1206.668	5405.000
1206.808	5238.000
1206.949	5506.000
1207.089	5287.000
1207.229	5408.000
1207.369	5282.000
1207.509	5399.000
1207.649	5273.000
1207.789	5447.000
1207.929	5254.000
1208.070	5333.000
1208.210	5207.000
1208.350	5389.000
1208.490	5269.000
1208.630	5357.000
1208.770	5244.000
1208.910	5342.000
1209.050	5244.000
1209.190	5433.000
1209.330	5176.000
1209.470	5331.000
1209.610	5228.000
1209.750	5398.000
1209.890	5162.000
1210.030	5407.000
1210.170	5219.000
1210.310	5372.000
1210.450	5234.000
1210.590	5382.000
1210.730	5211.000
1210.870	5331.000
1211.009	5189.000
1211.149	5376.000
1211.289	5194.000
1211.429	5284.000
1211.569	5269.000
1211.709	5356.000
1211.849	5197.000
1211.989	5278.000
1212.128	5133.000
1212.268	5370.000
1212.408	5168.000
1212.548	5309.000
1212.688	5179.000
1212.828	5368.000
1212.967	5347.000
1213.107	5323.000
1213.247	5137.000
1213.387	5321.000
1213.527	5094.000
1213.666	5372.000
1213.806	5132.000
1213.946	5372.000
1214.086	5143.000
1214.225	5233.000
1214.365	5204.000
1214.505	5288.000
1214.644	5133.000
1214.784	5305.000
1214.924	5152.000
1215.064	5377.000
1215.203	5151.000
1215.343	5281.000
1215.483	5116.000
1215.622	5241.000
1215.762	5118.000
1215.901	5325.000
1216.041	5153.000
1216.181	5283.000
1216.320	5185.000
1216.460	5296.000
1216.599	5142.000
1216.739	5389.000
1216.879	5149.000
1217.018	5311.000
1217.158	5118.000
1217.297	5260.000
1217.437	5173.000
1217.576	5292.000
1217.716	5167.000
1217.855	5224.000
1217.995	5139.000
1218.134	5259.000
1218.274	5170.000
1218.413	5303.000
1218.553	5146.000
1218.692	5340.000
1218.832	5157.000
1218.971	5342.000
1219.111	5149.000
1219.250	5289.000
1219.390	5187.000
1219.529	5280.000
1219.669	5193.000
1219.808	5322.000
1219.947	5157.000
1220.087	5277.000
1220.226	5176.000
1220.365	5342.000
1220.505	5272.000
1220.644	5326.000
1220.784	5184.000
1220.923	5287.000
1221.062	5169.000
1221.202	5282.000
1221.341	5173.000
1221.480	5379.000
1221.619	5183.000
1221.759	5351.000
1221.898	5142.000
1222.037	5276.000
1222.177	5169.000
1222.316	5301.000
1222.455	5107.000
1222.594	5367.000
1222.734	5163.000
1222.873	5370.000
1223.012	5238.000
1223.151	5397.000
1223.290	5159.000
1223.430	5403.000
1223.569	5153.000
1223.708	5346.000
1223.847	5163.000
1223.986	5391.000
1224.126	5148.000
1224.265	5411.000
1224.404	5197.000
1224.543	5399.000
1224.682	5135.000
1224.821	5347.000
1224.960	5162.000
1225.099	5370.000
1225.239	5185.000
1225.378	5389.000
1225.517	5270.000
1225.656	5424.000
1225.795	5251.000
1225.934	5332.000
1226.073	5214.000
1226.212	5409.000
1226.351	5178.000
1226.490	5413.000
1226.629	5192.000
1226.768	5414.000
1226.907	5201.000
1227.046	5425.000
1227.185	5190.000
1227.324	5428.000
1227.463	5297.000
1227.602	5401.000
1227.741	5174.000
1227.880	5370.000
1228.019	5193.000
1228.158	5336.000
1228.297	5236.000
1228.435	5435.000
1228.574	5225.000
1228.713	5415.000
1228.852	5237.000
1228.991	5393.000
1229.130	5275.000
1229.269	5419.000
1229.408	5220.000
1229.546	5436.000
1229.685	5202.000
1229.824	5378.000
1229.963	5208.000
1230.102	5396.000
1230.241	5177.000
1230.379	5421.000
1230.518	5259.000
1230.657	5343.000
1230.796	5280.000
1230.934	5493.000
1231.073	5222.000
1231.212	5451.000
1231.351	5294.000
1231.489	5387.000
1231.628	5205.000
1231.767	5353.000
1231.906	5231.000
1232.044	5367.000
1232.183	5263.000
1232.322	5437.000
1232.460	5235.000
1232.599	5409.000
1232.738	5206.000
1232.876	5465.000
1233.015	5312.000
1233.154	5437.000
1233.292	5318.000
1233.431	5420.000
1233.569	5276.000
1233.708	5428.000
1233.847	4876.000
1233.985	5407.000
1234.124	5266.000
1234.262	5376.000
1234.401	5180.000
1234.539	5399.000
1234.678	5216.000
1234.816	5431.000
1234.955	5285.000
1235.094	5420.000
1235.232	5251.000
1235.371	5367.000
1235.509	5223.000
1235.648	5461.000
1235.786	5282.000
1235.924	5435.000
1236.063	5167.000
1236.201	5434.000
1236.340	5196.000
1236.478	5388.000
1236.617	5247.000
1236.755	5367.000
1236.894	5243.000
1237.032	5430.000
1237.170	5221.000
1237.309	5468.000
1237.447	5184.000
1237.586	5507.000
1237.724	5259.000
1237.862	5391.000
1238.001	5288.000
1238.139	5367.000
1238.277	5243.000
1238.416	5355.000
1238.554	5176.000
1238.692	5360.000
1238.831	5220.000
1238.969	5462.000
1239.107	5265.000
1239.245	5475.000
1239.384	5215.000
1239.522	5358.000
1239.660	5231.000
1239.798	5399.000
1239.937	5179.000
1240.075	5409.000
1240.213	5186.000
1240.351	5383.000
1240.490	5223.000
1240.628	5411.000
1240.766	5315.000
1240.904	5419.000
1241.042	5239.000
1241.180	5507.000
1241.319	5207.000
1241.457	5411.000
1241.595	5266.000
1241.733	5472.000
1241.871	5224.000
1242.009	5540.000
1242.147	6534.000
1242.285	5473.000
1242.424	5281.000
1242.562	5467.000
1242.700	5313.000
1242.838	5439.000
1242.976	5193.000
1243.114	5430.000
1243.252	5361.000
1243.390	5511.000
1243.528	5347.000
1243.666	5423.000
1243.804	5262.000
1243.942	5430.000
1244.080	5348.000
1244.218	5528.000
1244.356	5274.000
1244.494	5455.000
1244.632	5252.000
1244.770	5505.000
1244.908	5313.000
1245.046	5471.000
1245.184	5320.000
1245.322	5471.000
1245.460	5347.000
1245.597	5452.000
1245.735	5254.000
1245.873	5391.000
1246.011	5260.000
1246.149	5511.000
1246.287	5269.000
1246.425	5449.000
1246.563	5243.000
1246.700	5533.000
1246.838	5293.000
1246.976	5479.000
1247.114	5280.000
1247.252	5465.000
1247.390	5175.000
1247.527	5460.000
1247.665	5194.000
1247.803	5459.000
1247.941	5228.000
1248.078	5473.000
1248.216	5274.000
1248.354	5425.000
1248.492	5254.000
1248.629	5506.000
1248.767	5189.000
1248.905	5430.000
1249.042	5289.000
1249.180	5366.000
1249.318	5221.000
1249.456	5447.000
1249.593	5237.000
1249.731	5420.000
1249.869	5220.000
1250.006	5409.000
1250.144	5253.000
1250.281	5373.000
1250.419	5255.000
1250.557	5389.000
1250.694	5274.000
1250.832	5480.000
1250.970	5185.000
1251.107	5419.000
1251.245	5201.000
1251.382	5401.000
1251.520	5296.000
1251.657	5458.000
1251.795	5210.000
1251.932	5387.000
1252.070	5275.000
1252.207	5462.000
1252.345	5268.000
1252.483	5494.000
1252.620	5273.000
1252.757	5452.000
1252.895	5245.000
1253.032	5403.000
1253.170	5259.000
1253.307	5409.000
1253.445	5238.000
1253.582	5329.000
1253.720	5290.000
1253.857	5466.000
1253.995	5291.000
1254.132	5379.000
1254.269	5230.000
1254.407	5291.000
1254.544	5290.000
1254.681	5445.000
