1209.954	4834.000
1210.101	4890.000
1210.248	4791.000
1210.394	4993.000
1210.541	4808.000
1210.688	4992.000
1210.834	4800.000
1210.981	4961.000
1211.127	4833.000
1211.274	4938.000
1211.421	4770.000
1211.567	4962.000
1211.714	4814.000
1211.860	4918.000
1212.007	4835.000
1212.154	5000.000
1212.300	4743.000
1212.447	4984.000
1212.593	4745.000
1212.740	5000.000
1212.886	4773.000
1213.033	4881.000
1213.179	4906.000
1213.326	4959.000
1213.472	4845.000
1213.619	4932.000
1213.765	4845.000
1213.912	4940.000
1214.058	4836.000
1214.204	4919.000
1214.351	4838.000
1214.497	4993.000
1214.644	4869.000
1214.790	4932.000
1214.936	4792.000
1215.083	4949.000
1215.229	4888.000
1215.375	4908.000
1215.522	4876.000
1215.668	4956.000
1215.814	4808.000
1215.961	4978.000
1216.107	4798.000
1216.253	5010.000
1216.399	4814.000
1216.546	4980.000
1216.692	4889.000
1216.838	4919.000
1216.984	4858.000
1217.130	4984.000
1217.277	4801.000
1217.423	4955.000
1217.569	4879.000
1217.715	5012.000
1217.861	4812.000
1218.008	4960.000
1218.154	4807.000
1218.300	4983.000
1218.446	4799.000
1218.592	4952.000
1218.738	4898.000
1218.884	4955.000
1219.030	4844.000
1219.176	4908.000
1219.322	4785.000
1219.468	5017.000
1219.614	4901.000
1219.760	4918.000
1219.907	4827.000
1220.053	4968.000
1220.199	4853.000
1220.344	4942.000
1220.490	4870.000
1220.636	4966.000
1220.782	4806.000
1220.928	4948.000
1221.074	4850.000
1221.220	4959.000
1221.366	4884.000
1221.512	5033.000
1221.658	4836.000
1221.804	4962.000
1221.950	4900.000
1222.095	4980.000
1222.241	4830.000
1222.387	4948.000
1222.533	4811.000
1222.679	4967.000
1222.825	4895.000
1222.970	4941.000
1223.116	4838.000
1223.262	4984.000
1223.408	4891.000
1223.554	4967.000
1223.699	4879.000
1223.845	4964.000
1223.991	4809.000
1224.136	4968.000
1224.282	4883.000
1224.428	5003.000
1224.574	4847.000
1224.719	4911.000
1224.865	4814.000
1225.011	4905.000
1225.156	4832.000
1225.302	5006.000
1225.447	4837.000
1225.593	4967.000
1225.739	4867.000
1225.884	4953.000
1226.030	4875.000
1226.175	4987.000
1226.321	4745.000
1226.467	4999.000
1226.612	4850.000
1226.758	4922.000
1226.903	4864.000
1227.049	5002.000
1227.194	4917.000
1227.340	4974.000
1227.485	4880.000
1227.631	4970.000
1227.776	4899.000
1227.921	5073.000
1228.067	4845.000
1228.212	5014.000
1228.358	4820.000
1228.503	4904.000
1228.649	4947.000
1228.794	5014.000
1228.939	4875.000
1229.085	5001.000
1229.230	4881.000
1229.375	4949.000
1229.521	4863.000
1229.666	4973.000
1229.811	4916.000
1229.957	5028.000
1230.102	4849.000
1230.247	5014.000
1230.393	4924.000
1230.538	4990.000
1230.683	4852.000
1230.828	4952.000
1230.974	4923.000
1231.119	5043.000
1231.264	4955.000
1231.409	5002.000
1231.554	4906.000
1231.700	5039.000
1231.845	4914.000
1231.990	5019.000
1232.135	4900.000
1232.280	5006.000
1232.425	4892.000
1232.570	5062.000
1232.716	4976.000
1232.861	5051.000
1233.006	4932.000
1233.151	5073.000
1233.296	4926.000
1233.441	5005.000
1233.586	4926.000
1233.731	5078.000
1233.876	4884.000
1234.021	5040.000
1234.166	4966.000
1234.311	5032.000
1234.456	4948.000
1234.601	5097.000
1234.746	4871.000
1234.891	5059.000
1235.036	4955.000
1235.181	5004.000
1235.326	4985.000
1235.471	5089.000
1235.616	4900.000
1235.760	5076.000
1235.905	4870.000
1236.050	5017.000
1236.195	4937.000
1236.340	5091.000
1236.485	4963.000
1236.630	5087.000
1236.774	4894.000
1236.919	4991.000
1237.064	4987.000
1237.209	5040.000
1237.354	4989.000
1237.498	5100.000
1237.643	4949.000
1237.788	5046.000
1237.933	4928.000
1238.077	5091.000
1238.222	4996.000
1238.367	5154.000
1238.512	4934.000
1238.656	5070.000
1238.801	4912.000
1238.946	5161.000
1239.090	5092.000
1239.235	5048.000
1239.379	5059.000
1239.524	5081.000
1239.669	4951.000
1239.813	5110.000
1239.958	5011.000
1240.103	5175.000
1240.247	4948.000
1240.392	5140.000
1240.536	4980.000
1240.681	5097.000
1240.825	4971.000
1240.970	5185.000
1241.114	5015.000
1241.259	5112.000
1241.403	4980.000
1241.548	5108.000
1241.692	4945.000
1241.837	5093.000
1241.981	5043.000
1242.126	5135.000
1242.270	4998.000
1242.415	5149.000
1242.559	4887.000
1242.703	5175.000
1242.848	4997.000
1242.992	5119.000
1243.136	4991.000
1243.281	5213.000
1243.425	5002.000
1243.570	5146.000
1243.714	5007.000
1243.858	5193.000
1244.002	5012.000
1244.147	5119.000
1244.291	5002.000
1244.435	5215.000
1244.580	4966.000
1244.724	5102.000
1244.868	5032.000
1245.012	5150.000
1245.157	5035.000
1245.301	5147.000
1245.445	5011.000
1245.589	5188.000
1245.733	5031.000
1245.878	5173.000
1246.022	5084.000
1246.166	5207.000
1246.310	5043.000
1246.454	5095.000
1246.598	5006.000
1246.742	5165.000
1246.886	4987.000
1247.031	5201.000
1247.175	5147.000
1247.319	5227.000
1247.463	5016.000
1247.607	5233.000
1247.751	5123.000
1247.895	5136.000
1248.039	5005.000
1248.183	5200.000
1248.327	5039.000
1248.471	5176.000
1248.615	5026.000
1248.759	5176.000
1248.903	5010.000
1249.047	5145.000
1249.191	5046.000
1249.335	5181.000
1249.479	5060.000
1249.623	5183.000
1249.766	5070.000
1249.910	5200.000
1250.054	5022.000
1250.198	5261.000
1250.342	5078.000
1250.486	5119.000
1250.630	5069.000
1250.773	5189.000
1250.917	4989.000
1251.061	5180.000
1251.205	5104.000
1251.349	5191.000
1251.492	5044.000
1251.636	5138.000
1251.780	5026.000
1251.924	5130.000
1252.067	5063.000
1252.211	5185.000
1252.355	5097.000
1252.499	5192.000
1252.642	5042.000
1252.786	5183.000
1252.930	4897.000
1253.073	5232.000
1253.217	5030.000
1253.361	5122.000
1253.504	4997.000
1253.648	5213.000
1253.791	5030.000
1253.935	5172.000
1254.079	5097.000
1254.222	5091.000
1254.366	4984.000
1254.509	5187.000
1254.653	5038.000
1254.796	5133.000
1254.940	4990.000
1255.083	5222.000
1255.227	5099.000
1255.370	5178.000
1255.514	4997.000
1255.657	5185.000
1255.801	5075.000
1255.944	5210.000
1256.088	4984.000
1256.231	5206.000
1256.375	5028.000
1256.518	5093.000
1256.661	5051.000
1256.805	5150.000
1256.948	5011.000
1257.092	5247.000
1257.235	4995.000
1257.378	5061.000
1257.522	5015.000
1257.665	5215.000
1257.808	5041.000
1257.952	5107.000
1258.095	4925.000
1258.238	5209.000
1258.382	5003.000
1258.525	5113.000
1258.668	5003.000
1258.811	5162.000
1258.955	5033.000
1259.098	5178.000
1259.241	5050.000
1259.384	5176.000
1259.527	5023.000
1259.671	5174.000
1259.814	4973.000
1259.957	5125.000
1260.100	5034.000
1260.243	5150.000
1260.386	4908.000
1260.530	5187.000
1260.673	4900.000
1260.816	5098.000
1260.959	4992.000
1261.102	5138.000
1261.245	4998.000
1261.388	5109.000
1261.531	4999.000
1261.674	5043.000
1261.817	4960.000
1261.960	5099.000
1262.103	5071.000
1262.246	5068.000
1262.389	4964.000
1262.532	5092.000
1262.675	5006.000
1262.818	5120.000
1262.961	4938.000
1263.104	5062.000
1263.247	4970.000
1263.390	5093.000
1263.533	4972.000
1263.676	5115.000
1263.819	4887.000
1263.962	5159.000
1264.104	4871.000
1264.247	5110.000
1264.390	4893.000
1264.533	5147.000
1264.676	4945.000
1264.819	5199.000
1264.961	4881.000
1265.104	5196.000
1265.247	4930.000
1265.390	5069.000
1265.533	4916.000
1265.675	5093.000
1265.818	4923.000
1265.961	5044.000
1266.103	4946.000
1266.246	5090.000
1266.389	4878.000
1266.532	5070.000
1266.674	4925.000
1266.817	5075.000
1266.960	5001.000
1267.102	5091.000
1267.245	4974.000
1267.388	5051.000
1267.530	4877.000
1267.673	5119.000
1267.815	4806.000
1267.958	5087.000
1268.101	4922.000
1268.243	5024.000
1268.386	4977.000
1268.528	4991.000
1268.671	4811.000
1268.813	4985.000
1268.956	4915.000
1269.098	5129.000
1269.241	4877.000
1269.383	5046.000
1269.526	4827.000
1269.668	5045.000
1269.811	4886.000
1269.953	4983.000
1270.096	4834.000
1270.238	5047.000
1270.381	4903.000
1270.523	4995.000
1270.665	4852.000
1270.808	5013.000
1270.950	4804.000
1271.092	5030.000
1271.235	4878.000
1271.377	4943.000
1271.520	4776.000
1271.662	5005.000
1271.804	4841.000
1271.946	5071.000
1272.089	4787.000
1272.231	5025.000
1272.373	4826.000
1272.516	4963.000
1272.658	4839.000
1272.800	5000.000
1272.942	4811.000
1273.085	5007.000
1273.227	4805.000
1273.369	5011.000
1273.511	4828.000
1273.653	5031.000
1273.796	4819.000
1273.938	5019.000
1274.080	4789.000
1274.222	4933.000
1274.364	4743.000
1274.506	5011.000
1274.648	4757.000
1274.790	4963.000
1274.933	4781.000
1275.075	4928.000
1275.217	4764.000
1275.359	4923.000
1275.501	4823.000
1275.643	4951.000
1275.785	4791.000
1275.927	4962.000
1276.069	4855.000
1276.211	4946.000
1276.353	4782.000
1276.495	4985.000
1276.637	4852.000
1276.779	4926.000
1276.921	4767.000
1277.063	5009.000
1277.205	4787.000
1277.347	4930.000
1277.488	4754.000
1277.630	4949.000
1277.772	4788.000
1277.914	4969.000
1278.056	4755.000
1278.198	4942.000
1278.340	4750.000
1278.481	4897.000
1278.623	4834.000
1278.765	4911.000
1278.907	4747.000
1279.049	4917.000
1279.190	4701.000
1279.332	4996.000
1279.474	4846.000
1279.616	4873.000
1279.758	4752.000
1279.899	4857.000
1280.041	4803.000
1280.183	4948.000
1280.324	4812.000
1280.466	5002.000
1280.608	4758.000
1280.749	4936.000
1280.891	4803.000
1281.033	4970.000
1281.174	4778.000
1281.316	4960.000
1281.458	4820.000
1281.599	4976.000
1281.741	4767.000
1281.882	4855.000
1282.024	4705.000
1282.166	4946.000
1282.307	4687.000
1282.449	4911.000
1282.590	4777.000
1282.732	4893.000
1282.873	4751.000
1283.015	4919.000
1283.156	4775.000
1283.298	4966.000
1283.439	4635.000
1283.581	4977.000
1283.722	4747.000
1283.864	4890.000
1284.005	4777.000
1284.146	4945.000
1284.288	4757.000
1284.429	4888.000
1284.571	4722.000
1284.712	4911.000
1284.853	4769.000
1284.995	4897.000
1285.136	4676.000
1285.277	4893.000
1285.419	4876.000
1285.560	4928.000
1285.701	4748.000
1285.843	4945.000
1285.984	4707.000
1286.125	4865.000
1286.267	4704.000
1286.408	4923.000
1286.549	4683.000
1286.690	5014.000
1286.831	4745.000
1286.973	4964.000
1287.114	4728.000
1287.255	4938.000
1287.396	4773.000
1287.537	4922.000
1287.679	4648.000
1287.820	4882.000
1287.961	4692.000
1288.102	4927.000
1288.243	4718.000
1288.384	4893.000
1288.525	4627.000
1288.667	4877.000
1288.808	4698.000
1288.949	4818.000
1289.090	4716.000
1289.231	4858.000
1289.372	4610.000
1289.513	4861.000
1289.654	4617.000
1289.795	4888.000
1289.936	4664.000
1290.077	4938.000
1290.218	4690.000
1290.359	4825.000
1290.500	4597.000
1290.641	4789.000
1290.782	4674.000
1290.923	4897.000
1291.064	4617.000
1291.204	4822.000
1291.345	4563.000
1291.486	4807.000
1291.627	4634.000
1291.768	4818.000
1291.909	4597.000
1292.050	4784.000
1292.191	4694.000
1292.331	4740.000
1292.472	4600.000
1292.613	4816.000
1292.754	4544.000
1292.895	4781.000
1293.035	4530.000
1293.176	4822.000
1293.317	4597.000
1293.458	4681.000
1293.598	4543.000
1293.739	4766.000
1293.880	4565.000
1294.021	4696.000
1294.161	4452.000
1294.302	4714.000
1294.443	4581.000
1294.583	4718.000
1294.724	4538.000
1294.865	4783.000
1295.005	4552.000
1295.146	4695.000
1295.286	4494.000
1295.427	4657.000
1295.568	4409.000
1295.708	4645.000
1295.849	4528.000
1295.989	4699.000
1296.130	4450.000
1296.270	4695.000
1296.411	4443.000
1296.551	4666.000
1296.692	4362.000
1296.832	4626.000
1296.973	4398.000
1297.113	4559.000
1297.254	4386.000
1297.394	4588.000
1297.535	4510.000
1297.675	4555.000
1297.816	4372.000
1297.956	4565.000
1298.096	4407.000
1298.237	4597.000
1298.377	4377.000
1298.518	4602.000
1298.658	4388.000
1298.798	4539.000
1298.939	4346.000
1299.079	4578.000
1299.219	4366.000
1299.360	4509.000
1299.500	4326.000
1299.640	4503.000
1299.781	4316.000
1299.921	4425.000
1300.061	4297.000
1300.201	4538.000
1300.342	4400.000
1300.482	4479.000
1300.622	4315.000
1300.762	4501.000
1300.902	4320.000
1301.043	4447.000
1301.183	4244.000
1301.323	4471.000
1301.463	4222.000
1301.603	4449.000
1301.743	4272.000
1301.884	4486.000
1302.024	4257.000
1302.164	4403.000
1302.304	4226.000
1302.444	4472.000
1302.584	4279.000
1302.724	4429.000
1302.864	4283.000
1303.004	4436.000
1303.144	4189.000
1303.284	4392.000
1303.424	4306.000
1303.564	4508.000
1303.704	4271.000
1303.844	4382.000
1303.984	4291.000
1304.124	4386.000
1304.264	4203.000
1304.404	4433.000
1304.544	4230.000
1304.684	4406.000
1304.824	4196.000
1304.964	4403.000
1305.104	4178.000
1305.244	4441.000
1305.383	4245.000
1305.523	4442.000
1305.663	4176.000
1305.803	4428.000
1305.943	4183.000
1306.083	4397.000
1306.222	4207.000
1306.362	4463.000
1306.502	4165.000
1306.642	4388.000
1306.782	4212.000
1306.921	4385.000
1307.061	4183.000
1307.201	4461.000
1307.341	4213.000
1307.480	4377.000
1307.620	4230.000
1307.760	4373.000
1307.899	4218.000
1308.039	4431.000
1308.179	4235.000
1308.318	4344.000
1308.458	4196.000
1308.598	4387.000
1308.737	4250.000
1308.877	4381.000
1309.017	4245.000
1309.156	4395.000
1309.296	4267.000
1309.435	4471.000
1309.575	4204.000
1309.714	4373.000
1309.854	4280.000
1309.993	4418.000
1310.133	4212.000
1310.273	4475.000
1310.412	4252.000
1310.551	4451.000
1310.691	4298.000
1310.830	4472.000
1310.970	4244.000
1311.109	4403.000
1311.249	4227.000
1311.388	4462.000
1311.528	4279.000
1311.667	4405.000
1311.806	4312.000
1311.946	4436.000
1312.085	4227.000
1312.225	4375.000
1312.364	4213.000
1312.503	4462.000
1312.643	4235.000
1312.782	4435.000
1312.921	4260.000
1313.061	4496.000
1313.200	4457.000
1313.339	4430.000
1313.478	4252.000
1313.618	4410.000
1313.757	4200.000
1313.896	4461.000
1314.035	4222.000
1314.175	4450.000
1314.314	4217.000
1314.453	4352.000
1314.592	4265.000
1314.731	4429.000
1314.871	4231.000
1315.010	4399.000
1315.149	4242.000
1315.288	4457.000
1315.427	4208.000
1315.566	4358.000
1315.705	4205.000
1315.845	4343.000
1315.984	4201.000
1316.123	4429.000
1316.262	4212.000
1316.401	4365.000
1316.540	4295.000
1316.679	4411.000
1316.818	4190.000
1316.957	4479.000
1317.096	4193.000
1317.235	4361.000
1317.374	4193.000
1317.513	4313.000
1317.652	4195.000
1317.791	4336.000
1317.930	4203.000
1318.069	4276.000
1318.208	4195.000
1318.347	4313.000
1318.486	4179.000
1318.624	4358.000
1318.763	4173.000
1318.902	4349.000
1319.041	4192.000
1319.180	4383.000
1319.319	4161.000
1319.458	4297.000
1319.596	4180.000
1319.735	4284.000
1319.874	4182.000
1320.013	4276.000
1320.152	4146.000
1320.290	4236.000
1320.429	4174.000
1320.568	4303.000
1320.707	4149.000
1320.845	4269.000
1320.984	4102.000
1321.123	4202.000
1321.262	4092.000
1321.400	4211.000
1321.539	4086.000
1321.678	4291.000
1321.816	4087.000
1321.955	4257.000
1322.094	4015.000
1322.232	4178.000
1322.371	4026.000
1322.509	4188.000
1322.648	3958.000
1322.787	4242.000
1322.925	4019.000
1323.064	4232.000
1323.202	4047.000
1323.341	4263.000
1323.479	3979.000
1323.618	4217.000
1323.756	3998.000
1323.895	4148.000
1324.033	3942.000
1324.172	4192.000
1324.310	3921.000
1324.449	4205.000
1324.587	3980.000
1324.726	4188.000
1324.864	3883.000
1325.003	4115.000
1325.141	3920.000
1325.279	4148.000
1325.418	3931.000
1325.556	4133.000
1325.695	3954.000
1325.833	4122.000
1325.971	3958.000
1326.110	4052.000
1326.248	3931.000
1326.386	4139.000
1326.525	3882.000
1326.663	4106.000
1326.801	3859.000
1326.939	4096.000
1327.078	3812.000
1327.216	4078.000
1327.354	3830.000
1327.492	4087.000
1327.631	3903.000
1327.769	4057.000
1327.907	3792.000
1328.045	4010.000
1328.184	3804.000
1328.322	3987.000
1328.460	3819.000
1328.598	4003.000
1328.736	3836.000
1328.874	3979.000
1329.012	3825.000
1329.151	3976.000
1329.289	3830.000
1329.427	3975.000
1329.565	3757.000
1329.703	4004.000
1329.841	3776.000
1329.979	3911.000
1330.117	3773.000
1330.255	3933.000
1330.393	3685.000
1330.531	3969.000
1330.669	3792.000
1330.807	3887.000
1330.945	3783.000
1331.083	4019.000
1331.221	3719.000
1331.359	3935.000
1331.497	3771.000
1331.635	3911.000
1331.773	3699.000
1331.911	3860.000
1332.049	3714.000
1332.187	3856.000
1332.324	3715.000
1332.462	3891.000
1332.600	3695.000
1332.738	3877.000
1332.876	3677.000
1333.014	3937.000
1333.151	3745.000
1333.289	3874.000
1333.427	3786.000
1333.565	3877.000
1333.703	3714.000
1333.840	3916.000
1333.978	3285.000
1334.116	3844.000
1334.254	3679.000
1334.391	3819.000
1334.529	3580.000
1334.667	3852.000
1334.804	3629.000
1334.942	3855.000
1335.080	3717.000
1335.218	3842.000
1335.355	3692.000
1335.493	3818.000
1335.630	3646.000
1335.768	3875.000
1335.906	3680.000
1336.043	3822.000
1336.181	3553.000
1336.318	3838.000
1336.456	3608.000
1336.594	3808.000
1336.731	3641.000
1336.869	3737.000
1337.006	3623.000
1337.144	3829.000
1337.281	3598.000
1337.419	3832.000
1337.556	3598.000
1337.694	3887.000
1337.831	3636.000
1337.969	3732.000
1338.106	3624.000
1338.244	3754.000
1338.381	3614.000
1338.518	3705.000
1338.656	3515.000
1338.793	3693.000
1338.931	3573.000
1339.068	3828.000
1339.205	3583.000
1339.343	3791.000
1339.480	3544.000
1339.617	3726.000
1339.755	3547.000
1339.892	3734.000
1340.029	3480.000
1340.167	3725.000
1340.304	3479.000
1340.441	3704.000
1340.578	3519.000
1340.716	3736.000
1340.853	3635.000
1340.990	3723.000
1341.127	3524.000
1341.265	3816.000
1341.402	3492.000
1341.539	3732.000
1341.676	3587.000
1341.813	3759.000
1341.950	3527.000
1342.088	3857.000
1342.225	4868.000
1342.362	3786.000
1342.499	3591.000
1342.636	3737.000
1342.773	3586.000
1342.910	3724.000
1343.047	3460.000
1343.184	3714.000
1343.322	3636.000
1343.459	3822.000
1343.596	3595.000
1343.733	3695.000
1343.870	3510.000
1344.007	3729.000
1344.144	3613.000
1344.281	3783.000
1344.418	3563.000
1344.555	3712.000
1344.692	3537.000
1344.828	3769.000
1344.965	3570.000
1345.102	3784.000
1345.239	3574.000
1345.376	3754.000
1345.513	3567.000
1345.650	3743.000
1345.787	3540.000
1345.924	3687.000
1346.061	3482.000
1346.197	3789.000
1346.334	3539.000
1346.471	3742.000
1346.608	3462.000
1346.745	3781.000
1346.881	3559.000
1347.018	3774.000
1347.155	3538.000
1347.292	3753.000
1347.428	3439.000
1347.565	3726.000
1347.702	3473.000
1347.839	3733.000
1347.975	3503.000
1348.112	3757.000
1348.249	3529.000
1348.385	3699.000
1348.522	3493.000
1348.659	3767.000
1348.795	3465.000
1348.932	3723.000
1349.069	3569.000
1349.205	3667.000
1349.342	3493.000
1349.479	3723.000
1349.615	3494.000
1349.752	3678.000
1349.888	3497.000
1350.025	3654.000
1350.161	3515.000
1350.298	3653.000
1350.434	3554.000
1350.571	3657.000
1350.707	3514.000
1350.844	3744.000
1350.980	3434.000
1351.117	3679.000
1351.253	3433.000
1351.390	3655.000
1351.526	3556.000
1351.663	3708.000
1351.799	3481.000
1351.935	3667.000
1352.072	3515.000
1352.208	3716.000
1352.345	3516.000
1352.481	3743.000
1352.617	3503.000
1352.754	3718.000
1352.890	3471.000
1353.026	3648.000
1353.163	3468.000
1353.299	3664.000
1353.435	3495.000
1353.572	3546.000
1353.708	3524.000
1353.844	3698.000
1353.980	3530.000
1354.117	3635.000
1354.253	3437.000
1354.389	3551.000
1354.525	3507.000
1354.662	3688.000
