1249.954	4946.000
1250.101	4985.000
1250.248	4909.000
1250.395	5069.000
1250.542	4901.000
1250.689	5077.000
1250.836	4899.000
1250.983	5012.000
1251.130	4932.000
1251.278	5008.000
1251.425	4872.000
1251.572	5091.000
1251.719	4919.000
1251.866	4982.000
1252.013	4909.000
1252.160	5075.000
1252.307	4855.000
1252.454	5086.000
1252.601	4876.000
1252.748	5069.000
1252.895	4839.000
1253.042	4981.000
1253.188	5029.000
1253.335	5032.000
1253.482	4964.000
1253.629	5008.000
1253.776	4942.000
1253.923	4996.000
1254.070	4907.000
1254.217	5001.000
1254.364	4930.000
1254.510	5076.000
1254.657	4965.000
1254.804	5009.000
1254.951	4886.000
1255.098	5019.000
1255.244	4986.000
1255.391	4995.000
1255.538	4962.000
1255.685	5065.000
1255.831	4915.000
1255.978	5044.000
1256.125	4875.000
1256.271	5084.000
1256.418	4886.000
1256.565	5009.000
1256.711	4952.000
1256.858	4983.000
1257.005	4933.000
1257.151	5020.000
1257.298	4887.000
1257.445	5005.000
1257.591	4940.000
1257.738	5035.000
1257.884	4881.000
1258.031	5031.000
1258.177	4892.000
1258.324	5026.000
1258.470	4848.000
1258.617	4952.000
1258.763	4941.000
1258.910	4972.000
1259.056	4867.000
1259.203	4932.000
1259.349	4810.000
1259.496	5020.000
1259.642	4901.000
1259.789	4938.000
1259.935	4868.000
1260.082	4965.000
1260.228	4867.000
1260.374	4960.000
1260.521	4881.000
1260.667	4980.000
1260.813	4808.000
1260.960	4955.000
1261.106	4829.000
1261.252	4929.000
1261.399	4851.000
1261.545	5038.000
1261.691	4819.000
1261.837	4933.000
1261.984	4848.000
1262.130	4933.000
1262.276	4824.000
1262.422	4909.000
1262.569	4804.000
1262.715	4905.000
1262.861	4843.000
1263.007	4899.000
1263.153	4792.000
1263.300	4957.000
1263.446	4834.000
1263.592	4925.000
1263.738	4822.000
1263.884	4907.000
1264.030	4760.000
1264.176	4892.000
1264.322	4809.000
1264.468	4926.000
1264.614	4761.000
1264.761	4831.000
1264.907	4754.000
1265.053	4795.000
1265.199	4764.000
1265.345	4945.000
1265.491	4745.000
1265.637	4863.000
1265.783	4750.000
1265.928	4825.000
1266.074	4772.000
1266.220	4861.000
1266.366	4653.000
1266.512	4869.000
1266.658	4731.000
1266.804	4816.000
1266.950	4754.000
1267.096	4864.000
1267.242	4778.000
1267.387	4829.000
1267.533	4754.000
1267.679	4822.000
1267.825	4765.000
1267.971	4895.000
1268.117	4688.000
1268.262	4844.000
1268.408	4662.000
1268.554	4747.000
1268.700	4796.000
1268.845	4862.000
1268.991	4741.000
1269.137	4840.000
1269.282	4725.000
1269.428	4796.000
1269.574	4687.000
1269.719	4795.000
1269.865	4746.000
1270.011	4828.000
1270.156	4664.000
1270.302	4833.000
1270.448	4731.000
1270.593	4831.000
1270.739	4661.000
1270.884	4756.000
1271.030	4706.000
1271.176	4848.000
1271.321	4743.000
1271.467	4787.000
1271.612	4677.000
1271.758	4824.000
1271.903	4692.000
1272.049	4784.000
1272.194	4675.000
1272.340	4763.000
1272.485	4642.000
1272.630	4833.000
1272.776	4697.000
1272.921	4809.000
1273.067	4696.000
1273.212	4816.000
1273.358	4690.000
1273.503	4759.000
1273.648	4679.000
1273.794	4782.000
1273.939	4609.000
1274.084	4760.000
1274.230	4687.000
1274.375	4775.000
1274.520	4668.000
1274.666	4823.000
1274.811	4603.000
1274.956	4803.000
1275.101	4658.000
1275.247	4734.000
1275.392	4664.000
1275.537	4809.000
1275.682	4607.000
1275.827	4776.000
1275.973	4554.000
1276.118	4677.000
1276.263	4654.000
1276.408	4810.000
1276.553	4646.000
1276.698	4787.000
1276.844	4561.000
1276.989	4678.000
1277.134	4624.000
1277.279	4731.000
1277.424	4663.000
1277.569	4794.000
1277.714	4619.000
1277.859	4739.000
1278.004	4602.000
1278.149	4743.000
1278.294	4659.000
1278.439	4830.000
1278.584	4558.000
1278.729	4724.000
1278.874	4530.000
1279.019	4835.000
1279.164	4750.000
1279.309	4701.000
1279.454	4686.000
1279.599	4742.000
1279.744	4596.000
1279.888	4758.000
1280.033	4635.000
1280.178	4811.000
1280.323	4560.000
1280.468	4771.000
1280.613	4595.000
1280.758	4760.000
1280.902	4602.000
1281.047	4826.000
1281.192	4625.000
1281.337	4745.000
1281.481	4555.000
1281.626	4731.000
1281.771	4547.000
1281.916	4709.000
1282.060	4614.000
1282.205	4787.000
1282.350	4626.000
1282.495	4755.000
1282.639	4469.000
1282.784	4782.000
1282.929	4551.000
1283.073	4729.000
1283.218	4586.000
1283.362	4788.000
1283.507	4622.000
1283.652	4734.000
1283.796	4603.000
1283.941	4779.000
1284.085	4583.000
1284.230	4715.000
1284.374	4618.000
1284.519	4765.000
1284.663	4552.000
1284.808	4704.000
1284.952	4566.000
1285.097	4736.000
1285.241	4591.000
1285.386	4736.000
1285.530	4537.000
1285.675	4751.000
1285.819	4614.000
1285.964	4765.000
1286.108	4663.000
1286.252	4789.000
1286.397	4639.000
1286.541	4690.000
1286.686	4569.000
1286.830	4718.000
1286.974	4538.000
1287.119	4750.000
1287.263	4714.000
1287.407	4788.000
1287.552	4574.000
1287.696	4775.000
1287.840	4682.000
1287.984	4712.000
1288.129	4552.000
1288.273	4749.000
1288.417	4591.000
1288.561	4718.000
1288.705	4553.000
1288.850	4761.000
1288.994	4560.000
1289.138	4679.000
1289.282	4552.000
1289.426	4708.000
1289.570	4583.000
1289.715	4684.000
1289.859	4542.000
1290.003	4727.000
1290.147	4529.000
1290.291	4761.000
1290.435	4556.000
1290.579	4640.000
1290.723	4568.000
1290.867	4705.000
1291.011	4465.000
1291.155	4688.000
1291.299	4585.000
1291.443	4675.000
1291.587	4520.000
1291.731	4633.000
1291.875	4499.000
1292.019	4619.000
1292.163	4514.000
1292.307	4651.000
1292.451	4529.000
1292.595	4641.000
1292.739	4484.000
1292.883	4623.000
1293.027	4348.000
1293.170	4679.000
1293.314	4453.000
1293.458	4607.000
1293.602	4407.000
1293.746	4634.000
1293.890	4429.000
1294.033	4560.000
1294.177	4511.000
1294.321	4519.000
1294.465	4386.000
1294.608	4587.000
1294.752	4419.000
1294.896	4551.000
1295.040	4368.000
1295.183	4607.000
1295.327	4455.000
1295.471	4571.000
1295.614	4372.000
1295.758	4543.000
1295.902	4445.000
1296.045	4558.000
1296.189	4331.000
1296.332	4580.000
1296.476	4347.000
1296.620	4448.000
1296.763	4396.000
1296.907	4472.000
1297.050	4352.000
1297.194	4608.000
1297.337	4321.000
1297.481	4372.000
1297.625	4354.000
1297.768	4527.000
1297.912	4402.000
1298.055	4441.000
1298.198	4237.000
1298.342	4523.000
1298.485	4300.000
1298.629	4457.000
1298.772	4280.000
1298.916	4499.000
1299.059	4306.000
1299.202	4468.000
1299.346	4355.000
1299.489	4500.000
1299.633	4303.000
1299.776	4482.000
1299.919	4282.000
1300.063	4400.000
1300.206	4345.000
1300.349	4435.000
1300.492	4196.000
1300.636	4464.000
1300.779	4196.000
1300.922	4363.000
1301.066	4260.000
1301.209	4434.000
1301.352	4278.000
1301.495	4392.000
1301.638	4258.000
1301.782	4312.000
1301.925	4215.000
1302.068	4395.000
1302.211	4331.000
1302.354	4327.000
1302.497	4248.000
1302.641	4357.000
1302.784	4257.000
1302.927	4396.000
1303.070	4196.000
1303.213	4340.000
1303.356	4247.000
1303.499	4346.000
1303.642	4216.000
1303.785	4398.000
1303.928	4180.000
1304.071	4429.000
1304.214	4159.000
1304.357	4399.000
1304.500	4153.000
1304.643	4433.000
1304.786	4209.000
1304.929	4481.000
1305.072	4188.000
1305.215	4483.000
1305.358	4207.000
1305.501	4361.000
1305.644	4224.000
1305.786	4366.000
1305.929	4216.000
1306.072	4325.000
1306.215	4233.000
1306.358	4396.000
1306.501	4166.000
1306.644	4350.000
1306.786	4210.000
1306.929	4367.000
1307.072	4302.000
1307.215	4422.000
1307.357	4274.000
1307.500	4385.000
1307.643	4153.000
1307.786	4416.000
1307.928	4115.000
1308.071	4413.000
1308.214	4245.000
1308.356	4372.000
1308.499	4292.000
1308.642	4319.000
1308.784	4132.000
1308.927	4331.000
1309.070	4256.000
1309.212	4454.000
1309.355	4234.000
1309.497	4388.000
1309.640	4162.000
1309.783	4390.000
1309.925	4238.000
1310.068	4366.000
1310.210	4170.000
1310.353	4438.000
1310.495	4246.000
1310.638	4398.000
1310.780	4195.000
1310.923	4431.000
1311.065	4184.000
1311.208	4447.000
1311.350	4294.000
1311.493	4338.000
1311.635	4157.000
1311.777	4373.000
1311.920	4229.000
1312.062	4510.000
1312.205	4198.000
1312.347	4424.000
1312.489	4224.000
1312.632	4399.000
1312.774	4256.000
1312.916	4419.000
1313.059	4221.000
1313.201	4432.000
1313.343	4243.000
1313.485	4402.000
1313.628	4254.000
1313.770	4472.000
1313.912	4250.000
1314.054	4462.000
1314.197	4241.000
1314.339	4344.000
1314.481	4189.000
1314.623	4433.000
1314.765	4179.000
1314.908	4352.000
1315.050	4202.000
1315.192	4336.000
1315.334	4217.000
1315.476	4333.000
1315.618	4248.000
1315.760	4370.000
1315.902	4199.000
1316.045	4406.000
1316.187	4264.000
1316.329	4359.000
1316.471	4204.000
1316.613	4412.000
1316.755	4278.000
1316.897	4369.000
1317.039	4208.000
1317.181	4432.000
1317.323	4194.000
1317.465	4346.000
1317.607	4184.000
1317.749	4367.000
1317.890	4194.000
1318.032	4382.000
1318.174	4177.000
1318.316	4374.000
1318.458	4152.000
1318.600	4292.000
1318.742	4226.000
1318.884	4304.000
1319.026	4121.000
1319.167	4314.000
1319.309	4108.000
1319.451	4382.000
1319.593	4221.000
1319.735	4299.000
1319.876	4140.000
1320.018	4262.000
1320.160	4166.000
1320.302	4323.000
1320.443	4167.000
1320.585	4319.000
1320.727	4113.000
1320.868	4303.000
1321.010	4144.000
1321.152	4305.000
1321.294	4102.000
1321.435	4293.000
1321.577	4132.000
1321.718	4312.000
1321.860	4104.000
1322.002	4162.000
1322.143	4040.000
1322.285	4272.000
1322.426	4003.000
1322.568	4205.000
1322.710	4050.000
1322.851	4195.000
1322.993	4019.000
1323.134	4200.000
1323.276	4004.000
1323.417	4253.000
1323.559	3906.000
1323.700	4261.000
1323.842	3990.000
1323.983	4145.000
1324.124	4041.000
1324.266	4182.000
1324.407	3958.000
1324.549	4130.000
1324.690	3950.000
1324.832	4111.000
1324.973	3985.000
1325.114	4134.000
1325.256	3887.000
1325.397	4120.000
1325.538	4052.000
1325.680	4131.000
1325.821	3949.000
1325.962	4120.000
1326.103	3852.000
1326.245	4059.000
1326.386	3861.000
1326.527	4080.000
1326.669	3833.000
1326.810	4149.000
1326.951	3875.000
1327.092	4111.000
1327.233	3865.000
1327.375	4071.000
1327.516	3890.000
1327.657	4059.000
1327.798	3790.000
1327.939	4001.000
1328.080	3821.000
1328.221	4037.000
1328.363	3873.000
1328.504	3996.000
1328.645	3733.000
1328.786	4001.000
1328.927	3812.000
1329.068	3963.000
1329.209	3818.000
1329.350	3964.000
1329.491	3740.000
1329.632	3964.000
1329.773	3719.000
1329.914	4015.000
1330.055	3787.000
1330.196	4023.000
1330.337	3771.000
1330.478	3947.000
1330.619	3715.000
1330.760	3909.000
1330.901	3763.000
1331.041	4027.000
1331.182	3719.000
1331.323	3944.000
1331.464	3631.000
1331.605	3899.000
1331.746	3763.000
1331.887	3940.000
1332.027	3680.000
1332.168	3893.000
1332.309	3812.000
1332.450	3838.000
1332.591	3695.000
1332.731	3950.000
1332.872	3682.000
1333.013	3890.000
1333.154	3675.000
1333.294	3939.000
1333.435	3723.000
1333.576	3800.000
1333.716	3686.000
1333.857	3878.000
1333.998	3674.000
1334.138	3786.000
1334.279	3591.000
1334.420	3837.000
1334.560	3721.000
1334.701	3876.000
1334.841	3689.000
1334.982	3930.000
1335.123	3677.000
1335.263	3859.000
1335.404	3686.000
1335.544	3836.000
1335.685	3548.000
1335.825	3802.000
1335.966	3710.000
1336.106	3865.000
1336.247	3629.000
1336.387	3878.000
1336.528	3642.000
1336.668	3829.000
1336.809	3555.000
1336.949	3832.000
1337.089	3622.000
1337.230	3747.000
1337.370	3559.000
1337.511	3775.000
1337.651	3680.000
1337.791	3783.000
1337.932	3599.000
1338.072	3824.000
1338.212	3629.000
1338.353	3810.000
1338.493	3588.000
1338.633	3827.000
1338.773	3610.000
1338.914	3771.000
1339.054	3581.000
1339.194	3822.000
1339.335	3590.000
1339.475	3765.000
1339.615	3591.000
1339.755	3757.000
1339.895	3548.000
1340.036	3728.000
1340.176	3531.000
1340.316	3829.000
1340.456	3638.000
1340.596	3748.000
1340.736	3573.000
1340.876	3779.000
1341.016	3588.000
1341.157	3747.000
1341.297	3548.000
1341.437	3746.000
1341.577	3516.000
1341.717	3730.000
1341.857	3589.000
1341.997	3771.000
1342.137	3570.000
1342.277	3723.000
1342.417	3501.000
1342.557	3792.000
1342.697	3600.000
1342.837	3722.000
1342.977	3575.000
1343.117	3753.000
1343.257	3494.000
1343.397	3733.000
1343.536	3636.000
1343.676	3817.000
1343.816	3557.000
1343.956	3715.000
1344.096	3600.000
1344.236	3693.000
1344.376	3502.000
1344.515	3765.000
1344.655	3551.000
1344.795	3716.000
1344.935	3535.000
1345.075	3722.000
1345.214	3506.000
1345.354	3768.000
1345.494	3569.000
1345.634	3739.000
1345.773	3460.000
1345.913	3778.000
1346.053	3529.000
1346.192	3775.000
1346.332	3528.000
1346.472	3794.000
1346.611	3479.000
1346.751	3687.000
1346.891	3523.000
1347.030	3696.000
1347.170	3500.000
1347.310	3774.000
1347.449	3521.000
1347.589	3691.000
1347.728	3548.000
1347.868	3694.000
1348.007	3528.000
1348.147	3754.000
1348.286	3529.000
1348.426	3649.000
1348.565	3485.000
1348.705	3708.000
1348.844	3547.000
1348.984	3648.000
1349.123	3515.000
1349.263	3683.000
1349.402	3542.000
1349.542	3751.000
1349.681	3504.000
1349.821	3651.000
1349.960	3555.000
1350.099	3689.000
1350.239	3498.000
1350.378	3761.000
1350.517	3521.000
1350.657	3730.000
1350.796	3546.000
1350.935	3721.000
1351.075	3538.000
1351.214	3668.000
1351.353	3483.000
1351.492	3727.000
1351.632	3505.000
1351.771	3644.000
1351.910	3545.000
1352.049	3710.000
1352.189	3474.000
1352.328	3616.000
1352.467	3437.000
1352.606	3734.000
1352.745	3444.000
1352.885	3654.000
1353.024	3519.000
1353.163	3750.000
1353.302	3654.000
1353.441	3688.000
1353.580	3463.000
1353.719	3649.000
1353.858	3427.000
1353.997	3697.000
1354.136	3421.000
1354.275	3688.000
1354.414	3415.000
1354.554	3570.000
1354.693	3492.000
1354.832	3627.000
1354.970	3429.000
1355.109	3613.000
1355.248	3456.000
1355.387	3672.000
1355.526	3439.000
1355.665	3594.000
1355.804	3409.000
1355.943	3555.000
1356.082	3412.000
1356.221	3636.000
1356.360	3446.000
1356.499	3582.000
1356.637	3513.000
1356.776	3601.000
1356.915	3387.000
1357.054	3698.000
1357.193	3435.000
1357.332	3622.000
1357.470	3395.000
1357.609	3551.000
1357.748	3460.000
1357.887	3579.000
1358.025	3446.000
1358.164	3511.000
1358.303	3432.000
1358.442	3534.000
1358.580	3438.000
1358.719	3575.000
1358.858	3415.000
1358.996	3587.000
1359.135	3425.000
1359.274	3611.000
1359.412	3390.000
1359.551	3579.000
1359.689	3429.000
1359.828	3555.000
1359.967	3419.000
1360.105	3555.000
1360.244	3411.000
1360.382	3544.000
1360.521	3446.000
1360.659	3588.000
1360.798	3453.000
1360.936	3572.000
1361.075	3367.000
1361.213	3511.000
1361.352	3388.000
1361.490	3536.000
1361.629	3351.000
1361.767	3611.000
1361.906	3383.000
1362.044	3551.000
1362.183	3360.000
1362.321	3504.000
1362.459	3344.000
1362.598	3502.000
1362.736	3311.000
1362.874	3562.000
1363.013	3372.000
1363.151	3603.000
1363.289	3419.000
1363.428	3603.000
1363.566	3366.000
1363.704	3614.000
1363.843	3393.000
1363.981	3537.000
1364.119	3373.000
1364.257	3593.000
1364.396	3347.000
1364.534	3595.000
1364.672	3399.000
1364.810	3601.000
1364.948	3336.000
1365.087	3561.000
1365.225	3377.000
1365.363	3567.000
1365.501	3404.000
1365.639	3592.000
1365.777	3424.000
1365.915	3595.000
1366.053	3439.000
1366.192	3546.000
1366.330	3406.000
1366.468	3645.000
1366.606	3393.000
1366.744	3609.000
1366.882	3379.000
1367.020	3646.000
1367.158	3365.000
1367.296	3624.000
1367.434	3358.000
1367.572	3663.000
1367.710	3455.000
1367.848	3635.000
1367.986	3360.000
1368.124	3556.000
1368.261	3403.000
1368.399	3512.000
1368.537	3403.000
1368.675	3587.000
1368.813	3431.000
1368.951	3576.000
1369.089	3420.000
1369.227	3600.000
1369.364	3418.000
1369.502	3586.000
1369.640	3391.000
1369.778	3634.000
1369.916	3408.000
1370.053	3586.000
1370.191	3395.000
1370.329	3590.000
1370.467	3333.000
1370.604	3623.000
1370.742	3449.000
1370.880	3551.000
1371.017	3450.000
1371.155	3672.000
1371.293	3369.000
1371.430	3623.000
1371.568	3453.000
1371.706	3601.000
1371.843	3398.000
1371.981	3504.000
1372.119	3385.000
1372.256	3559.000
1372.394	3410.000
1372.531	3600.000
1372.669	3415.000
1372.806	3575.000
1372.944	3412.000
1373.082	3650.000
1373.219	3461.000
1373.357	3588.000
1373.494	3490.000
1373.632	3615.000
1373.769	3450.000
1373.906	3623.000
1374.044	3047.000
1374.181	3576.000
1374.319	3425.000
1374.456	3551.000
1374.594	3337.000
1374.731	3576.000
1374.868	3367.000
1375.006	3598.000
1375.143	3453.000
1375.280	3578.000
1375.418	3417.000
1375.555	3564.000
1375.692	3404.000
1375.830	3621.000
1375.967	3441.000
1376.104	3595.000
1376.242	3332.000
1376.379	3586.000
1376.516	3359.000
1376.653	3551.000
1376.791	3410.000
1376.928	3547.000
1377.065	3391.000
1377.202	3576.000
1377.339	3357.000
1377.477	3607.000
1377.614	3310.000
1377.751	3673.000
1377.888	3414.000
1378.025	3516.000
1378.162	3418.000
1378.299	3516.000
1378.436	3365.000
1378.574	3491.000
1378.711	3294.000
1378.848	3474.000
1378.985	3310.000
1379.122	3595.000
1379.259	3344.000
1379.396	3579.000
1379.533	3332.000
1379.670	3495.000
1379.807	3319.000
1379.944	3506.000
1380.081	3246.000
1380.218	3490.000
1380.355	3225.000
1380.491	3489.000
1380.628	3276.000
1380.765	3485.000
1380.902	3346.000
1381.039	3486.000
1381.176	3275.000
1381.313	3577.000
1381.450	3264.000
1381.586	3490.000
1381.723	3342.000
1381.860	3532.000
1381.997	3305.000
1382.134	3595.000
1382.271	4722.000
1382.407	3539.000
1382.544	3355.000
1382.681	3499.000
1382.818	3332.000
1382.954	3477.000
1383.091	3223.000
1383.228	3453.000
1383.364	3407.000
1383.501	3563.000
1383.638	3376.000
1383.774	3499.000
1383.911	3301.000
1384.048	3495.000
1384.184	3370.000
1384.321	3584.000
1384.457	3316.000
1384.594	3503.000
1384.731	3307.000
1384.867	3535.000
1385.004	3366.000
1385.140	3552.000
1385.277	3345.000
1385.413	3539.000
1385.550	3354.000
1385.686	3495.000
1385.823	3291.000
1385.959	3490.000
1386.096	3279.000
1386.232	3560.000
1386.369	3327.000
1386.505	3515.000
1386.642	3312.000
1386.778	3585.000
1386.914	3349.000
1387.051	3579.000
1387.187	3321.000
1387.324	3539.000
1387.460	3244.000
1387.596	3527.000
1387.733	3289.000
1387.869	3542.000
1388.005	3292.000
1388.142	3543.000
1388.278	3348.000
1388.414	3512.000
1388.550	3292.000
1388.687	3571.000
1388.823	3267.000
1388.959	3541.000
1389.095	3357.000
1389.232	3489.000
1389.368	3268.000
1389.504	3573.000
1389.640	3314.000
1389.776	3518.000
1389.912	3309.000
1390.049	3484.000
1390.185	3351.000
1390.321	3498.000
1390.457	3352.000
1390.593	3518.000
1390.729	3375.000
1390.865	3575.000
1391.001	3269.000
1391.137	3514.000
1391.273	3293.000
1391.409	3502.000
1391.545	3402.000
1391.681	3554.000
1391.817	3317.000
1391.953	3516.000
1392.089	3373.000
1392.225	3537.000
1392.361	3352.000
1392.497	3577.000
1392.633	3361.000
1392.769	3583.000
1392.905	3333.000
1393.041	3483.000
1393.177	3344.000
1393.313	3545.000
1393.449	3358.000
1393.584	3423.000
1393.720	3403.000
1393.856	3586.000
1393.992	3401.000
1394.128	3506.000
1394.264	3314.000
1394.399	3450.000
1394.535	3408.000
1394.671	3567.000
