969.812	2298.000
969.956	2453.000
970.101	2248.000
970.245	2548.000
970.389	2283.000
970.533	2522.000
970.678	2247.000
970.822	2518.000
970.966	2276.000
971.110	2502.000
971.255	2219.000
971.399	2551.000
971.543	2267.000
971.687	2464.000
971.831	2259.000
971.976	2552.000
972.120	2187.000
972.264	2550.000
972.408	2193.000
972.552	2566.000
972.697	2197.000
972.841	2465.000
972.985	2376.000
973.129	2496.000
973.273	2316.000
973.417	2499.000
973.562	2302.000
973.706	2478.000
973.850	2265.000
973.994	2475.000
974.138	2276.000
974.282	2532.000
974.426	2320.000
974.570	2509.000
974.715	2242.000
974.859	2496.000
975.003	2343.000
975.147	2493.000
975.291	2326.000
975.435	2561.000
975.579	2252.000
975.723	2550.000
975.867	2243.000
976.011	2555.000
976.155	2268.000
976.299	2512.000
976.444	2313.000
976.588	2467.000
976.732	2297.000
976.876	2528.000
977.020	2240.000
977.164	2479.000
977.308	2305.000
977.452	2527.000
977.596	2228.000
977.740	2501.000
977.884	2226.000
978.028	2508.000
978.172	2220.000
978.316	2458.000
978.460	2279.000
978.604	2479.000
978.748	2260.000
978.892	2428.000
979.036	2212.000
979.180	2541.000
979.323	2275.000
979.467	2456.000
979.611	2246.000
979.755	2491.000
979.899	2246.000
980.043	2466.000
980.187	2267.000
980.331	2493.000
980.475	2201.000
980.619	2497.000
980.763	2239.000
980.907	2460.000
981.050	2295.000
981.194	2553.000
981.338	2235.000
981.482	2452.000
981.626	2247.000
981.770	2490.000
981.914	2232.000
982.058	2437.000
982.201	2228.000
982.345	2445.000
982.489	2296.000
982.633	2453.000
982.777	2246.000
982.921	2495.000
983.064	2273.000
983.208	2483.000
983.352	2272.000
983.496	2469.000
983.640	2211.000
983.783	2477.000
983.927	2254.000
984.071	2496.000
984.215	2249.000
984.359	2410.000
984.502	2214.000
984.646	2375.000
984.790	2234.000
984.934	2502.000
985.077	2216.000
985.221	2437.000
985.365	2231.000
985.509	2433.000
985.652	2231.000
985.796	2450.000
985.940	2103.000
986.084	2441.000
986.227	2233.000
986.371	2408.000
986.515	2227.000
986.658	2484.000
986.802	2242.000
986.946	2455.000
987.089	2241.000
987.233	2409.000
987.377	2221.000
987.520	2507.000
987.664	2198.000
987.808	2468.000
987.951	2189.000
988.095	2375.000
988.239	2295.000
988.382	2455.000
988.526	2231.000
988.670	2456.000
988.813	2211.000
988.957	2396.000
989.100	2207.000
989.244	2433.000
989.388	2265.000
989.531	2454.000
989.675	2174.000
989.818	2443.000
989.962	2236.000
990.106	2440.000
990.249	2155.000
990.393	2392.000
990.536	2236.000
990.680	2470.000
990.823	2240.000
990.967	2421.000
991.110	2236.000
991.254	2470.000
991.398	2243.000
991.541	2432.000
991.685	2228.000
991.828	2395.000
991.972	2200.000
992.115	2482.000
992.259	2258.000
992.402	2472.000
992.546	2213.000
992.689	2498.000
992.833	2238.000
992.976	2417.000
993.120	2242.000
993.263	2437.000
993.406	2174.000
993.550	2420.000
993.693	2257.000
993.837	2431.000
993.980	2235.000
994.124	2466.000
994.267	2158.000
994.411	2473.000
994.554	2248.000
994.697	2395.000
994.841	2256.000
994.984	2449.000
995.128	2175.000
995.271	2459.000
995.414	2126.000
995.558	2403.000
995.701	2224.000
995.845	2479.000
995.988	2226.000
996.131	2466.000
996.275	2153.000
996.418	2351.000
996.561	2235.000
996.705	2387.000
996.848	2242.000
996.991	2478.000
997.135	2199.000
997.278	2406.000
997.421	2184.000
997.565	2454.000
997.708	2233.000
997.851	2501.000
997.995	2179.000
998.138	2406.000
998.281	2136.000
998.424	2490.000
998.568	2306.000
998.711	2403.000
998.854	2281.000
998.998	2416.000
999.141	2174.000
999.284	2450.000
999.427	2229.000
999.571	2508.000
999.714	2168.000
999.857	2426.000
1000.000	2195.000
1000.143	2404.000
1000.287	2205.000
1000.430	2484.000
1000.573	2219.000
1000.716	2439.000
1000.860	2167.000
1001.003	2412.000
1001.146	2177.000
1001.289	2391.000
1001.432	2213.000
1001.575	2440.000
1001.719	2226.000
1001.862	2456.000
1002.005	2116.000
1002.148	2456.000
1002.291	2188.000
1002.434	2427.000
1002.578	2190.000
1002.721	2463.000
1002.864	2236.000
1003.007	2427.000
1003.150	2179.000
1003.293	2436.000
1003.436	2190.000
1003.579	2396.000
1003.723	2236.000
1003.866	2463.000
1004.009	2154.000
1004.152	2385.000
1004.295	2216.000
1004.438	2406.000
1004.581	2201.000
1004.724	2418.000
1004.867	2158.000
1005.010	2432.000
1005.153	2234.000
1005.296	2426.000
1005.439	2247.000
1005.582	2497.000
1005.725	2232.000
1005.868	2398.000
1006.012	2204.000
1006.155	2420.000
1006.298	2183.000
1006.441	2481.000
1006.584	2300.000
1006.727	2479.000
1006.870	2181.000
1007.013	2481.000
1007.156	2302.000
1007.298	2396.000
1007.441	2191.000
1007.584	2475.000
1007.727	2210.000
1007.870	2418.000
1008.013	2201.000
1008.156	2471.000
1008.299	2208.000
1008.442	2435.000
1008.585	2213.000
1008.728	2435.000
1008.871	2206.000
1009.014	2431.000
1009.157	2233.000
1009.300	2467.000
1009.443	2203.000
1009.585	2504.000
1009.728	2226.000
1009.871	2416.000
1010.014	2224.000
1010.157	2470.000
1010.300	2192.000
1010.443	2438.000
1010.586	2290.000
1010.728	2440.000
1010.871	2230.000
1011.014	2394.000
1011.157	2200.000
1011.300	2443.000
1011.443	2233.000
1011.585	2481.000
1011.728	2313.000
1011.871	2498.000
1012.014	2267.000
1012.157	2485.000
1012.300	2138.000
1012.442	2519.000
1012.585	2249.000
1012.728	2459.000
1012.871	2230.000
1013.013	2498.000
1013.156	2251.000
1013.299	2458.000
1013.442	2341.000
1013.585	2381.000
1013.727	2197.000
1013.870	2481.000
1014.013	2246.000
1014.156	2437.000
1014.298	2205.000
1014.441	2523.000
1014.584	2355.000
1014.726	2524.000
1014.869	2268.000
1015.012	2523.000
1015.155	2371.000
1015.297	2557.000
1015.440	2294.000
1015.583	2584.000
1015.725	2323.000
1015.868	2475.000
1016.011	2357.000
1016.153	2503.000
1016.296	2330.000
1016.439	2601.000
1016.581	2254.000
1016.724	2402.000
1016.867	2301.000
1017.009	2537.000
1017.152	2357.000
1017.295	2469.000
1017.437	2206.000
1017.580	2496.000
1017.722	2249.000
1017.865	2437.000
1018.008	2202.000
1018.150	2435.000
1018.293	2230.000
1018.435	2424.000
1018.578	2247.000
1018.721	2466.000
1018.863	2212.000
1019.006	2469.000
1019.148	2180.000
1019.291	2377.000
1019.433	2246.000
1019.576	2412.000
1019.718	2141.000
1019.861	2437.000
1020.003	2153.000
1020.146	2375.000
1020.289	2206.000
1020.431	2435.000
1020.574	2216.000
1020.716	2396.000
1020.859	2254.000
1021.001	2354.000
1021.144	2199.000
1021.286	2417.000
1021.429	2276.000
1021.571	2359.000
1021.713	2224.000
1021.856	2389.000
1021.998	2213.000
1022.141	2418.000
1022.283	2160.000
1022.426	2347.000
1022.568	2215.000
1022.711	2414.000
1022.853	2207.000
1022.996	2444.000
1023.138	2161.000
1023.280	2451.000
1023.423	2148.000
1023.565	2421.000
1023.708	2174.000
1023.850	2477.000
1023.992	2222.000
1024.135	2507.000
1024.277	2172.000
1024.420	2517.000
1024.562	2196.000
1024.704	2416.000
1024.847	2209.000
1024.989	2430.000
1025.131	2217.000
1025.274	2380.000
1025.416	2219.000
1025.558	2466.000
1025.701	2174.000
1025.843	2399.000
1025.985	2195.000
1026.128	2432.000
1026.270	2286.000
1026.412	2477.000
1026.555	2257.000
1026.697	2422.000
1026.839	2166.000
1026.982	2476.000
1027.124	2160.000
1027.266	2428.000
1027.408	2254.000
1027.551	2438.000
1027.693	2288.000
1027.835	2363.000
1027.977	2101.000
1028.120	2380.000
1028.262	2235.000
1028.404	2506.000
1028.546	2222.000
1028.689	2431.000
1028.831	2140.000
1028.973	2440.000
1029.115	2219.000
1029.257	2403.000
1029.400	2142.000
1029.542	2464.000
1029.684	2242.000
1029.826	2416.000
1029.968	2190.000
1030.111	2439.000
1030.253	2188.000
1030.395	2448.000
1030.537	2273.000
1030.679	2349.000
1030.821	2123.000
1030.964	2447.000
1031.106	2207.000
1031.248	2499.000
1031.390	2192.000
1031.532	2475.000
1031.674	2215.000
1031.816	2412.000
1031.958	2226.000
1032.101	2459.000
1032.243	2213.000
1032.385	2441.000
1032.527	2237.000
1032.669	2439.000
1032.811	2243.000
1032.953	2497.000
1033.095	2239.000
1033.237	2485.000
1033.379	2213.000
1033.521	2388.000
1033.663	2195.000
1033.805	2499.000
1033.948	2180.000
1034.090	2413.000
1034.232	2197.000
1034.374	2391.000
1034.516	2202.000
1034.658	2385.000
1034.800	2240.000
1034.942	2413.000
1035.084	2202.000
1035.226	2475.000
1035.368	2263.000
1035.510	2439.000
1035.652	2197.000
1035.794	2481.000
1035.936	2276.000
1036.078	2436.000
1036.220	2210.000
1036.362	2477.000
1036.503	2191.000
1036.645	2404.000
1036.787	2186.000
1036.929	2445.000
1037.071	2252.000
1037.213	2471.000
1037.355	2201.000
1037.497	2445.000
1037.639	2179.000
1037.781	2408.000
1037.923	2273.000
1038.065	2387.000
1038.207	2171.000
1038.348	2451.000
1038.490	2132.000
1038.632	2473.000
1038.774	2282.000
1038.916	2381.000
1039.058	2216.000
1039.200	2387.000
1039.342	2247.000
1039.483	2457.000
1039.625	2271.000
1039.767	2508.000
1039.909	2200.000
1040.051	2456.000
1040.193	2260.000
1040.334	2482.000
1040.476	2226.000
1040.618	2492.000
1040.760	2276.000
1040.902	2493.000
1041.043	2231.000
1041.185	2364.000
1041.327	2170.000
1041.469	2453.000
1041.611	2196.000
1041.752	2437.000
1041.894	2240.000
1042.036	2434.000
1042.178	2224.000
1042.319	2445.000
1042.461	2213.000
1042.603	2472.000
1042.745	2109.000
1042.886	2514.000
1043.028	2234.000
1043.170	2410.000
1043.311	2283.000
1043.453	2473.000
1043.595	2256.000
1043.737	2418.000
1043.878	2221.000
1044.020	2442.000
1044.162	2265.000
1044.303	2437.000
1044.445	2173.000
1044.587	2444.000
1044.728	2358.000
1044.870	2471.000
1045.012	2240.000
1045.153	2486.000
1045.295	2194.000
1045.437	2448.000
1045.578	2207.000
1045.720	2467.000
1045.861	2188.000
1046.003	2572.000
1046.145	2247.000
1046.286	2504.000
1046.428	2249.000
1046.569	2457.000
1046.711	2236.000
1046.853	2511.000
1046.994	2168.000
1047.136	2440.000
1047.277	2213.000
1047.419	2462.000
1047.561	2290.000
1047.702	2455.000
1047.844	2173.000
1047.985	2464.000
1048.127	2251.000
1048.268	2450.000
1048.410	2239.000
1048.551	2454.000
1048.693	2185.000
1048.834	2454.000
1048.976	2198.000
1049.117	2508.000
1049.259	2278.000
1049.400	2565.000
1049.542	2249.000
1049.683	2436.000
1049.825	2206.000
1049.966	2447.000
1050.108	2264.000
1050.249	2570.000
1050.391	2226.000
1050.532	2481.000
1050.674	2188.000
1050.815	2477.000
1050.957	2274.000
1051.098	2495.000
1051.239	2265.000
1051.381	2458.000
1051.522	2356.000
1051.664	2451.000
1051.805	2269.000
1051.947	2543.000
1052.088	2227.000
1052.229	2487.000
1052.371	2216.000
1052.512	2569.000
1052.654	2315.000
1052.795	2426.000
1052.936	2270.000
1053.078	2503.000
1053.219	2249.000
1053.360	2423.000
1053.502	2217.000
1053.643	2494.000
1053.784	2345.000
1053.926	2506.000
1054.067	2312.000
1054.208	2572.000
1054.350	2305.000
1054.491	2489.000
1054.632	2302.000
1054.774	2498.000
1054.915	2197.000
1055.056	2465.000
1055.198	2364.000
1055.339	2514.000
1055.480	2251.000
1055.622	2523.000
1055.763	2298.000
1055.904	2535.000
1056.045	2224.000
1056.187	2504.000
1056.328	2273.000
1056.469	2457.000
1056.610	2254.000
1056.752	2470.000
1056.893	2383.000
1057.034	2490.000
1057.175	2265.000
1057.316	2507.000
1057.458	2318.000
1057.599	2506.000
1057.740	2307.000
1057.881	2549.000
1058.023	2296.000
1058.164	2508.000
1058.305	2274.000
1058.446	2539.000
1058.587	2298.000
1058.728	2501.000
1058.870	2298.000
1059.011	2504.000
1059.152	2269.000
1059.293	2449.000
1059.434	2243.000
1059.575	2549.000
1059.716	2345.000
1059.858	2477.000
1059.999	2301.000
1060.140	2518.000
1060.281	2306.000
1060.422	2516.000
1060.563	2260.000
1060.704	2498.000
1060.845	2260.000
1060.986	2482.000
1061.128	2300.000
1061.269	2518.000
1061.410	2299.000
1061.551	2490.000
1061.692	2272.000
1061.833	2602.000
1061.974	2455.000
1062.115	2715.000
1062.256	2593.000
1062.397	2826.000
1062.538	2609.000
1062.679	3167.000
1062.820	3518.000
1062.961	4276.000
1063.102	4654.000
1063.243	4699.000
1063.384	5135.000
1063.525	5922.000
1063.666	5695.000
1063.807	6912.000
1063.948	10286.000
1064.089	10336.000
1064.230	11637.000
1064.371	13672.000
1064.512	12550.000
1064.653	12125.000
1064.794	11317.000
1064.935	10343.000
1065.076	6947.000
1065.217	7008.000
1065.358	6863.000
1065.499	5575.000
1065.640	3941.000
1065.781	3850.000
1065.922	3689.000
1066.062	3862.000
1066.203	3304.000
1066.344	3198.000
1066.485	2868.000
1066.626	3091.000
1066.767	2825.000
1066.908	3001.000
1067.049	2837.000
1067.190	3033.000
1067.330	2866.000
1067.471	3061.000
1067.612	2806.000
1067.753	2955.000
1067.894	2737.000
1068.035	2823.000
1068.176	2584.000
1068.316	2618.000
1068.457	2424.000
1068.598	2525.000
1068.739	2386.000
1068.880	2638.000
1069.020	2329.000
1069.161	2500.000
1069.302	2389.000
1069.443	2564.000
1069.584	2355.000
1069.724	2615.000
1069.865	2404.000
1070.006	2579.000
1070.147	2395.000
1070.287	2603.000
1070.428	2383.000
1070.569	2560.000
1070.710	2329.000
1070.850	2610.000
1070.991	2403.000
1071.132	2522.000
1071.273	2424.000
1071.413	2600.000
1071.554	2351.000
1071.695	2541.000
1071.836	2330.000
1071.976	2618.000
1072.117	2366.000
1072.258	2587.000
1072.398	2406.000
1072.539	2647.000
1072.680	2482.000
1072.820	2599.000
1072.961	2412.000
1073.102	2589.000
1073.242	2343.000
1073.383	2646.000
1073.524	2376.000
1073.664	2632.000
1073.805	2351.000
1073.946	2551.000
1074.086	2448.000
1074.227	2606.000
1074.367	2379.000
1074.508	2590.000
1074.649	2435.000
1074.789	2667.000
1074.930	2406.000
1075.070	2568.000
1075.211	2389.000
1075.352	2554.000
1075.492	2407.000
1075.633	2627.000
1075.773	2431.000
1075.914	2600.000
1076.054	2465.000
1076.195	2625.000
1076.335	2402.000
1076.476	2717.000
1076.617	2424.000
1076.757	2636.000
1076.898	2438.000
1077.038	2598.000
1077.179	2484.000
1077.319	2621.000
1077.460	2492.000
1077.600	2614.000
1077.741	2485.000
1077.881	2604.000
1078.022	2514.000
1078.162	2675.000
1078.303	2519.000
1078.443	2728.000
1078.584	2531.000
1078.724	2736.000
1078.864	2518.000
1079.005	2683.000
1079.145	2552.000
1079.286	2712.000
1079.426	2541.000
1079.567	2701.000
1079.707	2535.000
1079.848	2698.000
1079.988	2565.000
1080.128	2777.000
1080.269	2606.000
1080.409	2725.000
1080.550	2550.000
1080.690	2702.000
1080.830	2553.000
1080.971	2754.000
1081.111	2589.000
1081.252	2840.000
1081.392	2606.000
1081.532	2803.000
1081.673	2594.000
1081.813	2759.000
1081.953	2630.000
1082.094	2776.000
1082.234	2588.000
1082.374	2858.000
1082.515	2609.000
1082.655	2881.000
1082.795	2716.000
1082.936	2939.000
1083.076	2679.000
1083.216	2930.000
1083.356	2704.000
1083.497	2887.000
1083.637	2706.000
1083.777	2964.000
1083.918	2731.000
1084.058	3021.000
1084.198	2799.000
1084.338	3066.000
1084.479	2764.000
1084.619	3031.000
1084.759	2863.000
1084.899	3070.000
1085.040	2887.000
1085.180	3134.000
1085.320	2966.000
1085.460	3178.000
1085.601	2993.000
1085.741	3165.000
1085.881	3008.000
1086.021	3266.000
1086.161	3020.000
1086.302	3293.000
1086.442	3057.000
1086.582	3347.000
1086.722	3120.000
1086.862	3413.000
1087.002	3171.000
1087.143	3488.000
1087.283	3357.000
1087.423	3545.000
1087.563	3296.000
1087.703	3581.000
1087.843	3398.000
1087.984	3615.000
1088.124	3507.000
1088.264	3730.000
1088.404	3588.000
1088.544	3802.000
1088.684	3666.000
1088.824	3886.000
1088.964	3727.000
1089.104	3952.000
1089.244	3778.000
1089.385	4040.000
1089.525	3868.000
1089.665	4096.000
1089.805	3912.000
1089.945	4134.000
1090.085	3953.000
1090.225	4281.000
1090.365	4128.000
1090.505	4240.000
1090.645	4165.000
1090.785	4429.000
1090.925	4128.000
1091.065	4397.000
1091.205	4256.000
1091.345	4383.000
1091.485	4229.000
1091.625	4379.000
1091.765	4226.000
1091.905	4439.000
1092.045	4304.000
1092.185	4507.000
1092.325	4328.000
1092.465	4485.000
1092.605	4342.000
1092.745	4602.000
1092.885	4421.000
1093.025	4576.000
1093.165	4522.000
1093.305	4617.000
1093.445	4487.000
1093.585	4680.000
1093.725	4300.000
1093.865	4708.000
1094.005	4585.000
1094.144	4755.000
1094.284	4583.000
1094.424	4871.000
1094.564	4643.000
1094.704	4909.000
1094.844	4823.000
1094.984	4969.000
1095.124	4813.000
1095.264	4964.000
1095.403	4832.000
1095.543	5027.000
1095.683	4863.000
1095.823	5014.000
1095.963	4748.000
1096.103	5036.000
1096.243	4836.000
1096.382	5006.000
1096.522	4866.000
1096.662	4999.000
1096.802	4848.000
1096.942	5050.000
1097.081	4821.000
1097.221	5085.000
1097.361	4818.000
1097.501	5116.000
1097.641	4889.000
1097.780	5008.000
1097.920	4903.000
1098.060	5019.000
1098.200	4860.000
1098.339	4967.000
1098.479	4776.000
1098.619	4960.000
1098.759	4805.000
1098.899	5053.000
1099.038	4830.000
1099.178	5007.000
1099.318	4783.000
1099.457	4934.000
1099.597	4754.000
1099.737	4954.000
1099.877	4747.000
1100.016	4952.000
1100.156	4686.000
1100.296	4937.000
1100.435	4708.000
1100.575	4904.000
1100.715	4751.000
1100.854	4851.000
1100.994	4648.000
1101.134	4892.000
1101.273	4592.000
1101.413	4817.000
1101.553	4612.000
1101.692	4804.000
1101.832	4573.000
1101.972	4829.000
1102.111	5166.000
1102.251	4761.000
1102.390	4520.000
1102.530	4649.000
1102.670	4474.000
1102.809	4623.000
1102.949	4309.000
1103.088	4530.000
1103.228	4479.000
1103.368	4604.000
1103.507	4372.000
1103.647	4456.000
1103.786	4273.000
1103.926	4450.000
1104.066	4295.000
1104.205	4457.000
1104.345	4185.000
1104.484	4334.000
1104.624	4154.000
1104.763	4388.000
1104.903	4132.000
1105.042	4343.000
1105.182	4102.000
1105.321	4271.000
1105.461	4090.000
1105.600	4218.000
1105.740	3963.000
1105.879	4163.000
1106.019	3975.000
1106.158	4245.000
1106.298	3966.000
1106.437	4143.000
1106.577	3934.000
1106.716	4181.000
1106.856	3929.000
1106.995	4170.000
1107.135	3916.000
1107.274	4079.000
1107.413	3804.000
1107.553	4093.000
1107.692	3815.000
1107.832	4068.000
1107.971	3836.000
1108.111	4084.000
1108.250	3832.000
1108.389	4040.000
1108.529	3839.000
1108.668	4099.000
1108.808	3764.000
1108.947	4033.000
1109.086	3882.000
1109.226	3967.000
1109.365	3792.000
1109.504	4054.000
1109.644	3791.000
1109.783	3991.000
1109.922	3806.000
1110.062	4035.000
1110.201	3843.000
1110.340	4006.000
1110.480	3868.000
1110.619	4014.000
1110.758	3891.000
1110.898	4133.000
1111.037	3839.000
1111.176	4075.000
1111.316	3838.000
1111.455	4088.000
1111.594	3969.000
1111.734	4156.000
1111.873	3928.000
1112.012	4134.000
1112.151	3987.000
1112.291	4226.000
1112.430	4032.000
1112.569	4325.000
1112.708	4078.000
1112.848	4298.000
1112.987	4110.000
1113.126	4313.000
1113.265	4154.000
1113.405	4398.000
1113.544	4204.000
1113.683	4307.000
1113.822	4313.000
1113.961	4487.000
1114.101	4374.000
1114.240	4539.000
1114.379	4351.000
1114.518	4503.000
1114.657	4458.000
1114.797	4699.000
