1109.929	3252.000
1110.074	3378.000
1110.220	3257.000
1110.366	3500.000
1110.511	3307.000
1110.657	3526.000
1110.802	3294.000
1110.948	3521.000
1111.094	3345.000
1111.239	3513.000
1111.385	3326.000
1111.530	3604.000
1111.676	3424.000
1111.821	3563.000
1111.967	3432.000
1112.112	3702.000
1112.258	3455.000
1112.403	3744.000
1112.549	3482.000
1112.694	3790.000
1112.840	3568.000
1112.985	3765.000
1113.131	3779.000
1113.276	3834.000
1113.421	3777.000
1113.567	3880.000
1113.712	3794.000
1113.858	3918.000
1114.003	3851.000
1114.149	4040.000
1114.294	3954.000
1114.439	4166.000
1114.585	4097.000
1114.730	4177.000
1114.875	4079.000
1115.021	4301.000
1115.166	4280.000
1115.311	4391.000
1115.457	4383.000
1115.602	4555.000
1115.747	4456.000
1115.893	4652.000
1116.038	4571.000
1116.183	4817.000
1116.329	4683.000
1116.474	4878.000
1116.619	4926.000
1116.764	5002.000
1116.910	5054.000
1117.055	5210.000
1117.200	5198.000
1117.345	5337.000
1117.490	5411.000
1117.636	5594.000
1117.781	5597.000
1117.926	5763.000
1118.071	5811.000
1118.216	5984.000
1118.362	6049.000
1118.507	6210.000
1118.652	6395.000
1118.797	6490.000
1118.942	6636.000
1119.087	6719.000
1119.232	6954.000
1119.377	7080.000
1119.523	7279.000
1119.668	7325.000
1119.813	7640.000
1119.958	7716.000
1120.103	8025.000
1120.248	8095.000
1120.393	8486.000
1120.538	8544.000
1120.683	8871.000
1120.828	8987.000
1120.973	9415.000
1121.118	9470.000
1121.263	9991.000
1121.408	10106.000
1121.553	10592.000
1121.698	10605.000
1121.843	11253.000
1121.988	11258.000
1122.133	11951.000
1122.278	11895.000
1122.423	12663.000
1122.568	12633.000
1122.713	13510.000
1122.858	13345.000
1123.002	14251.000
1123.147	14177.000
1123.292	15197.000
1123.437	15049.000
1123.582	16114.000
1123.727	15896.000
1123.872	17080.000
1124.017	16953.000
1124.161	18246.000
1124.306	18063.000
1124.451	19387.000
1124.596	19065.000
1124.741	20562.000
1124.885	20279.000
1125.030	21852.000
1125.175	21600.000
1125.320	23101.000
1125.465	22695.000
1125.609	24375.000
1125.754	23905.000
1125.899	25731.000
1126.044	25233.000
1126.188	26931.000
1126.333	26492.000
1126.478	28437.000
1126.622	27690.000
1126.767	29795.000
1126.912	28853.000
1127.056	31041.000
1127.201	30115.000
1127.346	32046.000
1127.490	31214.000
1127.635	33183.000
1127.780	32251.000
1127.924	34175.000
1128.069	33024.000
1128.214	35125.000
1128.358	33785.000
1128.503	36090.000
1128.647	34621.000
1128.792	36698.000
1128.937	35255.000
1129.081	37377.000
1129.226	35724.000
1129.370	37810.000
1129.515	36227.000
1129.659	38400.000
1129.804	36631.000
1129.948	38543.000
1130.093	36997.000
1130.237	38997.000
1130.382	37270.000
1130.526	39270.000
1130.671	37391.000
1130.815	39547.000
1130.960	37694.000
1131.104	39793.000
1131.249	38049.000
1131.393	40019.000
1131.537	38461.000
1131.682	40424.000
1131.826	38625.000
1131.971	40681.000
1132.115	39023.000
1132.260	40979.000
1132.404	39347.000
1132.548	41370.000
1132.693	39660.000
1132.837	41618.000
1132.981	39919.000
1133.126	42108.000
1133.270	40335.000
1133.414	42444.000
1133.559	40836.000
1133.703	42725.000
1133.847	41198.000
1133.992	43346.000
1134.136	41576.000
1134.280	43753.000
1134.424	41973.000
1134.569	44054.000
1134.713	42231.000
1134.857	44248.000
1135.001	42403.000
1135.146	44336.000
1135.290	42510.000
1135.434	44371.000
1135.578	42509.000
1135.722	44326.000
1135.867	42397.000
1136.011	44220.000
1136.155	42276.000
1136.299	43936.000
1136.443	42042.000
1136.587	43586.000
1136.732	41681.000
1136.876	43284.000
1137.020	41397.000
1137.164	43093.000
1137.308	41060.000
1137.452	42486.000
1137.596	40561.000
1137.740	42119.000
1137.884	40102.000
1138.028	41565.000
1138.172	39637.000
1138.316	40988.000
1138.461	38877.000
1138.605	40174.000
1138.749	38297.000
1138.893	39628.000
1139.037	37428.000
1139.181	38863.000
1139.325	36751.000
1139.469	38034.000
1139.613	35996.000
1139.757	37205.000
1139.900	35216.000
1140.044	36325.000
1140.188	34413.000
1140.332	35374.000
1140.476	33510.000
1140.620	34568.000
1140.764	32725.000
1140.908	33787.000
1141.052	31745.000
1141.196	32703.000
1141.340	30839.000
1141.484	31707.000
1141.627	30026.000
1141.771	30812.000
1141.915	29061.000
1142.059	29842.000
1142.203	28103.000
1142.347	28666.000
1142.490	27095.000
1142.634	27739.000
1142.778	26214.000
1142.922	26728.000
1143.066	25263.000
1143.209	25817.000
1143.353	24347.000
1143.497	24924.000
1143.641	23507.000
1143.784	24074.000
1143.928	22647.000
1144.072	23239.000
1144.216	21957.000
1144.359	22365.000
1144.503	21060.000
1144.647	21610.000
1144.790	20352.000
1144.934	20842.000
1145.078	19607.000
1145.221	20073.000
1145.365	18919.000
1145.509	19370.000
1145.652	18258.000
1145.796	18765.000
1145.940	17676.000
1146.083	18109.000
1146.227	17001.000
1146.370	17484.000
1146.514	16498.000
1146.657	16824.000
1146.801	16009.000
1146.945	16504.000
1147.088	15538.000
1147.232	15885.000
1147.375	15023.000
1147.519	15483.000
1147.662	14536.000
1147.806	14883.000
1147.949	14149.000
1148.093	14468.000
1148.236	13703.000
1148.380	14045.000
1148.523	13340.000
1148.667	13618.000
1148.810	12897.000
1148.954	13268.000
1149.097	12576.000
1149.241	12945.000
1149.384	12265.000
1149.527	12597.000
1149.671	12041.000
1149.814	12261.000
1149.958	11779.000
1150.101	12016.000
1150.244	11379.000
1150.388	11714.000
1150.531	11175.000
1150.674	11419.000
1150.818	10891.000
1150.961	11259.000
1151.104	10700.000
1151.248	10873.000
1151.391	10419.000
1151.534	10727.000
1151.678	10240.000
1151.821	10447.000
1151.964	10002.000
1152.108	10290.000
1152.251	9843.000
1152.394	10097.000
1152.537	9674.000
1152.681	9732.000
1152.824	9580.000
1152.967	9676.000
1153.110	9323.000
1153.253	9473.000
1153.397	9209.000
1153.540	9309.000
1153.683	9008.000
1153.826	9267.000
1153.969	8755.000
1154.113	8930.000
1154.256	8752.000
1154.399	8834.000
1154.542	8563.000
1154.685	8628.000
1154.828	8482.000
1154.971	8606.000
1155.114	8295.000
1155.258	8364.000
1155.401	8182.000
1155.544	8287.000
1155.687	8052.000
1155.830	8099.000
1155.973	7985.000
1156.116	7977.000
1156.259	7744.000
1156.402	7907.000
1156.545	7663.000
1156.688	7760.000
1156.831	7639.000
1156.974	7584.000
1157.117	7339.000
1157.260	7462.000
1157.403	7365.000
1157.546	7440.000
1157.689	7204.000
1157.832	7187.000
1157.975	7156.000
1158.118	7143.000
1158.261	7035.000
1158.404	7003.000
1158.547	6954.000
1158.689	6951.000
1158.832	6852.000
1158.975	6885.000
1159.118	6778.000
1159.261	6753.000
1159.404	6713.000
1159.547	6622.000
1159.690	6547.000
1159.832	6589.000
1159.975	6471.000
1160.118	6378.000
1160.261	6444.000
1160.404	6284.000
1160.546	6290.000
1160.689	6287.000
1160.832	6290.000
1160.975	6215.000
1161.118	6153.000
1161.260	6113.000
1161.403	6007.000
1161.546	6001.000
1161.689	6037.000
1161.831	6025.000
1161.974	5878.000
1162.117	5891.000
1162.259	5834.000
1162.402	5835.000
1162.545	5822.000
1162.687	5722.000
1162.830	5692.000
1162.973	5710.000
1163.115	5701.000
1163.258	5599.000
1163.401	5662.000
1163.543	5468.000
1163.686	5594.000
1163.829	5404.000
1163.971	5535.000
1164.114	5363.000
1164.256	5485.000
1164.399	5362.000
1164.541	5520.000
1164.684	5215.000
1164.827	5463.000
1164.969	5232.000
1165.112	5281.000
1165.254	5191.000
1165.397	5256.000
1165.539	5141.000
1165.682	5158.000
1165.824	5098.000
1165.967	5157.000
1166.109	4994.000
1166.252	5094.000
1166.394	4969.000
1166.537	5098.000
1166.679	5000.000
1166.822	5078.000
1166.964	4939.000
1167.106	4963.000
1167.249	4815.000
1167.391	4990.000
1167.534	4727.000
1167.676	4933.000
1167.818	4819.000
1167.961	4862.000
1168.103	4813.000
1168.246	4769.000
1168.388	4598.000
1168.530	4734.000
1168.673	4676.000
1168.815	4803.000
1168.957	4579.000
1169.100	4723.000
1169.242	4524.000
1169.384	4714.000
1169.526	4563.000
1169.669	4634.000
1169.811	4446.000
1169.953	4641.000
1170.095	4501.000
1170.238	4571.000
1170.380	4386.000
1170.522	4549.000
1170.664	4366.000
1170.807	4526.000
1170.949	4403.000
1171.091	4399.000
1171.233	4211.000
1171.375	4455.000
1171.518	4255.000
1171.660	4463.000
1171.802	4213.000
1171.944	4399.000
1172.086	4223.000
1172.228	4330.000
1172.371	4171.000
1172.513	4320.000
1172.655	4157.000
1172.797	4306.000
1172.939	4150.000
1173.081	4279.000
1173.223	4123.000
1173.365	4301.000
1173.507	4097.000
1173.649	4288.000
1173.791	4055.000
1173.933	4178.000
1174.075	3989.000
1174.217	4260.000
1174.359	3988.000
1174.501	4164.000
1174.643	3995.000
1174.785	4104.000
1174.927	3943.000
1175.069	4101.000
1175.211	3976.000
1175.353	4111.000
1175.495	3947.000
1175.637	4142.000
1175.779	3986.000
1175.921	4087.000
1176.063	3913.000
1176.205	4109.000
1176.347	3953.000
1176.489	4076.000
1176.631	3885.000
1176.772	4136.000
1176.914	3839.000
1177.056	4040.000
1177.198	3838.000
1177.340	4071.000
1177.482	3900.000
1177.624	4075.000
1177.765	3845.000
1177.907	4013.000
1178.049	3819.000
1178.191	3986.000
1178.333	3927.000
1178.474	4020.000
1178.616	3818.000
1178.758	4028.000
1178.900	3750.000
1179.041	4055.000
1179.183	3916.000
1179.325	3967.000
1179.467	3830.000
1179.608	3956.000
1179.750	3873.000
1179.892	4018.000
1180.033	3855.000
1180.175	4040.000
1180.317	3803.000
1180.458	4035.000
1180.600	3843.000
1180.742	4010.000
1180.883	3833.000
1181.025	4050.000
1181.167	3867.000
1181.308	4060.000
1181.450	3832.000
1181.591	3924.000
1181.733	3781.000
1181.875	4041.000
1182.016	3766.000
1182.158	3989.000
1182.299	3833.000
1182.441	4021.000
1182.582	3830.000
1182.724	4005.000
1182.866	3860.000
1183.007	4091.000
1183.149	3748.000
1183.290	4092.000
1183.432	3839.000
1183.573	4009.000
1183.715	3880.000
1183.856	4077.000
1183.998	3847.000
1184.139	4011.000
1184.280	3835.000
1184.422	4040.000
1184.563	3886.000
1184.705	4060.000
1184.846	3834.000
1184.988	4048.000
1185.129	4021.000
1185.270	4068.000
1185.412	3890.000
1185.553	4113.000
1185.694	3888.000
1185.836	4085.000
1185.977	3877.000
1186.119	4108.000
1186.260	3883.000
1186.401	4206.000
1186.543	3937.000
1186.684	4164.000
1186.825	3951.000
1186.966	4142.000
1187.108	3991.000
1187.249	4180.000
1187.390	3907.000
1187.532	4136.000
1187.673	3968.000
1187.814	4179.000
1187.955	4032.000
1188.097	4183.000
1188.238	3934.000
1188.379	4201.000
1188.520	4016.000
1188.661	4199.000
1188.803	4070.000
1188.944	4249.000
1189.085	4013.000
1189.226	4261.000
1189.367	4031.000
1189.508	4318.000
1189.650	4124.000
1189.791	4396.000
1189.932	4143.000
1190.073	4330.000
1190.214	4092.000
1190.355	4332.000
1190.496	4215.000
1190.637	4508.000
1190.778	4183.000
1190.919	4438.000
1191.061	4155.000
1191.202	4451.000
1191.343	4271.000
1191.484	4489.000
1191.625	4305.000
1191.766	4495.000
1191.907	4436.000
1192.048	4501.000
1192.189	4398.000
1192.330	4606.000
1192.471	4387.000
1192.612	4606.000
1192.753	4401.000
1192.894	4704.000
1193.035	4527.000
1193.175	4619.000
1193.316	4530.000
1193.457	4734.000
1193.598	4554.000
1193.739	4689.000
1193.880	4535.000
1194.021	4814.000
1194.162	4721.000
1194.303	4842.000
1194.444	4721.000
1194.584	4969.000
1194.725	4730.000
1194.866	4890.000
1195.007	4773.000
1195.148	4923.000
1195.289	4739.000
1195.429	4972.000
1195.570	4919.000
1195.711	5091.000
1195.852	4867.000
1195.993	5118.000
1196.133	4960.000
1196.274	5155.000
1196.415	4932.000
1196.556	5195.000
1196.696	4975.000
1196.837	5169.000
1196.978	5032.000
1197.119	5214.000
1197.259	5184.000
1197.400	5272.000
1197.541	5149.000
1197.681	5349.000
1197.822	5221.000
1197.963	5379.000
1198.103	5220.000
1198.244	5474.000
1198.385	5294.000
1198.525	5448.000
1198.666	5292.000
1198.807	5551.000
1198.947	5339.000
1199.088	5505.000
1199.228	5403.000
1199.369	5521.000
1199.509	5394.000
1199.650	5547.000
1199.791	5406.000
1199.931	5649.000
1200.072	5539.000
1200.212	5607.000
1200.353	5508.000
1200.493	5686.000
1200.634	5520.000
1200.774	5667.000
1200.915	5499.000
1201.055	5687.000
1201.196	5500.000
1201.336	5689.000
1201.477	5587.000
1201.617	5726.000
1201.758	5538.000
1201.898	5703.000
1202.039	5533.000
1202.179	5750.000
1202.319	5580.000
1202.460	5743.000
1202.600	5608.000
1202.741	5741.000
1202.881	5515.000
1203.021	5749.000
1203.162	5684.000
1203.302	5845.000
1203.442	5645.000
1203.583	5759.000
1203.723	5673.000
1203.863	5770.000
1204.004	5593.000
1204.144	5807.000
1204.284	5661.000
1204.425	5770.000
1204.565	5571.000
1204.705	5780.000
1204.845	5578.000
1204.986	5837.000
1205.126	5672.000
1205.266	5852.000
1205.406	5567.000
1205.547	5847.000
1205.687	5630.000
1205.827	5847.000
1205.967	5621.000
1206.108	5832.000
1206.248	5603.000
1206.388	5800.000
1206.528	5629.000
1206.668	5741.000
1206.808	5604.000
1206.949	5834.000
1207.089	5629.000
1207.229	5763.000
1207.369	5626.000
1207.509	5727.000
1207.649	5593.000
1207.789	5782.000
1207.929	5553.000
1208.070	5711.000
1208.210	5549.000
1208.350	5702.000
1208.490	5551.000
1208.630	5695.000
1208.770	5527.000
1208.910	5646.000
1209.050	5540.000
1209.190	5712.000
1209.330	5464.000
1209.470	5589.000
1209.610	5488.000
1209.750	5620.000
1209.890	5389.000
1210.030	5647.000
1210.170	5433.000
1210.310	5575.000
1210.450	5388.000
1210.590	5548.000
1210.730	5336.000
1210.870	5507.000
1211.009	5281.000
1211.149	5501.000
1211.289	5305.000
1211.429	5393.000
1211.569	5302.000
1211.709	5419.000
1211.849	5212.000
1211.989	5347.000
1212.128	5140.000
1212.268	5373.000
1212.408	5125.000
1212.548	5290.000
1212.688	5123.000
1212.828	5335.000
1212.967	5180.000
1213.107	5247.000
1213.247	5047.000
1213.387	5185.000
1213.527	4947.000
1213.666	5219.000
1213.806	4950.000
1213.946	5180.000
1214.086	4893.000
1214.225	5026.000
1214.365	4943.000
1214.505	5051.000
1214.644	4820.000
1214.784	4991.000
1214.924	4824.000
1215.064	5031.000
1215.203	4771.000
1215.343	4942.000
1215.483	4725.000
1215.622	4869.000
1215.762	4677.000
1215.901	4902.000
1216.041	4675.000
1216.181	4823.000
1216.320	4706.000
1216.460	4797.000
1216.599	4593.000
1216.739	4871.000
1216.879	4570.000
1217.018	4780.000
1217.158	4572.000
1217.297	4675.000
1217.437	4523.000
1217.576	4688.000
1217.716	4509.000
1217.855	4612.000
1217.995	4485.000
1218.134	4584.000
1218.274	4458.000
1218.413	4591.000
1218.553	4424.000
1218.692	4598.000
1218.832	4401.000
1218.971	4594.000
1219.111	4344.000
1219.250	4522.000
1219.390	4379.000
1219.529	4502.000
1219.669	4340.000
1219.808	4474.000
1219.947	4314.000
1220.087	4449.000
1220.226	4298.000
1220.365	4477.000
1220.505	4331.000
1220.644	4424.000
1220.784	4245.000
1220.923	4374.000
1221.062	4204.000
1221.202	4377.000
1221.341	4188.000
1221.480	4416.000
1221.619	4207.000
1221.759	4394.000
1221.898	4140.000
1222.037	4312.000
1222.177	4159.000
1222.316	4297.000
1222.455	4088.000
1222.594	4363.000
1222.734	4090.000
1222.873	4330.000
1223.012	4167.000
1223.151	4374.000
1223.290	4098.000
1223.430	4308.000
1223.569	4077.000
1223.708	4250.000
1223.847	4045.000
1223.986	4289.000
1224.126	4005.000
1224.265	4313.000
1224.404	4086.000
1224.543	4276.000
1224.682	3992.000
1224.821	4254.000
1224.960	4010.000
1225.099	4237.000
1225.239	4004.000
1225.378	4236.000
1225.517	4042.000
1225.656	4246.000
1225.795	4041.000
1225.934	4164.000
1226.073	3974.000
1226.212	4209.000
1226.351	3941.000
1226.490	4185.000
1226.629	3943.000
1226.768	4198.000
1226.907	3944.000
1227.046	4194.000
1227.185	3933.000
1227.324	4171.000
1227.463	4002.000
1227.602	4164.000
1227.741	3894.000
1227.880	4129.000
1228.019	3931.000
1228.158	4082.000
1228.297	3941.000
1228.435	4115.000
1228.574	3943.000
1228.713	4114.000
1228.852	3929.000
1228.991	4115.000
1229.130	3932.000
1229.269	4100.000
1229.408	3875.000
1229.546	4136.000
1229.685	3909.000
1229.824	4090.000
1229.963	3872.000
1230.102	4057.000
1230.241	3776.000
1230.379	4060.000
1230.518	3907.000
1230.657	4016.000
1230.796	3898.000
1230.934	4173.000
1231.073	3806.000
1231.212	4104.000
1231.351	3889.000
1231.489	4045.000
1231.628	3793.000
1231.767	3961.000
1231.906	3824.000
1232.044	3973.000
1232.183	3841.000
1232.322	4029.000
1232.460	3807.000
1232.599	4003.000
1232.738	3803.000
1232.876	4075.000
1233.015	3887.000
1233.154	4025.000
1233.292	3904.000
1233.431	4027.000
1233.569	3830.000
1233.708	4046.000
1233.847	3597.000
1233.985	3978.000
1234.124	3806.000
1234.262	3991.000
1234.401	3731.000
1234.539	3963.000
1234.678	3747.000
1234.816	3975.000
1234.955	3826.000
1235.094	3962.000
1235.232	3810.000
1235.371	3918.000
1235.509	3759.000
1235.648	3995.000
1235.786	3801.000
1235.924	3947.000
1236.063	3653.000
1236.201	3975.000
1236.340	3724.000
1236.478	3912.000
1236.617	3748.000
1236.755	3922.000
1236.894	3743.000
1237.032	4002.000
1237.170	3713.000
1237.309	3982.000
1237.447	3688.000
1237.586	4031.000
1237.724	3749.000
1237.862	3904.000
1238.001	3792.000
1238.139	3880.000
1238.277	3739.000
1238.416	3840.000
1238.554	3662.000
1238.692	3859.000
1238.831	3686.000
1238.969	3980.000
1239.107	3723.000
1239.245	3949.000
1239.384	3691.000
1239.522	3882.000
1239.660	3689.000
1239.798	3886.000
1239.937	3613.000
1240.075	3909.000
1240.213	3623.000
1240.351	3898.000
1240.490	3636.000
1240.628	3911.000
1240.766	3792.000
1240.904	3900.000
1241.042	3673.000
1241.180	3988.000
1241.319	3640.000
1241.457	3866.000
1241.595	3741.000
1241.733	3950.000
1241.871	3689.000
1242.009	3998.000
1242.147	4316.000
1242.285	3978.000
1242.424	3722.000
1242.562	3894.000
1242.700	3734.000
1242.838	3898.000
1242.976	3599.000
1243.114	3851.000
1243.252	3790.000
1243.390	3948.000
1243.528	3710.000
1243.666	3840.000
1243.804	3637.000
1243.942	3863.000
1244.080	3720.000
1244.218	3952.000
1244.356	3687.000
1244.494	3874.000
1244.632	3649.000
1244.770	3913.000
1244.908	3667.000
1245.046	3890.000
1245.184	3701.000
1245.322	3921.000
1245.460	3693.000
1245.597	3867.000
1245.735	3603.000
1245.873	3819.000
1246.011	3611.000
1246.149	3900.000
1246.287	3627.000
1246.425	3865.000
1246.563	3614.000
1246.700	3886.000
1246.838	3673.000
1246.976	3911.000
1247.114	3627.000
1247.252	3881.000
1247.390	3555.000
1247.527	3838.000
1247.665	3590.000
1247.803	3885.000
1247.941	3584.000
1248.078	3888.000
1248.216	3616.000
1248.354	3821.000
1248.492	3613.000
1248.629	3895.000
1248.767	3554.000
1248.905	3814.000
1249.042	3621.000
1249.180	3762.000
1249.318	3563.000
1249.456	3830.000
1249.593	3570.000
1249.731	3798.000
1249.869	3584.000
1250.006	3762.000
1250.144	3619.000
1250.281	3779.000
1250.419	3625.000
1250.557	3750.000
1250.694	3638.000
1250.832	3874.000
1250.970	3563.000
1251.107	3783.000
1251.245	3507.000
1251.382	3762.000
1251.520	3619.000
1251.657	3833.000
1251.795	3552.000
1251.932	3786.000
1252.070	3633.000
1252.207	3823.000
1252.345	3583.000
1252.483	3859.000
1252.620	3613.000
1252.757	3838.000
1252.895	3585.000
1253.032	3760.000
1253.170	3573.000
1253.307	3803.000
1253.445	3564.000
1253.582	3714.000
1253.720	3629.000
1253.857	3828.000
1253.995	3652.000
1254.132	3781.000
1254.269	3548.000
1254.407	3669.000
1254.544	3611.000
1254.681	3846.000
