1529.702	2291.000
1529.853	2454.000
1530.004	2244.000
1530.155	2553.000
1530.306	2263.000
1530.456	2533.000
1530.607	2238.000
1530.758	2512.000
1530.909	2272.000
1531.059	2488.000
1531.210	2202.000
1531.360	2532.000
1531.511	2255.000
1531.662	2466.000
1531.812	2237.000
1531.963	2530.000
1532.113	2189.000
1532.264	2553.000
1532.415	2178.000
1532.565	2502.000
1532.716	2216.000
1532.866	2434.000
1533.016	2342.000
1533.167	2512.000
1533.317	2309.000
1533.468	2465.000
1533.618	2285.000
1533.768	2462.000
1533.919	2247.000
1534.069	2469.000
1534.219	2273.000
1534.370	2538.000
1534.520	2322.000
1534.670	2498.000
1534.821	2231.000
1534.971	2498.000
1535.121	2337.000
1535.271	2501.000
1535.421	2315.000
1535.571	2536.000
1535.722	2233.000
1535.872	2542.000
1536.022	2241.000
1536.172	2551.000
1536.322	2221.000
1536.472	2516.000
1536.622	2290.000
1536.772	2463.000
1536.922	2275.000
1537.072	2488.000
1537.222	2248.000
1537.372	2452.000
1537.522	2290.000
1537.672	2531.000
1537.822	2208.000
1537.972	2500.000
1538.122	2218.000
1538.271	2526.000
1538.421	2208.000
1538.571	2471.000
1538.721	2296.000
1538.871	2454.000
1539.020	2240.000
1539.170	2427.000
1539.320	2180.000
1539.470	2524.000
1539.619	2266.000
1539.769	2476.000
1539.919	2213.000
1540.068	2463.000
1540.218	2249.000
1540.367	2481.000
1540.517	2258.000
1540.667	2490.000
1540.816	2167.000
1540.966	2451.000
1541.115	2223.000
1541.265	2432.000
1541.414	2272.000
1541.564	2512.000
1541.713	2221.000
1541.863	2460.000
1542.012	2265.000
1542.161	2493.000
1542.311	2245.000
1542.460	2441.000
1542.609	2216.000
1542.759	2456.000
1542.908	2276.000
1543.057	2442.000
1543.207	2219.000
1543.356	2487.000
1543.505	2277.000
1543.654	2479.000
1543.804	2262.000
1543.953	2460.000
1544.102	2201.000
1544.251	2458.000
1544.400	2245.000
1544.549	2498.000
1544.698	2212.000
1544.848	2414.000
1544.997	2192.000
1545.146	2388.000
1545.295	2220.000
1545.444	2488.000
1545.593	2200.000
1545.742	2433.000
1545.891	2215.000
1546.040	2419.000
1546.189	2257.000
1546.337	2441.000
1546.486	2097.000
1546.635	2452.000
1546.784	2217.000
1546.933	2407.000
1547.082	2231.000
1547.231	2466.000
1547.379	2249.000
1547.528	2416.000
1547.677	2199.000
1547.826	2395.000
1547.974	2249.000
1548.123	2489.000
1548.272	2177.000
1548.420	2481.000
1548.569	2156.000
1548.718	2368.000
1548.866	2305.000
1549.015	2455.000
1549.163	2204.000
1549.312	2454.000
1549.461	2195.000
1549.609	2375.000
1549.758	2183.000
1549.906	2408.000
1550.055	2249.000
1550.203	2447.000
1550.352	2171.000
1550.500	2415.000
1550.648	2228.000
1550.797	2428.000
1550.945	2175.000
1551.093	2384.000
1551.242	2234.000
1551.390	2477.000
1551.538	2263.000
1551.687	2397.000
1551.835	2208.000
1551.983	2459.000
1552.131	2237.000
1552.280	2425.000
1552.428	2206.000
1552.576	2395.000
1552.724	2190.000
1552.872	2450.000
1553.021	2238.000
1553.169	2459.000
1553.317	2196.000
1553.465	2464.000
1553.613	2205.000
1553.761	2418.000
1553.909	2216.000
1554.057	2430.000
1554.205	2150.000
1554.353	2419.000
1554.501	2237.000
1554.649	2404.000
1554.797	2222.000
1554.945	2453.000
1555.093	2135.000
1555.240	2451.000
1555.388	2235.000
1555.536	2369.000
1555.684	2241.000
1555.832	2448.000
1555.980	2156.000
1556.127	2448.000
1556.275	2149.000
1556.423	2368.000
1556.571	2211.000
1556.718	2437.000
1556.866	2219.000
1557.014	2463.000
1557.161	2136.000
1557.309	2334.000
1557.456	2218.000
1557.604	2399.000
1557.752	2226.000
1557.899	2463.000
1558.047	2191.000
1558.194	2382.000
1558.342	2164.000
1558.489	2406.000
1558.637	2196.000
1558.784	2474.000
1558.932	2149.000
1559.079	2413.000
1559.227	2107.000
1559.374	2472.000
1559.521	2290.000
1559.669	2379.000
1559.816	2250.000
1559.963	2397.000
1560.111	2171.000
1560.258	2415.000
1560.405	2198.000
1560.552	2478.000
1560.700	2164.000
1560.847	2432.000
1560.994	2165.000
1561.141	2416.000
1561.288	2168.000
1561.436	2488.000
1561.583	2206.000
1561.730	2424.000
1561.877	2162.000
1562.024	2384.000
1562.171	2141.000
1562.318	2376.000
1562.465	2198.000
1562.612	2429.000
1562.759	2209.000
1562.906	2427.000
1563.053	2057.000
1563.200	2446.000
1563.347	2143.000
1563.494	2390.000
1563.641	2168.000
1563.788	2462.000
1563.934	2211.000
1564.081	2438.000
1564.228	2159.000
1564.375	2446.000
1564.522	2191.000
1564.668	2382.000
1564.815	2205.000
1564.962	2434.000
1565.109	2134.000
1565.255	2380.000
1565.402	2170.000
1565.549	2416.000
1565.695	2172.000
1565.842	2395.000
1565.988	2147.000
1566.135	2427.000
1566.282	2220.000
1566.428	2415.000
1566.575	2223.000
1566.721	2459.000
1566.868	2213.000
1567.014	2378.000
1567.161	2179.000
1567.307	2388.000
1567.454	2168.000
1567.600	2461.000
1567.746	2265.000
1567.893	2453.000
1568.039	2180.000
1568.186	2499.000
1568.332	2305.000
1568.478	2394.000
1568.625	2170.000
1568.771	2434.000
1568.917	2215.000
1569.063	2414.000
1569.210	2179.000
1569.356	2468.000
1569.502	2212.000
1569.648	2395.000
1569.794	2200.000
1569.940	2437.000
1570.087	2219.000
1570.233	2412.000
1570.379	2211.000
1570.525	2437.000
1570.671	2189.000
1570.817	2493.000
1570.963	2237.000
1571.109	2389.000
1571.255	2215.000
1571.401	2456.000
1571.547	2166.000
1571.693	2425.000
1571.839	2294.000
1571.985	2426.000
1572.130	2189.000
1572.276	2379.000
1572.422	2180.000
1572.568	2398.000
1572.714	2211.000
1572.860	2415.000
1573.005	2217.000
1573.151	2431.000
1573.297	2235.000
1573.443	2422.000
1573.588	2089.000
1573.734	2454.000
1573.880	2222.000
1574.025	2413.000
1574.171	2167.000
1574.317	2463.000
1574.462	2190.000
1574.608	2413.000
1574.753	2288.000
1574.899	2330.000
1575.045	2129.000
1575.190	2420.000
1575.336	2198.000
1575.481	2386.000
1575.626	2155.000
1575.772	2460.000
1575.917	2259.000
1576.063	2424.000
1576.208	2165.000
1576.354	2422.000
1576.499	2259.000
1576.644	2411.000
1576.790	2155.000
1576.935	2455.000
1577.080	2188.000
1577.225	2370.000
1577.371	2211.000
1577.516	2393.000
1577.661	2209.000
1577.806	2495.000
1577.952	2159.000
1578.097	2312.000
1578.242	2185.000
1578.387	2454.000
1578.532	2237.000
1578.677	2377.000
1578.822	2123.000
1578.967	2435.000
1579.113	2182.000
1579.258	2388.000
1579.403	2177.000
1579.548	2423.000
1579.693	2220.000
1579.838	2424.000
1579.982	2231.000
1580.127	2442.000
1580.272	2193.000
1580.417	2439.000
1580.562	2177.000
1580.707	2357.000
1580.852	2243.000
1580.997	2431.000
1581.141	2125.000
1581.286	2415.000
1581.431	2136.000
1581.576	2355.000
1581.720	2192.000
1581.865	2429.000
1582.010	2188.000
1582.155	2375.000
1582.299	2212.000
1582.444	2316.000
1582.589	2187.000
1582.733	2411.000
1582.878	2281.000
1583.022	2351.000
1583.167	2208.000
1583.311	2389.000
1583.456	2247.000
1583.601	2424.000
1583.745	2151.000
1583.890	2363.000
1584.034	2199.000
1584.178	2372.000
1584.323	2175.000
1584.467	2439.000
1584.612	2131.000
1584.756	2435.000
1584.900	2109.000
1585.045	2400.000
1585.189	2152.000
1585.333	2457.000
1585.478	2200.000
1585.622	2493.000
1585.766	2150.000
1585.910	2513.000
1586.055	2172.000
1586.199	2398.000
1586.343	2197.000
1586.487	2433.000
1586.631	2190.000
1586.775	2359.000
1586.920	2209.000
1587.064	2425.000
1587.208	2143.000
1587.352	2389.000
1587.496	2159.000
1587.640	2421.000
1587.784	2276.000
1587.928	2453.000
1588.072	2250.000
1588.216	2401.000
1588.360	2148.000
1588.504	2462.000
1588.648	2152.000
1588.792	2417.000
1588.935	2223.000
1589.079	2392.000
1589.223	2271.000
1589.367	2358.000
1589.511	2098.000
1589.655	2364.000
1589.798	2212.000
1589.942	2465.000
1590.086	2196.000
1590.230	2398.000
1590.373	2121.000
1590.517	2438.000
1590.661	2180.000
1590.804	2385.000
1590.948	2133.000
1591.091	2455.000
1591.235	2240.000
1591.379	2411.000
1591.522	2175.000
1591.666	2414.000
1591.809	2140.000
1591.953	2439.000
1592.096	2236.000
1592.240	2341.000
1592.383	2082.000
1592.527	2423.000
1592.670	2202.000
1592.814	2492.000
1592.957	2129.000
1593.100	2419.000
1593.244	2185.000
1593.387	2387.000
1593.530	2196.000
1593.674	2422.000
1593.817	2184.000
1593.960	2408.000
1594.103	2194.000
1594.247	2398.000
1594.390	2211.000
1594.533	2462.000
1594.676	2218.000
1594.819	2454.000
1594.963	2178.000
1595.106	2362.000
1595.249	2142.000
1595.392	2454.000
1595.535	2145.000
1595.678	2371.000
1595.821	2174.000
1595.964	2364.000
1596.107	2162.000
1596.250	2369.000
1596.393	2225.000
1596.536	2421.000
1596.679	2212.000
1596.822	2451.000
1596.965	2248.000
1597.108	2402.000
1597.251	2175.000
1597.393	2482.000
1597.536	2246.000
1597.679	2426.000
1597.822	2193.000
1597.965	2489.000
1598.107	2178.000
1598.250	2397.000
1598.393	2167.000
1598.536	2436.000
1598.678	2186.000
1598.821	2446.000
1598.964	2182.000
1599.106	2403.000
1599.249	2158.000
1599.392	2366.000
1599.534	2259.000
1599.677	2380.000
1599.819	2128.000
1599.962	2413.000
1600.104	2104.000
1600.247	2427.000
1600.389	2239.000
1600.532	2357.000
1600.674	2155.000
1600.817	2329.000
1600.959	2214.000
1601.102	2418.000
1601.244	2209.000
1601.386	2435.000
1601.529	2160.000
1601.671	2430.000
1601.813	2196.000
1601.956	2430.000
1602.098	2163.000
1602.240	2461.000
1602.382	2183.000
1602.525	2460.000
1602.667	2170.000
1602.809	2284.000
1602.951	2117.000
1603.093	2421.000
1603.236	2109.000
1603.378	2400.000
1603.520	2154.000
1603.662	2381.000
1603.804	2158.000
1603.946	2375.000
1604.088	2189.000
1604.230	2455.000
1604.372	2028.000
1604.514	2428.000
1604.656	2162.000
1604.798	2379.000
1604.940	2198.000
1605.082	2407.000
1605.224	2169.000
1605.366	2357.000
1605.507	2150.000
1605.649	2380.000
1605.791	2181.000
1605.933	2402.000
1606.075	2091.000
1606.217	2391.000
1606.358	2268.000
1606.500	2407.000
1606.642	2177.000
1606.783	2422.000
1606.925	2110.000
1607.067	2359.000
1607.209	2129.000
1607.350	2402.000
1607.492	2110.000
1607.633	2504.000
1607.775	2163.000
1607.917	2431.000
1608.058	2149.000
1608.200	2422.000
1608.341	2182.000
1608.483	2407.000
1608.624	2085.000
1608.766	2340.000
1608.907	2157.000
1609.049	2410.000
1609.190	2191.000
1609.331	2370.000
1609.473	2075.000
1609.614	2384.000
1609.755	2155.000
1609.897	2337.000
1610.038	2146.000
1610.179	2379.000
1610.321	2107.000
1610.462	2364.000
1610.603	2095.000
1610.744	2428.000
1610.886	2181.000
1611.027	2450.000
1611.168	2153.000
1611.309	2367.000
1611.450	2098.000
1611.591	2346.000
1611.732	2166.000
1611.874	2449.000
1612.015	2155.000
1612.156	2377.000
1612.297	2073.000
1612.438	2364.000
1612.579	2159.000
1612.720	2356.000
1612.861	2151.000
1613.002	2349.000
1613.143	2247.000
1613.283	2361.000
1613.424	2138.000
1613.565	2385.000
1613.706	2101.000
1613.847	2385.000
1613.988	2096.000
1614.129	2415.000
1614.269	2179.000
1614.410	2290.000
1614.551	2151.000
1614.692	2380.000
1614.832	2133.000
1614.973	2292.000
1615.114	2046.000
1615.254	2356.000
1615.395	2208.000
1615.536	2397.000
1615.676	2173.000
1615.817	2454.000
1615.958	2135.000
1616.098	2370.000
1616.239	2134.000
1616.379	2358.000
1616.520	2048.000
1616.660	2330.000
1616.801	2191.000
1616.941	2401.000
1617.082	2084.000
1617.222	2373.000
1617.362	2141.000
1617.503	2367.000
1617.643	2061.000
1617.784	2362.000
1617.924	2109.000
1618.064	2325.000
1618.205	2085.000
1618.345	2331.000
1618.485	2210.000
1618.625	2372.000
1618.766	2123.000
1618.906	2343.000
1619.046	2163.000
1619.186	2362.000
1619.326	2107.000
1619.467	2382.000
1619.607	2139.000
1619.747	2318.000
1619.887	2123.000
1620.027	2379.000
1620.167	2136.000
1620.307	2343.000
1620.447	2139.000
1620.587	2321.000
1620.727	2094.000
1620.867	2304.000
1621.007	2087.000
1621.147	2382.000
1621.287	2169.000
1621.427	2305.000
1621.567	2113.000
1621.707	2338.000
1621.847	2101.000
1621.986	2326.000
1622.126	2090.000
1622.266	2327.000
1622.406	2097.000
1622.546	2309.000
1622.685	2137.000
1622.825	2363.000
1622.965	2096.000
1623.105	2318.000
1623.244	2090.000
1623.384	2351.000
1623.524	2122.000
1623.663	2305.000
1623.803	2156.000
1623.942	2332.000
1624.082	2039.000
1624.222	2326.000
1624.361	2178.000
1624.501	2395.000
1624.640	2137.000
1624.780	2315.000
1624.919	2170.000
1625.059	2295.000
1625.198	2091.000
1625.337	2368.000
1625.477	2140.000
1625.616	2313.000
1625.756	2071.000
1625.895	2312.000
1626.034	2039.000
1626.174	2370.000
1626.313	2127.000
1626.452	2362.000
1626.591	2059.000
1626.731	2378.000
1626.870	2095.000
1627.009	2347.000
1627.148	2088.000
1627.288	2370.000
1627.427	2083.000
1627.566	2333.000
1627.705	2098.000
1627.844	2306.000
1627.983	2081.000
1628.122	2407.000
1628.261	2063.000
1628.400	2296.000
1628.539	2127.000
1628.678	2323.000
1628.817	2117.000
1628.956	2355.000
1629.095	2126.000
1629.234	2294.000
1629.373	2108.000
1629.512	2336.000
1629.651	2177.000
1629.790	2287.000
1629.929	2141.000
1630.068	2323.000
1630.206	2174.000
1630.345	2397.000
1630.484	2109.000
1630.623	2321.000
1630.762	2158.000
1630.900	2351.000
1631.039	2126.000
1631.178	2415.000
1631.316	2153.000
1631.455	2357.000
1631.594	2159.000
1631.732	2364.000
1631.871	2132.000
1632.010	2319.000
1632.148	2110.000
1632.287	2392.000
1632.425	2160.000
1632.564	2322.000
1632.702	2193.000
1632.841	2366.000
1632.979	2115.000
1633.118	2295.000
1633.256	2105.000
1633.395	2394.000
1633.533	2127.000
1633.671	2349.000
1633.810	2154.000
1633.948	2393.000
1634.086	2260.000
1634.225	2356.000
1634.363	2152.000
1634.501	2327.000
1634.640	2099.000
1634.778	2414.000
1634.916	2109.000
1635.054	2392.000
1635.192	2089.000
1635.331	2288.000
1635.469	2174.000
1635.607	2330.000
1635.745	2108.000
1635.883	2311.000
1636.021	2155.000
1636.159	2355.000
1636.297	2132.000
1636.435	2336.000
1636.573	2093.000
1636.711	2286.000
1636.849	2089.000
1636.987	2356.000
1637.125	2129.000
1637.263	2334.000
1637.401	2198.000
1637.539	2350.000
1637.677	2132.000
1637.815	2444.000
1637.953	2140.000
1638.091	2349.000
1638.228	2138.000
1638.366	2284.000
1638.504	2137.000
1638.642	2318.000
1638.779	2128.000
1638.917	2294.000
1639.055	2115.000
1639.193	2286.000
1639.330	2166.000
1639.468	2339.000
1639.606	2149.000
1639.743	2367.000
1639.881	2163.000
1640.018	2377.000
1640.156	2120.000
1640.294	2313.000
1640.431	2154.000
1640.569	2341.000
1640.706	2152.000
1640.844	2299.000
1640.981	2143.000
1641.119	2290.000
1641.256	2170.000
1641.393	2342.000
1641.531	2204.000
1641.668	2332.000
1641.806	2117.000
1641.943	2289.000
1642.080	2122.000
1642.218	2324.000
1642.355	2114.000
1642.492	2392.000
1642.629	2133.000
1642.767	2365.000
1642.904	2099.000
1643.041	2308.000
1643.178	2135.000
1643.315	2292.000
1643.453	2070.000
1643.590	2352.000
1643.727	2100.000
1643.864	2366.000
1644.001	2165.000
1644.138	2395.000
1644.275	2116.000
1644.412	2352.000
1644.549	2129.000
1644.686	2306.000
1644.823	2105.000
1644.960	2380.000
1645.097	2078.000
1645.234	2402.000
1645.371	2155.000
1645.508	2374.000
1645.645	2069.000
1645.782	2340.000
1645.918	2126.000
1646.055	2351.000
1646.192	2118.000
1646.329	2354.000
1646.466	2169.000
1646.602	2368.000
1646.739	2171.000
1646.876	2310.000
1647.013	2129.000
1647.149	2373.000
1647.286	2102.000
1647.423	2396.000
1647.559	2092.000
1647.696	2359.000
1647.833	2103.000
1647.969	2358.000
1648.106	2082.000
1648.242	2376.000
1648.379	2180.000
1648.515	2383.000
1648.652	2099.000
1648.788	2333.000
1648.925	2103.000
1649.061	2286.000
1649.198	2135.000
1649.334	2357.000
1649.470	2158.000
1649.607	2358.000
1649.743	2170.000
1649.879	2356.000
1650.016	2172.000
1650.152	2363.000
1650.288	2107.000
1650.425	2402.000
1650.561	2136.000
1650.697	2338.000
1650.833	2142.000
1650.970	2313.000
1651.106	2081.000
1651.242	2391.000
1651.378	2190.000
1651.514	2308.000
1651.650	2212.000
1651.787	2435.000
1651.923	2098.000
1652.059	2377.000
1652.195	2181.000
1652.331	2336.000
1652.467	2117.000
1652.603	2286.000
1652.739	2116.000
1652.875	2311.000
1653.011	2155.000
1653.147	2358.000
1653.282	2146.000
1653.418	2319.000
1653.554	2113.000
1653.690	2401.000
1653.826	2201.000
1653.962	2343.000
1654.098	2230.000
1654.233	2335.000
1654.369	2168.000
1654.505	2380.000
1654.641	1942.000
1654.776	2322.000
1654.912	2143.000
1655.048	2287.000
1655.183	2055.000
1655.319	2327.000
1655.455	2118.000
1655.590	2371.000
1655.726	2192.000
1655.862	2362.000
1655.997	2168.000
1656.133	2316.000
1656.268	2147.000
1656.404	2384.000
1656.539	2182.000
1656.675	2347.000
1656.810	2062.000
1656.946	2354.000
1657.081	2116.000
1657.216	2326.000
1657.352	2133.000
1657.487	2301.000
1657.623	2149.000
1657.758	2398.000
1657.893	2099.000
1658.029	2347.000
1658.164	2096.000
1658.299	2431.000
1658.434	2171.000
1658.570	2285.000
1658.705	2203.000
1658.840	2313.000
1658.975	2126.000
1659.110	2260.000
1659.245	2086.000
1659.381	2281.000
1659.516	2105.000
1659.651	2394.000
1659.786	2135.000
1659.921	2367.000
1660.056	2126.000
1660.191	2267.000
1660.326	2099.000
1660.461	2315.000
1660.596	2031.000
1660.731	2292.000
1660.866	2027.000
1661.001	2260.000
1661.136	2056.000
1661.271	2321.000
1661.406	2188.000
1661.540	2315.000
1661.675	2072.000
1661.810	2419.000
1661.945	2046.000
1662.080	2312.000
1662.214	2142.000
1662.349	2354.000
1662.484	2096.000
1662.619	2412.000
1662.753	2735.000
1662.888	2372.000
1663.023	2161.000
1663.157	2362.000
1663.292	2126.000
1663.427	2301.000
1663.561	2054.000
1663.696	2285.000
1663.830	2195.000
1663.965	2383.000
1664.099	2163.000
1664.234	2295.000
1664.368	2079.000
1664.503	2284.000
1664.637	2181.000
1664.772	2385.000
1664.906	2136.000
1665.041	2312.000
1665.175	2082.000
1665.309	2369.000
1665.444	2149.000
1665.578	2375.000
1665.712	2142.000
1665.847	2360.000
1665.981	2158.000
1666.115	2331.000
1666.249	2083.000
1666.384	2299.000
1666.518	2089.000
1666.652	2417.000
1666.786	2129.000
1666.920	2342.000
1667.055	2143.000
1667.189	2380.000
1667.323	2142.000
1667.457	2393.000
1667.591	2150.000
1667.725	2369.000
1667.859	2025.000
1667.993	2372.000
1668.127	2076.000
1668.261	2345.000
1668.395	2106.000
1668.529	2383.000
1668.663	2139.000
1668.797	2353.000
1668.931	2122.000
1669.065	2403.000
1669.199	2058.000
1669.332	2337.000
1669.466	2175.000
1669.600	2310.000
1669.734	2097.000
1669.868	2367.000
1670.001	2089.000
1670.135	2341.000
1670.269	2138.000
1670.403	2310.000
1670.536	2137.000
1670.670	2315.000
1670.804	2144.000
1670.937	2319.000
1671.071	2142.000
1671.205	2376.000
1671.338	2065.000
1671.472	2340.000
1671.605	2073.000
1671.739	2316.000
1671.872	2165.000
1672.006	2371.000
1672.139	2140.000
1672.273	2340.000
1672.406	2160.000
1672.540	2356.000
1672.673	2155.000
1672.807	2412.000
1672.940	2185.000
1673.073	2402.000
1673.207	2138.000
1673.340	2312.000
1673.473	2112.000
1673.607	2355.000
1673.740	2136.000
1673.873	2254.000
1674.006	2182.000
1674.140	2383.000
1674.273	2213.000
1674.406	2316.000
1674.539	2116.000
1674.672	2258.000
1674.805	2175.000
1674.939	2402.000
