1389.877	2308.000
1390.026	2443.000
1390.174	2268.000
1390.323	2582.000
1390.472	2261.000
1390.621	2549.000
1390.770	2257.000
1390.919	2543.000
1391.067	2295.000
1391.216	2520.000
1391.365	2265.000
1391.514	2572.000
1391.662	2285.000
1391.811	2446.000
1391.960	2271.000
1392.109	2567.000
1392.257	2205.000
1392.406	2558.000
1392.555	2196.000
1392.703	2570.000
1392.852	2222.000
1393.000	2482.000
1393.149	2377.000
1393.298	2514.000
1393.446	2334.000
1393.595	2526.000
1393.743	2305.000
1393.892	2489.000
1394.040	2272.000
1394.189	2493.000
1394.337	2288.000
1394.486	2557.000
1394.634	2351.000
1394.783	2512.000
1394.931	2244.000
1395.079	2534.000
1395.228	2371.000
1395.376	2522.000
1395.525	2357.000
1395.673	2561.000
1395.821	2284.000
1395.970	2575.000
1396.118	2264.000
1396.266	2589.000
1396.414	2269.000
1396.563	2523.000
1396.711	2339.000
1396.859	2509.000
1397.007	2292.000
1397.156	2538.000
1397.304	2263.000
1397.452	2476.000
1397.600	2297.000
1397.748	2529.000
1397.896	2235.000
1398.045	2524.000
1398.193	2261.000
1398.341	2514.000
1398.489	2242.000
1398.637	2483.000
1398.785	2322.000
1398.933	2474.000
1399.081	2271.000
1399.229	2469.000
1399.377	2215.000
1399.525	2547.000
1399.673	2288.000
1399.821	2486.000
1399.969	2278.000
1400.117	2504.000
1400.265	2270.000
1400.413	2495.000
1400.561	2294.000
1400.708	2493.000
1400.856	2235.000
1401.004	2513.000
1401.152	2263.000
1401.300	2470.000
1401.448	2294.000
1401.595	2540.000
1401.743	2261.000
1401.891	2487.000
1402.039	2285.000
1402.186	2509.000
1402.334	2266.000
1402.482	2487.000
1402.629	2231.000
1402.777	2479.000
1402.925	2292.000
1403.072	2461.000
1403.220	2291.000
1403.368	2519.000
1403.515	2317.000
1403.663	2497.000
1403.810	2299.000
1403.958	2475.000
1404.105	2212.000
1404.253	2494.000
1404.400	2283.000
1404.548	2534.000
1404.695	2253.000
1404.843	2408.000
1404.990	2202.000
1405.138	2421.000
1405.285	2259.000
1405.433	2497.000
1405.580	2230.000
1405.727	2477.000
1405.875	2263.000
1406.022	2444.000
1406.170	2272.000
1406.317	2463.000
1406.464	2136.000
1406.611	2495.000
1406.759	2240.000
1406.906	2442.000
1407.053	2264.000
1407.201	2484.000
1407.348	2260.000
1407.495	2473.000
1407.642	2252.000
1407.789	2433.000
1407.937	2271.000
1408.084	2529.000
1408.231	2220.000
1408.378	2473.000
1408.525	2207.000
1408.672	2408.000
1408.819	2308.000
1408.966	2486.000
1409.113	2268.000
1409.260	2481.000
1409.407	2247.000
1409.554	2407.000
1409.701	2228.000
1409.848	2428.000
1409.995	2273.000
1410.142	2472.000
1410.289	2188.000
1410.436	2457.000
1410.583	2294.000
1410.730	2484.000
1410.877	2231.000
1411.024	2405.000
1411.171	2235.000
1411.318	2492.000
1411.464	2293.000
1411.611	2456.000
1411.758	2244.000
1411.905	2476.000
1412.052	2257.000
1412.198	2441.000
1412.345	2232.000
1412.492	2419.000
1412.638	2219.000
1412.785	2493.000
1412.932	2266.000
1413.079	2494.000
1413.225	2241.000
1413.372	2478.000
1413.518	2275.000
1413.665	2417.000
1413.812	2247.000
1413.958	2473.000
1414.105	2199.000
1414.251	2440.000
1414.398	2260.000
1414.544	2444.000
1414.691	2260.000
1414.838	2484.000
1414.984	2199.000
1415.130	2485.000
1415.277	2244.000
1415.423	2410.000
1415.570	2260.000
1415.716	2479.000
1415.863	2211.000
1416.009	2457.000
1416.155	2150.000
1416.302	2426.000
1416.448	2228.000
1416.594	2487.000
1416.741	2251.000
1416.887	2485.000
1417.033	2160.000
1417.180	2374.000
1417.326	2256.000
1417.472	2426.000
1417.618	2244.000
1417.765	2442.000
1417.911	2208.000
1418.057	2412.000
1418.203	2209.000
1418.349	2455.000
1418.495	2247.000
1418.642	2511.000
1418.788	2194.000
1418.934	2410.000
1419.080	2162.000
1419.226	2492.000
1419.372	2324.000
1419.518	2422.000
1419.664	2263.000
1419.810	2429.000
1419.956	2192.000
1420.102	2432.000
1420.248	2245.000
1420.394	2497.000
1420.540	2167.000
1420.686	2432.000
1420.832	2215.000
1420.978	2421.000
1421.124	2211.000
1421.270	2508.000
1421.415	2227.000
1421.561	2442.000
1421.707	2173.000
1421.853	2406.000
1421.999	2166.000
1422.144	2401.000
1422.290	2223.000
1422.436	2462.000
1422.582	2215.000
1422.727	2459.000
1422.873	2118.000
1423.019	2450.000
1423.165	2194.000
1423.310	2446.000
1423.456	2187.000
1423.602	2475.000
1423.747	2234.000
1423.893	2431.000
1424.038	2189.000
1424.184	2476.000
1424.330	2208.000
1424.475	2379.000
1424.621	2229.000
1424.766	2477.000
1424.912	2163.000
1425.057	2394.000
1425.203	2194.000
1425.348	2432.000
1425.494	2204.000
1425.639	2422.000
1425.785	2175.000
1425.930	2463.000
1426.075	2222.000
1426.221	2437.000
1426.366	2274.000
1426.512	2473.000
1426.657	2241.000
1426.802	2395.000
1426.948	2190.000
1427.093	2417.000
1427.238	2190.000
1427.383	2456.000
1427.529	2294.000
1427.674	2484.000
1427.819	2188.000
1427.964	2501.000
1428.110	2287.000
1428.255	2425.000
1428.400	2192.000
1428.545	2464.000
1428.690	2210.000
1428.835	2431.000
1428.981	2187.000
1429.126	2478.000
1429.271	2204.000
1429.416	2423.000
1429.561	2225.000
1429.706	2431.000
1429.851	2225.000
1429.996	2440.000
1430.141	2215.000
1430.286	2452.000
1430.431	2232.000
1430.576	2531.000
1430.721	2274.000
1430.866	2427.000
1431.011	2242.000
1431.156	2481.000
1431.301	2166.000
1431.445	2429.000
1431.590	2284.000
1431.735	2437.000
1431.880	2229.000
1432.025	2396.000
1432.170	2200.000
1432.314	2426.000
1432.459	2230.000
1432.604	2431.000
1432.749	2246.000
1432.893	2462.000
1433.038	2251.000
1433.183	2461.000
1433.328	2095.000
1433.472	2463.000
1433.617	2199.000
1433.762	2427.000
1433.906	2200.000
1434.051	2473.000
1434.195	2204.000
1434.340	2414.000
1434.485	2325.000
1434.629	2363.000
1434.774	2173.000
1434.918	2433.000
1435.063	2233.000
1435.207	2434.000
1435.352	2189.000
1435.496	2481.000
1435.641	2294.000
1435.785	2480.000
1435.930	2193.000
1436.074	2441.000
1436.219	2259.000
1436.363	2439.000
1436.507	2175.000
1436.652	2490.000
1436.796	2219.000
1436.940	2375.000
1437.085	2235.000
1437.229	2439.000
1437.373	2204.000
1437.518	2519.000
1437.662	2215.000
1437.806	2349.000
1437.950	2234.000
1438.095	2452.000
1438.239	2281.000
1438.383	2386.000
1438.527	2150.000
1438.671	2496.000
1438.815	2244.000
1438.960	2451.000
1439.104	2202.000
1439.248	2467.000
1439.392	2243.000
1439.536	2428.000
1439.680	2284.000
1439.824	2467.000
1439.968	2219.000
1440.112	2499.000
1440.256	2211.000
1440.400	2394.000
1440.544	2272.000
1440.688	2451.000
1440.832	2154.000
1440.976	2452.000
1441.120	2144.000
1441.264	2379.000
1441.408	2218.000
1441.552	2431.000
1441.696	2211.000
1441.839	2440.000
1441.983	2276.000
1442.127	2347.000
1442.271	2200.000
1442.415	2429.000
1442.559	2293.000
1442.702	2366.000
1442.846	2221.000
1442.990	2395.000
1443.133	2243.000
1443.277	2423.000
1443.421	2174.000
1443.565	2372.000
1443.708	2231.000
1443.852	2419.000
1443.996	2222.000
1444.139	2420.000
1444.283	2160.000
1444.426	2458.000
1444.570	2142.000
1444.714	2464.000
1444.857	2176.000
1445.001	2470.000
1445.144	2199.000
1445.288	2488.000
1445.431	2172.000
1445.575	2528.000
1445.718	2201.000
1445.862	2422.000
1446.005	2241.000
1446.148	2439.000
1446.292	2216.000
1446.435	2394.000
1446.579	2206.000
1446.722	2462.000
1446.865	2168.000
1447.009	2420.000
1447.152	2209.000
1447.295	2446.000
1447.439	2275.000
1447.582	2479.000
1447.725	2304.000
1447.869	2399.000
1448.012	2173.000
1448.155	2467.000
1448.298	2179.000
1448.441	2442.000
1448.585	2243.000
1448.728	2429.000
1448.871	2280.000
1449.014	2355.000
1449.157	2122.000
1449.300	2361.000
1449.443	2256.000
1449.586	2500.000
1449.730	2217.000
1449.873	2387.000
1450.016	2160.000
1450.159	2439.000
1450.302	2216.000
1450.445	2427.000
1450.588	2163.000
1450.731	2475.000
1450.874	2281.000
1451.017	2391.000
1451.160	2203.000
1451.302	2436.000
1451.445	2179.000
1451.588	2456.000
1451.731	2250.000
1451.874	2366.000
1452.017	2148.000
1452.160	2414.000
1452.302	2228.000
1452.445	2507.000
1452.588	2197.000
1452.731	2478.000
1452.874	2210.000
1453.016	2415.000
1453.159	2216.000
1453.302	2459.000
1453.444	2181.000
1453.587	2426.000
1453.730	2233.000
1453.872	2443.000
1454.015	2238.000
1454.158	2491.000
1454.300	2259.000
1454.443	2465.000
1454.586	2200.000
1454.728	2386.000
1454.871	2189.000
1455.013	2469.000
1455.156	2166.000
1455.298	2399.000
1455.441	2195.000
1455.583	2423.000
1455.726	2172.000
1455.868	2386.000
1456.011	2221.000
1456.153	2416.000
1456.296	2202.000
1456.438	2434.000
1456.580	2247.000
1456.723	2435.000
1456.865	2187.000
1457.007	2471.000
1457.150	2274.000
1457.292	2432.000
1457.434	2198.000
1457.577	2484.000
1457.719	2200.000
1457.861	2405.000
1458.003	2192.000
1458.146	2426.000
1458.288	2221.000
1458.430	2448.000
1458.572	2189.000
1458.714	2431.000
1458.857	2178.000
1458.999	2383.000
1459.141	2276.000
1459.283	2398.000
1459.425	2170.000
1459.567	2424.000
1459.709	2132.000
1459.851	2480.000
1459.993	2268.000
1460.135	2378.000
1460.277	2210.000
1460.419	2386.000
1460.561	2249.000
1460.703	2464.000
1460.845	2240.000
1460.987	2471.000
1461.129	2195.000
1461.271	2431.000
1461.413	2231.000
1461.555	2445.000
1461.697	2214.000
1461.839	2477.000
1461.981	2260.000
1462.122	2491.000
1462.264	2226.000
1462.406	2358.000
1462.548	2159.000
1462.690	2451.000
1462.831	2149.000
1462.973	2427.000
1463.115	2209.000
1463.257	2416.000
1463.398	2204.000
1463.540	2405.000
1463.682	2224.000
1463.823	2479.000
1463.965	2080.000
1464.107	2475.000
1464.248	2211.000
1464.390	2408.000
1464.531	2231.000
1464.673	2469.000
1464.815	2229.000
1464.956	2409.000
1465.098	2178.000
1465.239	2422.000
1465.381	2252.000
1465.522	2419.000
1465.664	2156.000
1465.805	2402.000
1465.947	2336.000
1466.088	2439.000
1466.229	2199.000
1466.371	2450.000
1466.512	2174.000
1466.654	2425.000
1466.795	2166.000
1466.936	2458.000
1467.078	2150.000
1467.219	2529.000
1467.360	2206.000
1467.502	2490.000
1467.643	2195.000
1467.784	2442.000
1467.925	2252.000
1468.067	2449.000
1468.208	2159.000
1468.349	2422.000
1468.490	2166.000
1468.631	2456.000
1468.773	2252.000
1468.914	2433.000
1469.055	2130.000
1469.196	2432.000
1469.337	2221.000
1469.478	2391.000
1469.619	2221.000
1469.760	2425.000
1469.901	2168.000
1470.042	2418.000
1470.183	2131.000
1470.324	2442.000
1470.465	2226.000
1470.606	2512.000
1470.747	2221.000
1470.888	2395.000
1471.029	2155.000
1471.170	2399.000
1471.311	2203.000
1471.452	2519.000
1471.593	2198.000
1471.734	2467.000
1471.875	2123.000
1472.015	2417.000
1472.156	2223.000
1472.297	2429.000
1472.438	2202.000
1472.579	2410.000
1472.719	2304.000
1472.860	2362.000
1473.001	2190.000
1473.142	2451.000
1473.282	2176.000
1473.423	2417.000
1473.564	2169.000
1473.704	2496.000
1473.845	2262.000
1473.986	2368.000
1474.126	2214.000
1474.267	2416.000
1474.408	2202.000
1474.548	2350.000
1474.689	2122.000
1474.829	2399.000
1474.970	2250.000
1475.110	2411.000
1475.251	2244.000
1475.391	2499.000
1475.532	2204.000
1475.672	2377.000
1475.813	2214.000
1475.953	2400.000
1476.094	2124.000
1476.234	2361.000
1476.374	2263.000
1476.515	2440.000
1476.655	2171.000
1476.796	2442.000
1476.936	2190.000
1477.076	2430.000
1477.217	2145.000
1477.357	2407.000
1477.497	2156.000
1477.637	2357.000
1477.778	2154.000
1477.918	2385.000
1478.058	2269.000
1478.198	2374.000
1478.338	2166.000
1478.479	2382.000
1478.619	2216.000
1478.759	2392.000
1478.899	2175.000
1479.039	2450.000
1479.179	2185.000
1479.319	2377.000
1479.460	2192.000
1479.600	2428.000
1479.740	2181.000
1479.880	2399.000
1480.020	2179.000
1480.160	2383.000
1480.300	2158.000
1480.440	2351.000
1480.580	2152.000
1480.720	2434.000
1480.860	2250.000
1481.000	2363.000
1481.139	2173.000
1481.279	2389.000
1481.419	2187.000
1481.559	2390.000
1481.699	2159.000
1481.839	2371.000
1481.979	2145.000
1482.118	2372.000
1482.258	2191.000
1482.398	2391.000
1482.538	2145.000
1482.678	2368.000
1482.817	2139.000
1482.957	2427.000
1483.097	2201.000
1483.236	2378.000
1483.376	2188.000
1483.516	2364.000
1483.655	2099.000
1483.795	2339.000
1483.935	2227.000
1484.074	2450.000
1484.214	2190.000
1484.354	2379.000
1484.493	2213.000
1484.633	2342.000
1484.772	2149.000
1484.912	2408.000
1485.051	2167.000
1485.191	2361.000
1485.330	2140.000
1485.470	2386.000
1485.609	2142.000
1485.749	2394.000
1485.888	2191.000
1486.027	2414.000
1486.167	2108.000
1486.306	2400.000
1486.446	2139.000
1486.585	2419.000
1486.724	2141.000
1486.864	2426.000
1487.003	2155.000
1487.142	2361.000
1487.282	2172.000
1487.421	2331.000
1487.560	2121.000
1487.699	2422.000
1487.839	2148.000
1487.978	2352.000
1488.117	2203.000
1488.256	2361.000
1488.395	2175.000
1488.535	2407.000
1488.674	2163.000
1488.813	2321.000
1488.952	2160.000
1489.091	2384.000
1489.230	2209.000
1489.369	2356.000
1489.508	2173.000
1489.647	2339.000
1489.786	2189.000
1489.925	2419.000
1490.064	2163.000
1490.203	2316.000
1490.342	2211.000
1490.481	2412.000
1490.620	2162.000
1490.759	2425.000
1490.898	2205.000
1491.037	2408.000
1491.176	2227.000
1491.315	2414.000
1491.454	2211.000
1491.592	2401.000
1491.731	2143.000
1491.870	2434.000
1492.009	2208.000
1492.148	2342.000
1492.286	2254.000
1492.425	2423.000
1492.564	2181.000
1492.703	2375.000
1492.841	2124.000
1492.980	2453.000
1493.119	2188.000
1493.257	2393.000
1493.396	2204.000
1493.535	2459.000
1493.673	2294.000
1493.812	2408.000
1493.951	2201.000
1494.089	2380.000
1494.228	2164.000
1494.366	2423.000
1494.505	2176.000
1494.643	2458.000
1494.782	2154.000
1494.920	2334.000
1495.059	2238.000
1495.197	2389.000
1495.336	2165.000
1495.474	2359.000
1495.613	2178.000
1495.751	2427.000
1495.890	2198.000
1496.028	2366.000
1496.166	2158.000
1496.305	2320.000
1496.443	2145.000
1496.581	2419.000
1496.720	2168.000
1496.858	2386.000
1496.996	2242.000
1497.135	2397.000
1497.273	2167.000
1497.411	2458.000
1497.549	2178.000
1497.688	2406.000
1497.826	2202.000
1497.964	2334.000
1498.102	2174.000
1498.240	2371.000
1498.378	2229.000
1498.517	2316.000
1498.655	2187.000
1498.793	2328.000
1498.931	2209.000
1499.069	2380.000
1499.207	2206.000
1499.345	2421.000
1499.483	2192.000
1499.621	2422.000
1499.759	2184.000
1499.897	2351.000
1500.035	2225.000
1500.173	2390.000
1500.311	2210.000
1500.449	2361.000
1500.587	2200.000
1500.725	2341.000
1500.863	2199.000
1501.001	2422.000
1501.138	2238.000
1501.276	2382.000
1501.414	2181.000
1501.552	2327.000
1501.690	2178.000
1501.828	2346.000
1501.965	2171.000
1502.103	2429.000
1502.241	2215.000
1502.379	2388.000
1502.516	2176.000
1502.654	2352.000
1502.792	2196.000
1502.929	2343.000
1503.067	2137.000
1503.205	2390.000
1503.342	2161.000
1503.480	2425.000
1503.618	2234.000
1503.755	2453.000
1503.893	2145.000
1504.030	2436.000
1504.168	2171.000
1504.305	2353.000
1504.443	2178.000
1504.580	2404.000
1504.718	2147.000
1504.855	2444.000
1504.993	2192.000
1505.130	2443.000
1505.268	2163.000
1505.405	2396.000
1505.543	2187.000
1505.680	2410.000
1505.817	2181.000
1505.955	2422.000
1506.092	2219.000
1506.229	2426.000
1506.367	2212.000
1506.504	2358.000
1506.641	2201.000
1506.779	2429.000
1506.916	2176.000
1507.053	2428.000
1507.190	2173.000
1507.328	2430.000
1507.465	2153.000
1507.602	2430.000
1507.739	2155.000
1507.876	2445.000
1508.014	2241.000
1508.151	2417.000
1508.288	2148.000
1508.425	2393.000
1508.562	2168.000
1508.699	2355.000
1508.836	2222.000
1508.973	2405.000
1509.110	2238.000
1509.247	2414.000
1509.384	2215.000
1509.521	2411.000
1509.658	2239.000
1509.795	2409.000
1509.932	2171.000
1510.069	2438.000
1510.206	2160.000
1510.343	2399.000
1510.480	2182.000
1510.617	2387.000
1510.754	2123.000
1510.890	2437.000
1511.027	2233.000
1511.164	2360.000
1511.301	2242.000
1511.438	2511.000
1511.575	2161.000
1511.711	2424.000
1511.848	2257.000
1511.985	2408.000
1512.121	2169.000
1512.258	2367.000
1512.395	2188.000
1512.532	2333.000
1512.668	2204.000
1512.805	2415.000
1512.942	2211.000
1513.078	2396.000
1513.215	2199.000
1513.351	2456.000
1513.488	2243.000
1513.625	2407.000
1513.761	2266.000
1513.898	2409.000
1514.034	2234.000
1514.171	2432.000
1514.307	2005.000
1514.444	2366.000
1514.580	2195.000
1514.717	2355.000
1514.853	2126.000
1514.989	2400.000
1515.126	2153.000
1515.262	2420.000
1515.399	2258.000
1515.535	2378.000
1515.671	2239.000
1515.808	2378.000
1515.944	2188.000
1516.080	2423.000
1516.217	2230.000
1516.353	2412.000
1516.489	2130.000
1516.625	2422.000
1516.762	2187.000
1516.898	2378.000
1517.034	2206.000
1517.170	2365.000
1517.307	2208.000
1517.443	2435.000
1517.579	2165.000
1517.715	2425.000
1517.851	2165.000
1517.987	2493.000
1518.123	2227.000
1518.259	2364.000
1518.396	2263.000
1518.532	2357.000
1518.668	2176.000
1518.804	2326.000
1518.940	2133.000
1519.076	2343.000
1519.212	2143.000
1519.348	2449.000
1519.484	2185.000
1519.620	2421.000
1519.755	2167.000
1519.891	2322.000
1520.027	2164.000
1520.163	2345.000
1520.299	2100.000
1520.435	2380.000
1520.571	2111.000
1520.707	2340.000
1520.842	2123.000
1520.978	2342.000
1521.114	2222.000
1521.250	2370.000
1521.385	2145.000
1521.521	2463.000
1521.657	2115.000
1521.793	2360.000
1521.928	2181.000
1522.064	2402.000
1522.200	2169.000
1522.335	2444.000
1522.471	2806.000
1522.607	2402.000
1522.742	2192.000
1522.878	2389.000
1523.013	2209.000
1523.149	2365.000
1523.285	2096.000
1523.420	2336.000
1523.556	2262.000
1523.691	2460.000
1523.827	2212.000
1523.962	2377.000
1524.098	2139.000
1524.233	2356.000
1524.369	2210.000
1524.504	2437.000
1524.639	2168.000
1524.775	2348.000
1524.910	2139.000
1525.046	2419.000
1525.181	2170.000
1525.316	2415.000
1525.452	2211.000
1525.587	2418.000
1525.722	2186.000
1525.858	2375.000
1525.993	2126.000
1526.128	2350.000
1526.263	2147.000
1526.399	2423.000
1526.534	2170.000
1526.669	2358.000
1526.804	2153.000
1526.939	2425.000
1527.074	2191.000
1527.210	2455.000
1527.345	2195.000
1527.480	2397.000
1527.615	2115.000
1527.750	2422.000
1527.885	2124.000
1528.020	2413.000
1528.155	2147.000
1528.290	2439.000
1528.425	2211.000
1528.560	2391.000
1528.695	2184.000
1528.830	2475.000
1528.965	2129.000
1529.100	2397.000
1529.235	2227.000
1529.370	2376.000
1529.505	2180.000
1529.640	2411.000
1529.775	2171.000
1529.910	2369.000
1530.044	2191.000
1530.179	2353.000
1530.314	2218.000
1530.449	2395.000
1530.584	2217.000
1530.718	2365.000
1530.853	2215.000
1530.988	2463.000
1531.123	2110.000
1531.257	2393.000
1531.392	2149.000
1531.527	2354.000
1531.661	2268.000
1531.796	2430.000
1531.931	2181.000
1532.065	2393.000
1532.200	2217.000
1532.335	2436.000
1532.469	2225.000
1532.604	2496.000
1532.738	2241.000
1532.873	2465.000
1533.007	2195.000
1533.142	2394.000
1533.276	2180.000
1533.411	2406.000
1533.545	2202.000
1533.680	2311.000
1533.814	2225.000
1533.949	2441.000
1534.083	2282.000
1534.218	2428.000
1534.352	2184.000
1534.486	2334.000
1534.621	2260.000
1534.755	2457.000
