829.593	2287.000
829.736	2431.000
829.879	2263.000
830.022	2525.000
830.166	2268.000
830.309	2522.000
830.452	2254.000
830.595	2502.000
830.738	2271.000
830.881	2492.000
831.024	2246.000
831.167	2526.000
831.310	2274.000
831.453	2459.000
831.597	2244.000
831.740	2542.000
831.883	2213.000
832.026	2536.000
832.169	2193.000
832.312	2529.000
832.455	2178.000
832.598	2450.000
832.741	2368.000
832.884	2488.000
833.027	2319.000
833.170	2464.000
833.314	2259.000
833.457	2471.000
833.600	2255.000
833.743	2459.000
833.886	2298.000
834.029	2533.000
834.172	2328.000
834.315	2452.000
834.458	2250.000
834.601	2487.000
834.744	2342.000
834.887	2473.000
835.030	2331.000
835.173	2507.000
835.316	2272.000
835.459	2537.000
835.602	2250.000
835.745	2541.000
835.889	2266.000
836.032	2502.000
836.175	2310.000
836.318	2473.000
836.461	2279.000
836.604	2515.000
836.747	2232.000
836.890	2460.000
837.033	2309.000
837.176	2513.000
837.319	2228.000
837.462	2483.000
837.605	2225.000
837.748	2505.000
837.891	2234.000
838.034	2453.000
838.177	2293.000
838.320	2464.000
838.463	2252.000
838.606	2452.000
838.749	2214.000
838.892	2514.000
839.035	2276.000
839.178	2468.000
839.321	2245.000
839.464	2480.000
839.607	2263.000
839.750	2475.000
839.893	2276.000
840.036	2464.000
840.179	2203.000
840.322	2444.000
840.465	2235.000
840.608	2441.000
840.751	2285.000
840.894	2543.000
841.037	2226.000
841.180	2433.000
841.323	2256.000
841.465	2485.000
841.608	2243.000
841.751	2455.000
841.894	2219.000
842.037	2465.000
842.180	2293.000
842.323	2448.000
842.466	2219.000
842.609	2472.000
842.752	2286.000
842.895	2456.000
843.038	2269.000
843.181	2455.000
843.324	2208.000
843.467	2445.000
843.610	2230.000
843.753	2488.000
843.896	2239.000
844.039	2404.000
844.181	2216.000
844.324	2403.000
844.467	2247.000
844.610	2486.000
844.753	2226.000
844.896	2429.000
845.039	2229.000
845.182	2414.000
845.325	2254.000
845.468	2451.000
845.611	2117.000
845.753	2448.000
845.896	2225.000
846.039	2402.000
846.182	2241.000
846.325	2459.000
846.468	2276.000
846.611	2425.000
846.754	2233.000
846.897	2390.000
847.040	2249.000
847.182	2484.000
847.325	2221.000
847.468	2477.000
847.611	2185.000
847.754	2370.000
847.897	2303.000
848.040	2443.000
848.183	2230.000
848.325	2475.000
848.468	2211.000
848.611	2375.000
848.754	2212.000
848.897	2425.000
849.040	2240.000
849.183	2452.000
849.326	2194.000
849.468	2442.000
849.611	2280.000
849.754	2446.000
849.897	2189.000
850.040	2400.000
850.183	2249.000
850.325	2454.000
850.468	2263.000
850.611	2407.000
850.754	2229.000
850.897	2451.000
851.040	2262.000
851.183	2452.000
851.325	2226.000
851.468	2395.000
851.611	2227.000
851.754	2466.000
851.897	2260.000
852.039	2455.000
852.182	2213.000
852.325	2467.000
852.468	2258.000
852.611	2393.000
852.754	2260.000
852.896	2439.000
853.039	2177.000
853.182	2437.000
853.325	2264.000
853.468	2437.000
853.610	2255.000
853.753	2474.000
853.896	2168.000
854.039	2447.000
854.182	2246.000
854.324	2374.000
854.467	2270.000
854.610	2463.000
854.753	2178.000
854.895	2464.000
855.038	2182.000
855.181	2383.000
855.324	2246.000
855.467	2452.000
855.609	2235.000
855.752	2475.000
855.895	2157.000
856.038	2347.000
856.180	2229.000
856.323	2401.000
856.466	2239.000
856.609	2447.000
856.752	2206.000
856.894	2402.000
857.037	2187.000
857.180	2464.000
857.323	2231.000
857.465	2509.000
857.608	2202.000
857.751	2416.000
857.894	2156.000
858.036	2506.000
858.179	2342.000
858.322	2398.000
858.464	2279.000
858.607	2429.000
858.750	2197.000
858.893	2449.000
859.035	2224.000
859.178	2511.000
859.321	2159.000
859.464	2434.000
859.606	2201.000
859.749	2406.000
859.892	2216.000
860.034	2495.000
860.177	2230.000
860.320	2444.000
860.463	2166.000
860.605	2403.000
860.748	2188.000
860.891	2392.000
861.033	2215.000
861.176	2467.000
861.319	2214.000
861.461	2484.000
861.604	2119.000
861.747	2465.000
861.890	2187.000
862.032	2426.000
862.175	2187.000
862.318	2476.000
862.460	2240.000
862.603	2445.000
862.746	2206.000
862.888	2472.000
863.031	2211.000
863.174	2407.000
863.316	2243.000
863.459	2444.000
863.602	2176.000
863.744	2391.000
863.887	2192.000
864.030	2411.000
864.172	2227.000
864.315	2418.000
864.458	2176.000
864.600	2437.000
864.743	2242.000
864.886	2449.000
865.028	2274.000
865.171	2483.000
865.314	2240.000
865.456	2401.000
865.599	2192.000
865.741	2412.000
865.884	2185.000
866.027	2470.000
866.169	2314.000
866.312	2478.000
866.455	2198.000
866.597	2489.000
866.740	2303.000
866.882	2396.000
867.025	2213.000
867.168	2460.000
867.310	2235.000
867.453	2409.000
867.596	2187.000
867.738	2482.000
867.881	2206.000
868.023	2442.000
868.166	2238.000
868.309	2441.000
868.451	2247.000
868.594	2432.000
868.736	2208.000
868.879	2469.000
869.022	2233.000
869.164	2515.000
869.307	2271.000
869.449	2422.000
869.592	2258.000
869.735	2469.000
869.877	2176.000
870.020	2437.000
870.162	2291.000
870.305	2455.000
870.447	2235.000
870.590	2412.000
870.733	2208.000
870.875	2440.000
871.018	2231.000
871.160	2447.000
871.303	2255.000
871.445	2437.000
871.588	2245.000
871.731	2450.000
871.873	2095.000
872.016	2489.000
872.158	2222.000
872.301	2447.000
872.443	2214.000
872.586	2460.000
872.728	2232.000
872.871	2411.000
873.013	2302.000
873.156	2364.000
873.299	2191.000
873.441	2438.000
873.584	2226.000
873.726	2426.000
873.869	2190.000
874.011	2485.000
874.154	2307.000
874.296	2438.000
874.439	2229.000
874.581	2471.000
874.724	2285.000
874.866	2449.000
875.009	2197.000
875.151	2498.000
875.294	2217.000
875.436	2391.000
875.579	2288.000
875.721	2406.000
875.864	2243.000
876.006	2536.000
876.149	2237.000
876.291	2343.000
876.434	2213.000
876.576	2457.000
876.719	2308.000
876.861	2414.000
877.004	2176.000
877.146	2495.000
877.289	2240.000
877.431	2445.000
877.574	2229.000
877.716	2490.000
877.859	2264.000
878.001	2459.000
878.144	2312.000
878.286	2475.000
878.429	2249.000
878.571	2483.000
878.714	2227.000
878.856	2405.000
878.998	2295.000
879.141	2459.000
879.283	2175.000
879.426	2465.000
879.568	2170.000
879.711	2429.000
879.853	2258.000
879.996	2472.000
880.138	2241.000
880.281	2420.000
880.423	2261.000
880.565	2370.000
880.708	2209.000
880.850	2448.000
880.993	2343.000
881.135	2388.000
881.278	2252.000
881.420	2425.000
881.562	2293.000
881.705	2451.000
881.847	2209.000
881.990	2383.000
882.132	2219.000
882.275	2428.000
882.417	2261.000
882.559	2452.000
882.702	2197.000
882.844	2510.000
882.987	2172.000
883.129	2465.000
883.271	2207.000
883.414	2487.000
883.556	2240.000
883.699	2543.000
883.841	2201.000
883.983	2518.000
884.126	2265.000
884.268	2445.000
884.411	2258.000
884.553	2452.000
884.695	2249.000
884.838	2403.000
884.980	2248.000
885.122	2451.000
885.265	2203.000
885.407	2464.000
885.550	2236.000
885.692	2465.000
885.834	2325.000
885.977	2483.000
886.119	2307.000
886.261	2451.000
886.404	2196.000
886.546	2509.000
886.689	2195.000
886.831	2469.000
886.973	2251.000
887.116	2441.000
887.258	2320.000
887.400	2379.000
887.543	2133.000
887.685	2375.000
887.827	2278.000
887.970	2505.000
888.112	2260.000
888.254	2436.000
888.397	2188.000
888.539	2468.000
888.681	2261.000
888.824	2433.000
888.966	2189.000
889.108	2506.000
889.251	2287.000
889.393	2430.000
889.535	2214.000
889.678	2439.000
889.820	2206.000
889.962	2469.000
890.105	2287.000
890.247	2371.000
890.389	2152.000
890.531	2437.000
890.674	2242.000
890.816	2530.000
890.958	2203.000
891.101	2496.000
891.243	2237.000
891.385	2430.000
891.528	2275.000
891.670	2489.000
891.812	2219.000
891.954	2470.000
892.097	2248.000
892.239	2455.000
892.381	2279.000
892.524	2494.000
892.666	2269.000
892.808	2475.000
892.950	2247.000
893.093	2399.000
893.235	2198.000
893.377	2506.000
893.519	2210.000
893.662	2406.000
893.804	2227.000
893.946	2409.000
894.088	2193.000
894.231	2422.000
894.373	2245.000
894.515	2435.000
894.657	2240.000
894.800	2467.000
894.942	2296.000
895.084	2442.000
895.226	2236.000
895.369	2493.000
895.511	2297.000
895.653	2451.000
895.795	2213.000
895.938	2535.000
896.080	2245.000
896.222	2431.000
896.364	2219.000
896.507	2452.000
896.649	2249.000
896.791	2477.000
896.933	2233.000
897.075	2450.000
897.218	2209.000
897.360	2419.000
897.502	2309.000
897.644	2421.000
897.787	2184.000
897.929	2443.000
898.071	2180.000
898.213	2501.000
898.355	2287.000
898.498	2390.000
898.640	2235.000
898.782	2404.000
898.924	2279.000
899.066	2485.000
899.208	2258.000
899.351	2498.000
899.493	2232.000
899.635	2467.000
899.777	2261.000
899.919	2495.000
900.062	2245.000
900.204	2510.000
900.346	2264.000
900.488	2506.000
900.630	2258.000
900.772	2351.000
900.915	2225.000
901.057	2487.000
901.199	2212.000
901.341	2429.000
901.483	2238.000
901.625	2453.000
901.768	2248.000
901.910	2427.000
902.052	2248.000
902.194	2514.000
902.336	2112.000
902.478	2504.000
902.620	2240.000
902.763	2437.000
902.905	2272.000
903.047	2497.000
903.189	2237.000
903.331	2449.000
903.473	2224.000
903.615	2421.000
903.758	2280.000
903.900	2446.000
904.042	2188.000
904.184	2477.000
904.326	2365.000
904.468	2498.000
904.610	2253.000
904.752	2480.000
904.895	2212.000
905.037	2450.000
905.179	2203.000
905.321	2461.000
905.463	2207.000
905.605	2561.000
905.747	2246.000
905.889	2507.000
906.031	2241.000
906.173	2472.000
906.316	2277.000
906.458	2501.000
906.600	2189.000
906.742	2419.000
906.884	2229.000
907.026	2511.000
907.168	2309.000
907.310	2470.000
907.452	2152.000
907.594	2469.000
907.736	2264.000
907.878	2446.000
908.021	2242.000
908.163	2463.000
908.305	2204.000
908.447	2459.000
908.589	2184.000
908.731	2505.000
908.873	2260.000
909.015	2554.000
909.157	2255.000
909.299	2451.000
909.441	2208.000
909.583	2459.000
909.725	2279.000
909.867	2574.000
910.009	2251.000
910.151	2483.000
910.293	2171.000
910.435	2449.000
910.577	2275.000
910.719	2476.000
910.862	2249.000
911.004	2437.000
911.146	2333.000
911.288	2420.000
911.430	2243.000
911.572	2500.000
911.714	2192.000
911.856	2442.000
911.998	2220.000
912.140	2535.000
912.282	2291.000
912.424	2387.000
912.566	2256.000
912.708	2495.000
912.850	2265.000
912.992	2391.000
913.134	2155.000
913.276	2460.000
913.418	2314.000
913.560	2465.000
913.702	2263.000
913.844	2543.000
913.986	2248.000
914.128	2460.000
914.270	2248.000
914.412	2450.000
914.554	2176.000
914.696	2419.000
914.838	2300.000
914.980	2487.000
915.122	2243.000
915.264	2512.000
915.406	2259.000
915.548	2496.000
915.690	2193.000
915.831	2486.000
915.973	2241.000
916.115	2418.000
916.257	2203.000
916.399	2426.000
916.541	2331.000
916.683	2443.000
916.825	2199.000
916.967	2466.000
917.109	2274.000
917.251	2457.000
917.393	2246.000
917.535	2466.000
917.677	2260.000
917.819	2442.000
917.961	2253.000
918.103	2498.000
918.245	2255.000
918.387	2458.000
918.528	2263.000
918.670	2419.000
918.812	2199.000
918.954	2405.000
919.096	2219.000
919.238	2528.000
919.380	2295.000
919.522	2432.000
919.664	2255.000
919.806	2452.000
919.948	2242.000
920.090	2421.000
920.231	2216.000
920.373	2418.000
920.515	2215.000
920.657	2461.000
920.799	2254.000
920.941	2474.000
921.083	2227.000
921.225	2448.000
921.367	2200.000
921.509	2486.000
921.650	2248.000
921.792	2442.000
921.934	2278.000
922.076	2422.000
922.218	2166.000
922.360	2394.000
922.502	2287.000
922.644	2517.000
922.785	2227.000
922.927	2444.000
923.069	2277.000
923.211	2386.000
923.353	2192.000
923.495	2461.000
923.637	2249.000
923.779	2438.000
923.920	2204.000
924.062	2442.000
924.204	2178.000
924.346	2445.000
924.488	2251.000
924.630	2465.000
924.771	2176.000
924.913	2457.000
925.055	2225.000
925.197	2465.000
925.339	2217.000
925.481	2506.000
925.623	2184.000
925.764	2447.000
925.906	2224.000
926.048	2397.000
926.190	2206.000
926.332	2494.000
926.473	2229.000
926.615	2407.000
926.757	2229.000
926.899	2415.000
927.041	2233.000
927.183	2451.000
927.324	2231.000
927.466	2378.000
927.608	2220.000
927.750	2447.000
927.892	2264.000
928.033	2388.000
928.175	2258.000
928.317	2397.000
928.459	2262.000
928.601	2476.000
928.742	2229.000
928.884	2403.000
929.026	2307.000
929.168	2428.000
929.310	2226.000
929.451	2503.000
929.593	2264.000
929.735	2465.000
929.877	2279.000
930.018	2472.000
930.160	2244.000
930.302	2418.000
930.444	2213.000
930.585	2483.000
930.727	2282.000
930.869	2404.000
931.011	2285.000
931.153	2468.000
931.294	2209.000
931.436	2423.000
931.578	2189.000
931.720	2487.000
931.861	2223.000
932.003	2440.000
932.145	2237.000
932.287	2510.000
932.428	2352.000
932.570	2471.000
932.712	2246.000
932.854	2453.000
932.995	2223.000
933.137	2487.000
933.279	2204.000
933.420	2476.000
933.562	2201.000
933.704	2378.000
933.846	2286.000
933.987	2417.000
934.129	2224.000
934.271	2423.000
934.412	2260.000
934.554	2485.000
934.696	2238.000
934.838	2415.000
934.979	2206.000
935.121	2384.000
935.263	2221.000
935.404	2481.000
935.546	2235.000
935.688	2403.000
935.830	2298.000
935.971	2411.000
936.113	2205.000
936.255	2541.000
936.396	2212.000
936.538	2449.000
936.680	2249.000
936.821	2381.000
936.963	2245.000
937.105	2423.000
937.246	2246.000
937.388	2371.000
937.530	2233.000
937.671	2349.000
937.813	2256.000
937.955	2408.000
938.096	2245.000
938.238	2466.000
938.380	2250.000
938.521	2460.000
938.663	2228.000
938.805	2417.000
938.946	2269.000
939.088	2426.000
939.230	2267.000
939.371	2406.000
939.513	2245.000
939.655	2371.000
939.796	2241.000
939.938	2458.000
940.080	2295.000
940.221	2413.000
940.363	2216.000
940.504	2387.000
940.646	2227.000
940.788	2392.000
940.929	2214.000
941.071	2464.000
941.213	2232.000
941.354	2455.000
941.496	2217.000
941.637	2394.000
941.779	2205.000
941.921	2385.000
942.062	2174.000
942.204	2434.000
942.346	2203.000
942.487	2463.000
942.629	2250.000
942.770	2494.000
942.912	2208.000
943.054	2467.000
943.195	2203.000
943.337	2400.000
943.478	2192.000
943.620	2460.000
943.761	2156.000
943.903	2476.000
944.045	2246.000
944.186	2483.000
944.328	2177.000
944.469	2437.000
944.611	2219.000
944.753	2440.000
944.894	2242.000
945.036	2474.000
945.177	2266.000
945.319	2467.000
945.460	2259.000
945.602	2407.000
945.744	2230.000
945.885	2479.000
946.027	2230.000
946.168	2470.000
946.310	2197.000
946.451	2450.000
946.593	2182.000
946.734	2454.000
946.876	2153.000
947.018	2503.000
947.159	2279.000
947.301	2489.000
947.442	2184.000
947.584	2428.000
947.725	2207.000
947.867	2422.000
948.008	2247.000
948.150	2476.000
948.291	2275.000
948.433	2427.000
948.574	2253.000
948.716	2462.000
948.857	2273.000
948.999	2444.000
949.140	2205.000
949.282	2468.000
949.424	2235.000
949.565	2439.000
949.707	2218.000
949.848	2431.000
949.990	2165.000
950.131	2480.000
950.273	2273.000
950.414	2388.000
950.556	2291.000
950.697	2541.000
950.839	2192.000
950.980	2452.000
951.122	2286.000
951.263	2424.000
951.404	2242.000
951.546	2368.000
951.687	2214.000
951.829	2397.000
951.970	2259.000
952.112	2446.000
952.253	2245.000
952.395	2419.000
952.536	2242.000
952.678	2487.000
952.819	2266.000
952.961	2439.000
953.102	2333.000
953.244	2438.000
953.385	2280.000
953.527	2476.000
953.668	2055.000
953.809	2422.000
953.951	2218.000
954.092	2397.000
954.234	2171.000
954.375	2436.000
954.517	2198.000
954.658	2455.000
954.800	2325.000
954.941	2444.000
955.082	2267.000
955.224	2410.000
955.365	2248.000
955.507	2480.000
955.648	2277.000
955.790	2459.000
955.931	2178.000
956.072	2455.000
956.214	2206.000
956.355	2427.000
956.497	2240.000
956.638	2403.000
956.780	2236.000
956.921	2473.000
957.062	2208.000
957.204	2452.000
957.345	2205.000
957.487	2509.000
957.628	2286.000
957.769	2391.000
957.911	2271.000
958.052	2384.000
958.194	2228.000
958.335	2372.000
958.476	2176.000
958.618	2400.000
958.759	2197.000
958.901	2493.000
959.042	2215.000
959.183	2471.000
959.325	2218.000
959.466	2373.000
959.607	2185.000
959.749	2406.000
959.890	2119.000
960.032	2408.000
960.173	2131.000
960.314	2386.000
960.456	2180.000
960.597	2396.000
960.738	2268.000
960.880	2410.000
961.021	2181.000
961.162	2489.000
961.304	2147.000
961.445	2432.000
961.586	2224.000
961.728	2461.000
961.869	2208.000
962.011	2535.000
962.152	2821.000
962.293	2468.000
962.435	2251.000
962.576	2425.000
962.717	2252.000
962.859	2405.000
963.000	2158.000
963.141	2382.000
963.283	2342.000
963.424	2475.000
963.565	2272.000
963.706	2400.000
963.848	2197.000
963.989	2404.000
964.130	2276.000
964.272	2485.000
964.413	2220.000
964.554	2384.000
964.696	2197.000
964.837	2455.000
964.978	2239.000
965.120	2459.000
965.261	2240.000
965.402	2434.000
965.543	2274.000
965.685	2399.000
965.826	2189.000
965.967	2397.000
966.109	2171.000
966.250	2486.000
966.391	2191.000
966.532	2437.000
966.674	2213.000
966.815	2478.000
966.956	2225.000
967.098	2480.000
967.239	2225.000
967.380	2444.000
967.521	2114.000
967.663	2458.000
967.804	2168.000
967.945	2465.000
968.086	2187.000
968.228	2465.000
968.369	2222.000
968.510	2427.000
968.651	2212.000
968.793	2507.000
968.934	2157.000
969.075	2436.000
969.216	2253.000
969.358	2397.000
969.499	2172.000
969.640	2451.000
969.781	2197.000
969.923	2417.000
970.064	2234.000
970.205	2395.000
970.346	2227.000
970.488	2397.000
970.629	2229.000
970.770	2395.000
970.911	2269.000
971.053	2475.000
971.194	2162.000
971.335	2434.000
971.476	2203.000
971.617	2396.000
971.759	2288.000
971.900	2471.000
972.041	2226.000
972.182	2414.000
972.323	2260.000
972.465	2439.000
972.606	2253.000
972.747	2518.000
972.888	2269.000
973.029	2484.000
973.171	2240.000
973.312	2407.000
973.453	2235.000
973.594	2448.000
973.735	2216.000
973.877	2343.000
974.018	2291.000
974.159	2454.000
974.300	2276.000
974.441	2421.000
974.582	2194.000
974.724	2361.000
974.865	2270.000
975.006	2496.000
