969.812	3457.000
969.956	3555.000
970.101	3389.000
970.245	3662.000
970.389	3404.000
970.533	3656.000
970.678	3383.000
970.822	3583.000
970.966	3418.000
971.110	3600.000
971.255	3386.000
971.399	3670.000
971.543	3422.000
971.687	3582.000
971.831	3393.000
971.976	3675.000
972.120	3328.000
972.264	3661.000
972.408	3343.000
972.552	3671.000
972.697	3351.000
972.841	3556.000
972.985	3493.000
973.129	3610.000
973.273	3453.000
973.417	3612.000
973.562	3438.000
973.706	3589.000
973.850	3396.000
973.994	3591.000
974.138	3423.000
974.282	3647.000
974.426	3450.000
974.570	3588.000
974.715	3377.000
974.859	3600.000
975.003	3481.000
975.147	3603.000
975.291	3493.000
975.435	3633.000
975.579	3395.000
975.723	3646.000
975.867	3387.000
976.011	3645.000
976.155	3385.000
976.299	3609.000
976.444	3463.000
976.588	3578.000
976.732	3419.000
976.876	3618.000
977.020	3400.000
977.164	3557.000
977.308	3413.000
977.452	3604.000
977.596	3366.000
977.740	3622.000
977.884	3365.000
978.028	3609.000
978.172	3354.000
978.316	3569.000
978.460	3442.000
978.604	3578.000
978.748	3369.000
978.892	3520.000
979.036	3309.000
979.180	3615.000
979.323	3412.000
979.467	3559.000
979.611	3345.000
979.755	3599.000
979.899	3383.000
980.043	3560.000
980.187	3382.000
980.331	3587.000
980.475	3316.000
980.619	3560.000
980.763	3334.000
980.907	3529.000
981.050	3403.000
981.194	3610.000
981.338	3339.000
981.482	3511.000
981.626	3382.000
981.770	3551.000
981.914	3355.000
982.058	3540.000
982.201	3314.000
982.345	3538.000
982.489	3390.000
982.633	3522.000
982.777	3353.000
982.921	3555.000
983.064	3375.000
983.208	3558.000
983.352	3381.000
983.496	3535.000
983.640	3319.000
983.783	3547.000
983.927	3361.000
984.071	3561.000
984.215	3347.000
984.359	3471.000
984.502	3305.000
984.646	3476.000
984.790	3336.000
984.934	3564.000
985.077	3323.000
985.221	3533.000
985.365	3334.000
985.509	3493.000
985.652	3346.000
985.796	3546.000
985.940	3201.000
986.084	3516.000
986.227	3311.000
986.371	3502.000
986.515	3326.000
986.658	3512.000
986.802	3337.000
986.946	3509.000
987.089	3332.000
987.233	3487.000
987.377	3298.000
987.520	3570.000
987.664	3292.000
987.808	3526.000
987.951	3272.000
988.095	3436.000
988.239	3394.000
988.382	3557.000
988.526	3333.000
988.670	3529.000
988.813	3327.000
988.957	3479.000
989.100	3312.000
989.244	3488.000
989.388	3351.000
989.531	3513.000
989.675	3292.000
989.818	3530.000
989.962	3353.000
990.106	3520.000
990.249	3276.000
990.393	3438.000
990.536	3343.000
990.680	3558.000
990.823	3352.000
990.967	3485.000
991.110	3305.000
991.254	3532.000
991.398	3333.000
991.541	3506.000
991.685	3303.000
991.828	3448.000
991.972	3306.000
992.115	3541.000
992.259	3331.000
992.402	3530.000
992.546	3318.000
992.689	3549.000
992.833	3305.000
992.976	3501.000
993.120	3327.000
993.263	3533.000
993.406	3254.000
993.550	3502.000
993.693	3349.000
993.837	3485.000
993.980	3327.000
994.124	3528.000
994.267	3240.000
994.411	3482.000
994.554	3288.000
994.697	3453.000
994.841	3326.000
994.984	3550.000
995.128	3265.000
995.271	3541.000
995.414	3233.000
995.558	3453.000
995.701	3308.000
995.845	3518.000
995.988	3338.000
996.131	3529.000
996.275	3242.000
996.418	3404.000
996.561	3307.000
996.705	3480.000
996.848	3331.000
996.991	3523.000
997.135	3267.000
997.278	3460.000
997.421	3249.000
997.565	3504.000
997.708	3310.000
997.851	3557.000
997.995	3256.000
998.138	3463.000
998.281	3213.000
998.424	3539.000
998.568	3371.000
998.711	3449.000
998.854	3315.000
998.998	3431.000
999.141	3264.000
999.284	3462.000
999.427	3313.000
999.571	3532.000
999.714	3256.000
999.857	3493.000
1000.000	3287.000
1000.143	3465.000
1000.287	3246.000
1000.430	3536.000
1000.573	3296.000
1000.716	3490.000
1000.860	3234.000
1001.003	3444.000
1001.146	3229.000
1001.289	3467.000
1001.432	3289.000
1001.575	3507.000
1001.719	3287.000
1001.862	3505.000
1002.005	3158.000
1002.148	3488.000
1002.291	3238.000
1002.434	3454.000
1002.578	3250.000
1002.721	3534.000
1002.864	3298.000
1003.007	3461.000
1003.150	3253.000
1003.293	3518.000
1003.436	3265.000
1003.579	3458.000
1003.723	3294.000
1003.866	3515.000
1004.009	3226.000
1004.152	3455.000
1004.295	3279.000
1004.438	3476.000
1004.581	3319.000
1004.724	3467.000
1004.867	3241.000
1005.010	3479.000
1005.153	3303.000
1005.296	3487.000
1005.439	3333.000
1005.582	3538.000
1005.725	3295.000
1005.868	3426.000
1006.012	3247.000
1006.155	3445.000
1006.298	3229.000
1006.441	3524.000
1006.584	3360.000
1006.727	3511.000
1006.870	3257.000
1007.013	3543.000
1007.156	3390.000
1007.298	3460.000
1007.441	3260.000
1007.584	3509.000
1007.727	3278.000
1007.870	3501.000
1008.013	3266.000
1008.156	3489.000
1008.299	3278.000
1008.442	3458.000
1008.585	3278.000
1008.728	3468.000
1008.871	3289.000
1009.014	3480.000
1009.157	3297.000
1009.300	3515.000
1009.443	3302.000
1009.585	3573.000
1009.728	3300.000
1009.871	3474.000
1010.014	3314.000
1010.157	3523.000
1010.300	3237.000
1010.443	3497.000
1010.586	3376.000
1010.728	3486.000
1010.871	3276.000
1011.014	3473.000
1011.157	3307.000
1011.300	3503.000
1011.443	3364.000
1011.585	3587.000
1011.728	3454.000
1011.871	3652.000
1012.014	3441.000
1012.157	3631.000
1012.300	3262.000
1012.442	3646.000
1012.585	3385.000
1012.728	3606.000
1012.871	3352.000
1013.013	3618.000
1013.156	3350.000
1013.299	3550.000
1013.442	3471.000
1013.585	3503.000
1013.727	3367.000
1013.870	3620.000
1014.013	3363.000
1014.156	3567.000
1014.298	3378.000
1014.441	3657.000
1014.584	3484.000
1014.726	3663.000
1014.869	3448.000
1015.012	3701.000
1015.155	3564.000
1015.297	3744.000
1015.440	3525.000
1015.583	3788.000
1015.725	3543.000
1015.868	3667.000
1016.011	3560.000
1016.153	3673.000
1016.296	3492.000
1016.439	3782.000
1016.581	3447.000
1016.724	3535.000
1016.867	3477.000
1017.009	3729.000
1017.152	3538.000
1017.295	3611.000
1017.437	3351.000
1017.580	3597.000
1017.722	3326.000
1017.865	3469.000
1018.008	3266.000
1018.150	3504.000
1018.293	3302.000
1018.435	3483.000
1018.578	3343.000
1018.721	3515.000
1018.863	3298.000
1019.006	3527.000
1019.148	3247.000
1019.291	3439.000
1019.433	3321.000
1019.576	3469.000
1019.718	3206.000
1019.861	3516.000
1020.003	3196.000
1020.146	3418.000
1020.289	3263.000
1020.431	3487.000
1020.574	3268.000
1020.716	3470.000
1020.859	3294.000
1021.001	3381.000
1021.144	3257.000
1021.286	3471.000
1021.429	3354.000
1021.571	3391.000
1021.713	3269.000
1021.856	3430.000
1021.998	3290.000
1022.141	3487.000
1022.283	3230.000
1022.426	3405.000
1022.568	3259.000
1022.711	3460.000
1022.853	3271.000
1022.996	3480.000
1023.138	3203.000
1023.280	3510.000
1023.423	3193.000
1023.565	3462.000
1023.708	3239.000
1023.850	3510.000
1023.992	3278.000
1024.135	3564.000
1024.277	3222.000
1024.420	3557.000
1024.562	3267.000
1024.704	3463.000
1024.847	3273.000
1024.989	3471.000
1025.131	3273.000
1025.274	3398.000
1025.416	3281.000
1025.558	3494.000
1025.701	3242.000
1025.843	3483.000
1025.985	3250.000
1026.128	3461.000
1026.270	3335.000
1026.412	3504.000
1026.555	3326.000
1026.697	3456.000
1026.839	3218.000
1026.982	3516.000
1027.124	3161.000
1027.266	3498.000
1027.408	3295.000
1027.551	3451.000
1027.693	3339.000
1027.835	3402.000
1027.977	3195.000
1028.120	3430.000
1028.262	3300.000
1028.404	3544.000
1028.546	3272.000
1028.689	3438.000
1028.831	3223.000
1028.973	3499.000
1029.115	3306.000
1029.257	3475.000
1029.400	3205.000
1029.542	3502.000
1029.684	3324.000
1029.826	3446.000
1029.968	3256.000
1030.111	3491.000
1030.253	3232.000
1030.395	3488.000
1030.537	3311.000
1030.679	3395.000
1030.821	3191.000
1030.964	3480.000
1031.106	3266.000
1031.248	3558.000
1031.390	3235.000
1031.532	3498.000
1031.674	3284.000
1031.816	3473.000
1031.958	3284.000
1032.101	3517.000
1032.243	3277.000
1032.385	3494.000
1032.527	3309.000
1032.669	3461.000
1032.811	3317.000
1032.953	3541.000
1033.095	3296.000
1033.237	3511.000
1033.379	3286.000
1033.521	3417.000
1033.663	3226.000
1033.805	3491.000
1033.948	3243.000
1034.090	3452.000
1034.232	3240.000
1034.374	3411.000
1034.516	3247.000
1034.658	3441.000
1034.800	3307.000
1034.942	3461.000
1035.084	3281.000
1035.226	3518.000
1035.368	3316.000
1035.510	3463.000
1035.652	3248.000
1035.794	3507.000
1035.936	3346.000
1036.078	3468.000
1036.220	3262.000
1036.362	3537.000
1036.503	3271.000
1036.645	3444.000
1036.787	3253.000
1036.929	3475.000
1037.071	3299.000
1037.213	3510.000
1037.355	3271.000
1037.497	3459.000
1037.639	3240.000
1037.781	3432.000
1037.923	3330.000
1038.065	3453.000
1038.207	3243.000
1038.348	3483.000
1038.490	3190.000
1038.632	3500.000
1038.774	3375.000
1038.916	3429.000
1039.058	3261.000
1039.200	3417.000
1039.342	3331.000
1039.483	3517.000
1039.625	3330.000
1039.767	3528.000
1039.909	3251.000
1040.051	3494.000
1040.193	3286.000
1040.334	3515.000
1040.476	3298.000
1040.618	3536.000
1040.760	3325.000
1040.902	3536.000
1041.043	3307.000
1041.185	3374.000
1041.327	3248.000
1041.469	3531.000
1041.611	3210.000
1041.752	3491.000
1041.894	3293.000
1042.036	3487.000
1042.178	3292.000
1042.319	3461.000
1042.461	3281.000
1042.603	3511.000
1042.745	3148.000
1042.886	3520.000
1043.028	3281.000
1043.170	3491.000
1043.311	3333.000
1043.453	3493.000
1043.595	3298.000
1043.737	3478.000
1043.878	3268.000
1044.020	3470.000
1044.162	3296.000
1044.303	3472.000
1044.445	3242.000
1044.587	3492.000
1044.728	3431.000
1044.870	3504.000
1045.012	3305.000
1045.153	3522.000
1045.295	3242.000
1045.437	3475.000
1045.578	3254.000
1045.720	3504.000
1045.861	3251.000
1046.003	3610.000
1046.145	3301.000
1046.286	3546.000
1046.428	3272.000
1046.569	3473.000
1046.711	3307.000
1046.853	3537.000
1046.994	3239.000
1047.136	3511.000
1047.277	3265.000
1047.419	3519.000
1047.561	3335.000
1047.702	3508.000
1047.844	3209.000
1047.985	3517.000
1048.127	3300.000
1048.268	3472.000
1048.410	3304.000
1048.551	3507.000
1048.693	3239.000
1048.834	3480.000
1048.976	3205.000
1049.117	3545.000
1049.259	3335.000
1049.400	3582.000
1049.542	3326.000
1049.683	3491.000
1049.825	3263.000
1049.966	3471.000
1050.108	3346.000
1050.249	3584.000
1050.391	3285.000
1050.532	3550.000
1050.674	3234.000
1050.815	3496.000
1050.957	3311.000
1051.098	3518.000
1051.239	3279.000
1051.381	3486.000
1051.522	3419.000
1051.664	3485.000
1051.805	3296.000
1051.947	3578.000
1052.088	3315.000
1052.229	3521.000
1052.371	3297.000
1052.512	3595.000
1052.654	3321.000
1052.795	3463.000
1052.936	3315.000
1053.078	3545.000
1053.219	3349.000
1053.360	3447.000
1053.502	3226.000
1053.643	3534.000
1053.784	3390.000
1053.926	3564.000
1054.067	3384.000
1054.208	3604.000
1054.350	3358.000
1054.491	3530.000
1054.632	3327.000
1054.774	3519.000
1054.915	3272.000
1055.056	3493.000
1055.198	3385.000
1055.339	3553.000
1055.480	3298.000
1055.622	3563.000
1055.763	3329.000
1055.904	3552.000
1056.045	3265.000
1056.187	3539.000
1056.328	3326.000
1056.469	3485.000
1056.610	3269.000
1056.752	3516.000
1056.893	3418.000
1057.034	3483.000
1057.175	3325.000
1057.316	3527.000
1057.458	3343.000
1057.599	3544.000
1057.740	3316.000
1057.881	3571.000
1058.023	3315.000
1058.164	3508.000
1058.305	3326.000
1058.446	3570.000
1058.587	3349.000
1058.728	3518.000
1058.870	3330.000
1059.011	3498.000
1059.152	3311.000
1059.293	3482.000
1059.434	3295.000
1059.575	3559.000
1059.716	3402.000
1059.858	3483.000
1059.999	3355.000
1060.140	3540.000
1060.281	3310.000
1060.422	3514.000
1060.563	3302.000
1060.704	3509.000
1060.845	3273.000
1060.986	3514.000
1061.128	3331.000
1061.269	3525.000
1061.410	3320.000
1061.551	3503.000
1061.692	3314.000
1061.833	3634.000
1061.974	3525.000
1062.115	3788.000
1062.256	3708.000
1062.397	3926.000
1062.538	3792.000
1062.679	4494.000
1062.820	4844.000
1062.961	4997.000
1063.102	4948.000
1063.243	5961.000
1063.384	6378.000
1063.525	7653.000
1063.666	7768.000
1063.807	10076.000
1063.948	14702.000
1064.089	12646.000
1064.230	11147.000
1064.371	15837.000
1064.512	12997.000
1064.653	13870.000
1064.794	13068.000
1064.935	10509.000
1065.076	10469.000
1065.217	8096.000
1065.358	7059.000
1065.499	6372.000
1065.640	5519.000
1065.781	5024.000
1065.922	4421.000
1066.062	4337.000
1066.203	4097.000
1066.344	4226.000
1066.485	3961.000
1066.626	4240.000
1066.767	3967.000
1066.908	4178.000
1067.049	4034.000
1067.190	4201.000
1067.330	4030.000
1067.471	4234.000
1067.612	4009.000
1067.753	4080.000
1067.894	3863.000
1068.035	3932.000
1068.176	3654.000
1068.316	3671.000
1068.457	3472.000
1068.598	3565.000
1068.739	3411.000
1068.880	3615.000
1069.020	3376.000
1069.161	3557.000
1069.302	3439.000
1069.443	3565.000
1069.584	3385.000
1069.724	3627.000
1069.865	3413.000
1070.006	3600.000
1070.147	3427.000
1070.287	3619.000
1070.428	3417.000
1070.569	3583.000
1070.710	3387.000
1070.850	3605.000
1070.991	3410.000
1071.132	3555.000
1071.273	3471.000
1071.413	3647.000
1071.554	3397.000
1071.695	3574.000
1071.836	3349.000
1071.976	3641.000
1072.117	3409.000
1072.258	3575.000
1072.398	3423.000
1072.539	3664.000
1072.680	3598.000
1072.820	3642.000
1072.961	3427.000
1073.102	3602.000
1073.242	3400.000
1073.383	3666.000
1073.524	3388.000
1073.664	3672.000
1073.805	3404.000
1073.946	3552.000
1074.086	3475.000
1074.227	3584.000
1074.367	3394.000
1074.508	3599.000
1074.649	3427.000
1074.789	3655.000
1074.930	3410.000
1075.070	3590.000
1075.211	3389.000
1075.352	3551.000
1075.492	3395.000
1075.633	3635.000
1075.773	3443.000
1075.914	3605.000
1076.054	3491.000
1076.195	3589.000
1076.335	3398.000
1076.476	3706.000
1076.617	3464.000
1076.757	3643.000
1076.898	3453.000
1077.038	3595.000
1077.179	3467.000
1077.319	3630.000
1077.460	3491.000
1077.600	3601.000
1077.741	3496.000
1077.881	3591.000
1078.022	3512.000
1078.162	3671.000
1078.303	3511.000
1078.443	3688.000
1078.584	3524.000
1078.724	3716.000
1078.864	3507.000
1079.005	3680.000
1079.145	3526.000
1079.286	3690.000
1079.426	3557.000
1079.567	3658.000
1079.707	3515.000
1079.848	3647.000
1079.988	3555.000
1080.128	3698.000
1080.269	3575.000
1080.409	3703.000
1080.550	3546.000
1080.690	3670.000
1080.830	3524.000
1080.971	3686.000
1081.111	3521.000
1081.252	3787.000
1081.392	3567.000
1081.532	3769.000
1081.673	3548.000
1081.813	3741.000
1081.953	3572.000
1082.094	3731.000
1082.234	3553.000
1082.374	3818.000
1082.515	3594.000
1082.655	3838.000
1082.795	3653.000
1082.936	3901.000
1083.076	3620.000
1083.216	3882.000
1083.356	3668.000
1083.497	3840.000
1083.637	3658.000
1083.777	3912.000
1083.918	3697.000
1084.058	3983.000
1084.198	3785.000
1084.338	3987.000
1084.479	3768.000
1084.619	3984.000
1084.759	3822.000
1084.899	4061.000
1085.040	3891.000
1085.180	4105.000
1085.320	3981.000
1085.460	4170.000
1085.601	4014.000
1085.741	4156.000
1085.881	4037.000
1086.021	4280.000
1086.161	4047.000
1086.302	4318.000
1086.442	4093.000
1086.582	4374.000
1086.722	4178.000
1086.862	4439.000
1087.002	4215.000
1087.143	4528.000
1087.283	4393.000
1087.423	4576.000
1087.563	4383.000
1087.703	4604.000
1087.843	4448.000
1087.984	4666.000
1088.124	4565.000
1088.264	4803.000
1088.404	4674.000
1088.544	4830.000
1088.684	4752.000
1088.824	4949.000
1088.964	4842.000
1089.104	5003.000
1089.244	4859.000
1089.385	5092.000
1089.525	4919.000
1089.665	5126.000
1089.805	4973.000
1089.945	5195.000
1090.085	4962.000
1090.225	5281.000
1090.365	5095.000
1090.505	5207.000
1090.645	5139.000
1090.785	5358.000
1090.925	5045.000
1091.065	5284.000
1091.205	5119.000
1091.345	5254.000
1091.485	5027.000
1091.625	5173.000
1091.765	5032.000
1091.905	5147.000
1092.045	5006.000
1092.185	5166.000
1092.325	4989.000
1092.465	5113.000
1092.605	4894.000
1092.745	5146.000
1092.885	4957.000
1093.025	5081.000
1093.165	4981.000
1093.305	5070.000
1093.445	4925.000
1093.585	5101.000
1093.725	4507.000
1093.865	5087.000
1094.005	4944.000
1094.144	5060.000
1094.284	4857.000
1094.424	5133.000
1094.564	4951.000
1094.704	5172.000
1094.844	5049.000
1094.984	5187.000
1095.124	5027.000
1095.264	5130.000
1095.403	4989.000
1095.543	5223.000
1095.683	5030.000
1095.823	5144.000
1095.963	4878.000
1096.103	5152.000
1096.243	4890.000
1096.382	5084.000
1096.522	4925.000
1096.662	5039.000
1096.802	4887.000
1096.942	5069.000
1097.081	4806.000
1097.221	5035.000
1097.361	4780.000
1097.501	5077.000
1097.641	4801.000
1097.780	4905.000
1097.920	4763.000
1098.060	4858.000
1098.200	4700.000
1098.339	4794.000
1098.479	4612.000
1098.619	4771.000
1098.759	4632.000
1098.899	4823.000
1099.038	4602.000
1099.178	4786.000
1099.318	4535.000
1099.457	4662.000
1099.597	4501.000
1099.737	4678.000
1099.877	4400.000
1100.016	4652.000
1100.156	4411.000
1100.296	4630.000
1100.435	4384.000
1100.575	4591.000
1100.715	4458.000
1100.854	4575.000
1100.994	4374.000
1101.134	4656.000
1101.273	4292.000
1101.413	4512.000
1101.553	4349.000
1101.692	4546.000
1101.832	4312.000
1101.972	4579.000
1102.111	5610.000
1102.251	4521.000
1102.390	4304.000
1102.530	4472.000
1102.670	4272.000
1102.809	4430.000
1102.949	4195.000
1103.088	4380.000
1103.228	4335.000
1103.368	4494.000
1103.507	4276.000
1103.647	4347.000
1103.786	4195.000
1103.926	4404.000
1104.066	4281.000
1104.205	4463.000
1104.345	4220.000
1104.484	4362.000
1104.624	4175.000
1104.763	4402.000
1104.903	4212.000
1105.042	4417.000
1105.182	4195.000
1105.321	4385.000
1105.461	4221.000
1105.600	4366.000
1105.740	4138.000
1105.879	4349.000
1106.019	4139.000
1106.158	4422.000
1106.298	4165.000
1106.437	4379.000
1106.577	4157.000
1106.716	4434.000
1106.856	4205.000
1106.995	4455.000
1107.135	4200.000
1107.274	4417.000
1107.413	4119.000
1107.553	4428.000
1107.692	4168.000
1107.832	4423.000
1107.971	4202.000
1108.111	4460.000
1108.250	4276.000
1108.389	4421.000
1108.529	4216.000
1108.668	4503.000
1108.808	4199.000
1108.947	4480.000
1109.086	4324.000
1109.226	4424.000
1109.365	4280.000
1109.504	4517.000
1109.644	4284.000
1109.783	4470.000
1109.922	4325.000
1110.062	4501.000
1110.201	4363.000
1110.340	4515.000
1110.480	4380.000
1110.619	4567.000
1110.758	4413.000
1110.898	4663.000
1111.037	4386.000
1111.176	4650.000
1111.316	4380.000
1111.455	4645.000
1111.594	4539.000
1111.734	4729.000
1111.873	4509.000
1112.012	4734.000
1112.151	4608.000
1112.291	4815.000
1112.430	4627.000
1112.569	4928.000
1112.708	4716.000
1112.848	4923.000
1112.987	4718.000
1113.126	4919.000
1113.265	4767.000
1113.405	4988.000
1113.544	4820.000
1113.683	4921.000
1113.822	4927.000
1113.961	5138.000
1114.101	5017.000
1114.240	5144.000
1114.379	5001.000
1114.518	5138.000
1114.657	5141.000
1114.797	5362.000
