1249.954	4419.000
1250.101	4443.000
1250.248	4399.000
1250.395	4564.000
1250.542	4375.000
1250.689	4556.000
1250.836	4378.000
1250.983	4510.000
1251.130	4429.000
1251.278	4503.000
1251.425	4366.000
1251.572	4570.000
1251.719	4434.000
1251.866	4484.000
1252.013	4378.000
1252.160	4566.000
1252.307	4346.000
1252.454	4549.000
1252.601	4329.000
1252.748	4557.000
1252.895	4344.000
1253.042	4456.000
1253.188	4520.000
1253.335	4522.000
1253.482	4469.000
1253.629	4499.000
1253.776	4417.000
1253.923	4507.000
1254.070	4407.000
1254.217	4490.000
1254.364	4434.000
1254.510	4559.000
1254.657	4459.000
1254.804	4521.000
1254.951	4363.000
1255.098	4519.000
1255.244	4470.000
1255.391	4494.000
1255.538	4463.000
1255.685	4556.000
1255.831	4413.000
1255.978	4586.000
1256.125	4391.000
1256.271	4560.000
1256.418	4373.000
1256.565	4555.000
1256.711	4431.000
1256.858	4493.000
1257.005	4402.000
1257.151	4547.000
1257.298	4387.000
1257.445	4505.000
1257.591	4443.000
1257.738	4523.000
1257.884	4368.000
1258.031	4544.000
1258.177	4372.000
1258.324	4529.000
1258.470	4377.000
1258.617	4463.000
1258.763	4464.000
1258.910	4491.000
1259.056	4391.000
1259.203	4467.000
1259.349	4359.000
1259.496	4551.000
1259.642	4402.000
1259.789	4480.000
1259.935	4370.000
1260.082	4495.000
1260.228	4395.000
1260.374	4505.000
1260.521	4419.000
1260.667	4515.000
1260.813	4324.000
1260.960	4493.000
1261.106	4356.000
1261.252	4444.000
1261.399	4389.000
1261.545	4526.000
1261.691	4364.000
1261.837	4483.000
1261.984	4391.000
1262.130	4511.000
1262.276	4364.000
1262.422	4470.000
1262.569	4355.000
1262.715	4489.000
1262.861	4387.000
1263.007	4456.000
1263.153	4349.000
1263.300	4514.000
1263.446	4393.000
1263.592	4490.000
1263.738	4390.000
1263.884	4470.000
1264.030	4327.000
1264.176	4478.000
1264.322	4348.000
1264.468	4494.000
1264.614	4327.000
1264.761	4428.000
1264.907	4303.000
1265.053	4380.000
1265.199	4339.000
1265.345	4502.000
1265.491	4316.000
1265.637	4467.000
1265.783	4327.000
1265.928	4421.000
1266.074	4333.000
1266.220	4439.000
1266.366	4184.000
1266.512	4471.000
1266.658	4313.000
1266.804	4411.000
1266.950	4331.000
1267.096	4474.000
1267.242	4363.000
1267.387	4439.000
1267.533	4316.000
1267.679	4400.000
1267.825	4303.000
1267.971	4495.000
1268.117	4286.000
1268.262	4467.000
1268.408	4256.000
1268.554	4359.000
1268.700	4396.000
1268.845	4437.000
1268.991	4312.000
1269.137	4433.000
1269.282	4334.000
1269.428	4381.000
1269.574	4312.000
1269.719	4409.000
1269.865	4350.000
1270.011	4458.000
1270.156	4292.000
1270.302	4455.000
1270.448	4350.000
1270.593	4440.000
1270.739	4289.000
1270.884	4365.000
1271.030	4314.000
1271.176	4468.000
1271.321	4359.000
1271.467	4414.000
1271.612	4283.000
1271.758	4449.000
1271.903	4325.000
1272.049	4426.000
1272.194	4314.000
1272.340	4423.000
1272.485	4295.000
1272.630	4488.000
1272.776	4335.000
1272.921	4474.000
1273.067	4305.000
1273.212	4438.000
1273.358	4342.000
1273.503	4382.000
1273.648	4331.000
1273.794	4424.000
1273.939	4269.000
1274.084	4412.000
1274.230	4348.000
1274.375	4434.000
1274.520	4343.000
1274.666	4490.000
1274.811	4259.000
1274.956	4429.000
1275.101	4310.000
1275.247	4374.000
1275.392	4353.000
1275.537	4437.000
1275.682	4270.000
1275.827	4452.000
1275.973	4238.000
1276.118	4396.000
1276.263	4318.000
1276.408	4453.000
1276.553	4326.000
1276.698	4488.000
1276.844	4230.000
1276.989	4350.000
1277.134	4297.000
1277.279	4402.000
1277.424	4350.000
1277.569	4470.000
1277.714	4309.000
1277.859	4394.000
1278.004	4277.000
1278.149	4416.000
1278.294	4357.000
1278.439	4518.000
1278.584	4295.000
1278.729	4420.000
1278.874	4209.000
1279.019	4497.000
1279.164	4412.000
1279.309	4407.000
1279.454	4355.000
1279.599	4422.000
1279.744	4294.000
1279.888	4443.000
1280.033	4322.000
1280.178	4494.000
1280.323	4294.000
1280.468	4444.000
1280.613	4308.000
1280.758	4448.000
1280.902	4277.000
1281.047	4513.000
1281.192	4317.000
1281.337	4455.000
1281.481	4290.000
1281.626	4412.000
1281.771	4271.000
1281.916	4426.000
1282.060	4333.000
1282.205	4491.000
1282.350	4325.000
1282.495	4485.000
1282.639	4213.000
1282.784	4454.000
1282.929	4295.000
1283.073	4453.000
1283.218	4315.000
1283.362	4491.000
1283.507	4350.000
1283.652	4451.000
1283.796	4315.000
1283.941	4479.000
1284.085	4292.000
1284.230	4430.000
1284.374	4335.000
1284.519	4489.000
1284.663	4324.000
1284.808	4409.000
1284.952	4321.000
1285.097	4459.000
1285.241	4331.000
1285.386	4477.000
1285.530	4282.000
1285.675	4500.000
1285.819	4336.000
1285.964	4475.000
1286.108	4393.000
1286.252	4514.000
1286.397	4377.000
1286.541	4428.000
1286.686	4311.000
1286.830	4439.000
1286.974	4283.000
1287.119	4504.000
1287.263	4440.000
1287.407	4516.000
1287.552	4316.000
1287.696	4540.000
1287.840	4450.000
1287.984	4437.000
1288.129	4323.000
1288.273	4508.000
1288.417	4360.000
1288.561	4489.000
1288.705	4337.000
1288.850	4507.000
1288.994	4333.000
1289.138	4445.000
1289.282	4332.000
1289.426	4473.000
1289.570	4338.000
1289.715	4469.000
1289.859	4340.000
1290.003	4492.000
1290.147	4330.000
1290.291	4565.000
1290.435	4357.000
1290.579	4427.000
1290.723	4360.000
1290.867	4493.000
1291.011	4279.000
1291.155	4465.000
1291.299	4405.000
1291.443	4456.000
1291.587	4295.000
1291.731	4407.000
1291.875	4294.000
1292.019	4409.000
1292.163	4315.000
1292.307	4458.000
1292.451	4316.000
1292.595	4455.000
1292.739	4314.000
1292.883	4432.000
1293.027	4148.000
1293.170	4464.000
1293.314	4284.000
1293.458	4417.000
1293.602	4289.000
1293.746	4431.000
1293.890	4255.000
1294.033	4387.000
1294.177	4334.000
1294.321	4331.000
1294.465	4189.000
1294.608	4403.000
1294.752	4260.000
1294.896	4385.000
1295.040	4196.000
1295.183	4452.000
1295.327	4327.000
1295.471	4408.000
1295.614	4200.000
1295.758	4399.000
1295.902	4276.000
1296.045	4392.000
1296.189	4172.000
1296.332	4411.000
1296.476	4247.000
1296.620	4282.000
1296.763	4237.000
1296.907	4344.000
1297.050	4207.000
1297.194	4450.000
1297.337	4191.000
1297.481	4241.000
1297.625	4191.000
1297.768	4365.000
1297.912	4253.000
1298.055	4276.000
1298.198	4118.000
1298.342	4364.000
1298.485	4179.000
1298.629	4333.000
1298.772	4145.000
1298.916	4359.000
1299.059	4196.000
1299.202	4341.000
1299.346	4237.000
1299.489	4339.000
1299.633	4193.000
1299.776	4359.000
1299.919	4155.000
1300.063	4269.000
1300.206	4214.000
1300.349	4301.000
1300.492	4084.000
1300.636	4343.000
1300.779	4087.000
1300.922	4257.000
1301.066	4160.000
1301.209	4338.000
1301.352	4128.000
1301.495	4300.000
1301.638	4154.000
1301.782	4215.000
1301.925	4107.000
1302.068	4285.000
1302.211	4223.000
1302.354	4220.000
1302.497	4134.000
1302.641	4236.000
1302.784	4164.000
1302.927	4295.000
1303.070	4078.000
1303.213	4216.000
1303.356	4104.000
1303.499	4259.000
1303.642	4133.000
1303.785	4287.000
1303.928	4082.000
1304.071	4314.000
1304.214	4069.000
1304.357	4310.000
1304.500	4101.000
1304.643	4324.000
1304.786	4132.000
1304.929	4355.000
1305.072	4069.000
1305.215	4375.000
1305.358	4112.000
1305.501	4251.000
1305.644	4151.000
1305.786	4321.000
1305.929	4144.000
1306.072	4240.000
1306.215	4135.000
1306.358	4300.000
1306.501	4098.000
1306.644	4266.000
1306.786	4140.000
1306.929	4301.000
1307.072	4215.000
1307.215	4304.000
1307.357	4203.000
1307.500	4305.000
1307.643	4112.000
1307.786	4362.000
1307.928	4062.000
1308.071	4344.000
1308.214	4187.000
1308.356	4296.000
1308.499	4218.000
1308.642	4248.000
1308.784	4067.000
1308.927	4277.000
1309.070	4179.000
1309.212	4392.000
1309.355	4160.000
1309.497	4311.000
1309.640	4113.000
1309.783	4337.000
1309.925	4181.000
1310.068	4290.000
1310.210	4115.000
1310.353	4372.000
1310.495	4224.000
1310.638	4319.000
1310.780	4146.000
1310.923	4316.000
1311.065	4156.000
1311.208	4371.000
1311.350	4230.000
1311.493	4259.000
1311.635	4074.000
1311.777	4311.000
1311.920	4161.000
1312.062	4417.000
1312.205	4155.000
1312.347	4373.000
1312.489	4172.000
1312.632	4313.000
1312.774	4187.000
1312.916	4350.000
1313.059	4191.000
1313.201	4347.000
1313.343	4191.000
1313.485	4359.000
1313.628	4197.000
1313.770	4409.000
1313.912	4235.000
1314.054	4379.000
1314.197	4185.000
1314.339	4299.000
1314.481	4152.000
1314.623	4380.000
1314.765	4139.000
1314.908	4297.000
1315.050	4145.000
1315.192	4287.000
1315.334	4159.000
1315.476	4300.000
1315.618	4203.000
1315.760	4341.000
1315.902	4160.000
1316.045	4355.000
1316.187	4232.000
1316.329	4307.000
1316.471	4161.000
1316.613	4373.000
1316.755	4213.000
1316.897	4325.000
1317.039	4145.000
1317.181	4392.000
1317.323	4154.000
1317.465	4287.000
1317.607	4151.000
1317.749	4324.000
1317.890	4150.000
1318.032	4332.000
1318.174	4126.000
1318.316	4304.000
1318.458	4107.000
1318.600	4259.000
1318.742	4213.000
1318.884	4281.000
1319.026	4084.000
1319.167	4286.000
1319.309	4029.000
1319.451	4312.000
1319.593	4162.000
1319.735	4215.000
1319.876	4100.000
1320.018	4189.000
1320.160	4140.000
1320.302	4268.000
1320.443	4108.000
1320.585	4264.000
1320.727	4051.000
1320.868	4247.000
1321.010	4076.000
1321.152	4266.000
1321.294	4051.000
1321.435	4237.000
1321.577	4097.000
1321.718	4239.000
1321.860	4049.000
1322.002	4100.000
1322.143	3979.000
1322.285	4204.000
1322.426	3957.000
1322.568	4160.000
1322.710	3985.000
1322.851	4133.000
1322.993	3968.000
1323.134	4132.000
1323.276	3951.000
1323.417	4179.000
1323.559	3819.000
1323.700	4170.000
1323.842	3937.000
1323.983	4100.000
1324.124	3943.000
1324.266	4137.000
1324.407	3908.000
1324.549	4050.000
1324.690	3882.000
1324.832	4047.000
1324.973	3921.000
1325.114	4064.000
1325.256	3815.000
1325.397	4032.000
1325.538	4001.000
1325.680	4043.000
1325.821	3864.000
1325.962	4038.000
1326.103	3823.000
1326.245	4003.000
1326.386	3797.000
1326.527	4039.000
1326.669	3783.000
1326.810	4091.000
1326.951	3816.000
1327.092	4034.000
1327.233	3818.000
1327.375	3990.000
1327.516	3812.000
1327.657	4007.000
1327.798	3715.000
1327.939	3907.000
1328.080	3764.000
1328.221	3951.000
1328.363	3819.000
1328.504	3940.000
1328.645	3671.000
1328.786	3922.000
1328.927	3747.000
1329.068	3890.000
1329.209	3721.000
1329.350	3907.000
1329.491	3648.000
1329.632	3893.000
1329.773	3671.000
1329.914	3910.000
1330.055	3708.000
1330.196	3962.000
1330.337	3715.000
1330.478	3834.000
1330.619	3654.000
1330.760	3858.000
1330.901	3705.000
1331.041	3959.000
1331.182	3661.000
1331.323	3895.000
1331.464	3595.000
1331.605	3835.000
1331.746	3672.000
1331.887	3849.000
1332.027	3665.000
1332.168	3818.000
1332.309	3748.000
1332.450	3777.000
1332.591	3646.000
1332.731	3874.000
1332.872	3605.000
1333.013	3826.000
1333.154	3601.000
1333.294	3903.000
1333.435	3670.000
1333.576	3737.000
1333.716	3606.000
1333.857	3796.000
1333.998	3606.000
1334.138	3746.000
1334.279	3532.000
1334.420	3791.000
1334.560	3638.000
1334.701	3803.000
1334.841	3634.000
1334.982	3833.000
1335.123	3600.000
1335.263	3791.000
1335.404	3583.000
1335.544	3765.000
1335.685	3508.000
1335.825	3754.000
1335.966	3638.000
1336.106	3791.000
1336.247	3545.000
1336.387	3791.000
1336.528	3570.000
1336.668	3782.000
1336.809	3492.000
1336.949	3746.000
1337.089	3555.000
1337.230	3687.000
1337.370	3533.000
1337.511	3724.000
1337.651	3635.000
1337.791	3724.000
1337.932	3531.000
1338.072	3730.000
1338.212	3573.000
1338.353	3748.000
1338.493	3530.000
1338.633	3768.000
1338.773	3562.000
1338.914	3712.000
1339.054	3521.000
1339.194	3756.000
1339.335	3519.000
1339.475	3703.000
1339.615	3525.000
1339.755	3703.000
1339.895	3507.000
1340.036	3687.000
1340.176	3493.000
1340.316	3756.000
1340.456	3572.000
1340.596	3683.000
1340.736	3523.000
1340.876	3726.000
1341.016	3533.000
1341.157	3691.000
1341.297	3485.000
1341.437	3679.000
1341.577	3493.000
1341.717	3704.000
1341.857	3506.000
1341.997	3698.000
1342.137	3485.000
1342.277	3664.000
1342.417	3471.000
1342.557	3707.000
1342.697	3505.000
1342.837	3666.000
1342.977	3510.000
1343.117	3695.000
1343.257	3459.000
1343.397	3673.000
1343.536	3550.000
1343.676	3750.000
1343.816	3493.000
1343.956	3635.000
1344.096	3516.000
1344.236	3636.000
1344.376	3460.000
1344.515	3698.000
1344.655	3474.000
1344.795	3653.000
1344.935	3448.000
1345.075	3639.000
1345.214	3436.000
1345.354	3696.000
1345.494	3494.000
1345.634	3708.000
1345.773	3433.000
1345.913	3711.000
1346.053	3462.000
1346.192	3679.000
1346.332	3460.000
1346.472	3708.000
1346.611	3428.000
1346.751	3643.000
1346.891	3442.000
1347.030	3617.000
1347.170	3441.000
1347.310	3711.000
1347.449	3460.000
1347.589	3605.000
1347.728	3469.000
1347.868	3629.000
1348.007	3469.000
1348.147	3666.000
1348.286	3486.000
1348.426	3613.000
1348.565	3437.000
1348.705	3637.000
1348.844	3478.000
1348.984	3608.000
1349.123	3465.000
1349.263	3622.000
1349.402	3487.000
1349.542	3722.000
1349.681	3455.000
1349.821	3606.000
1349.960	3495.000
1350.099	3666.000
1350.239	3455.000
1350.378	3680.000
1350.517	3472.000
1350.657	3670.000
1350.796	3483.000
1350.935	3685.000
1351.075	3475.000
1351.214	3627.000
1351.353	3433.000
1351.492	3651.000
1351.632	3478.000
1351.771	3585.000
1351.910	3479.000
1352.049	3654.000
1352.189	3437.000
1352.328	3568.000
1352.467	3397.000
1352.606	3686.000
1352.745	3412.000
1352.885	3610.000
1353.024	3474.000
1353.163	3683.000
1353.302	3628.000
1353.441	3620.000
1353.580	3422.000
1353.719	3587.000
1353.858	3372.000
1353.997	3663.000
1354.136	3413.000
1354.275	3674.000
1354.414	3369.000
1354.554	3553.000
1354.693	3441.000
1354.832	3591.000
1354.970	3386.000
1355.109	3593.000
1355.248	3408.000
1355.387	3631.000
1355.526	3395.000
1355.665	3577.000
1355.804	3381.000
1355.943	3508.000
1356.082	3369.000
1356.221	3585.000
1356.360	3405.000
1356.499	3544.000
1356.637	3475.000
1356.776	3569.000
1356.915	3371.000
1357.054	3661.000
1357.193	3353.000
1357.332	3590.000
1357.470	3396.000
1357.609	3504.000
1357.748	3399.000
1357.887	3518.000
1358.025	3415.000
1358.164	3486.000
1358.303	3395.000
1358.442	3490.000
1358.580	3405.000
1358.719	3533.000
1358.858	3389.000
1358.996	3571.000
1359.135	3403.000
1359.274	3587.000
1359.412	3376.000
1359.551	3518.000
1359.689	3409.000
1359.828	3551.000
1359.967	3389.000
1360.105	3546.000
1360.244	3388.000
1360.382	3492.000
1360.521	3389.000
1360.659	3556.000
1360.798	3411.000
1360.936	3510.000
1361.075	3362.000
1361.213	3490.000
1361.352	3357.000
1361.490	3501.000
1361.629	3369.000
1361.767	3597.000
1361.906	3351.000
1362.044	3550.000
1362.183	3339.000
1362.321	3500.000
1362.459	3342.000
1362.598	3499.000
1362.736	3280.000
1362.874	3559.000
1363.013	3321.000
1363.151	3562.000
1363.289	3399.000
1363.428	3615.000
1363.566	3339.000
1363.704	3583.000
1363.843	3366.000
1363.981	3512.000
1364.119	3360.000
1364.257	3587.000
1364.396	3328.000
1364.534	3588.000
1364.672	3351.000
1364.810	3571.000
1364.948	3311.000
1365.087	3519.000
1365.225	3359.000
1365.363	3554.000
1365.501	3352.000
1365.639	3563.000
1365.777	3426.000
1365.915	3605.000
1366.053	3405.000
1366.192	3538.000
1366.330	3402.000
1366.468	3617.000
1366.606	3391.000
1366.744	3581.000
1366.882	3344.000
1367.020	3608.000
1367.158	3345.000
1367.296	3588.000
1367.434	3303.000
1367.572	3617.000
1367.710	3453.000
1367.848	3596.000
1367.986	3342.000
1368.124	3544.000
1368.261	3367.000
1368.399	3539.000
1368.537	3392.000
1368.675	3572.000
1368.813	3403.000
1368.951	3536.000
1369.089	3413.000
1369.227	3583.000
1369.364	3422.000
1369.502	3576.000
1369.640	3390.000
1369.778	3636.000
1369.916	3373.000
1370.053	3550.000
1370.191	3348.000
1370.329	3568.000
1370.467	3307.000
1370.604	3624.000
1370.742	3444.000
1370.880	3525.000
1371.017	3417.000
1371.155	3651.000
1371.293	3362.000
1371.430	3600.000
1371.568	3408.000
1371.706	3565.000
1371.843	3366.000
1371.981	3521.000
1372.119	3395.000
1372.256	3526.000
1372.394	3359.000
1372.531	3562.000
1372.669	3388.000
1372.806	3547.000
1372.944	3380.000
1373.082	3634.000
1373.219	3435.000
1373.357	3573.000
1373.494	3474.000
1373.632	3584.000
1373.769	3428.000
1373.906	3572.000
1374.044	2971.000
1374.181	3550.000
1374.319	3402.000
1374.456	3507.000
1374.594	3282.000
1374.731	3551.000
1374.868	3339.000
1375.006	3585.000
1375.143	3439.000
1375.280	3558.000
1375.418	3411.000
1375.555	3533.000
1375.692	3404.000
1375.830	3590.000
1375.967	3417.000
1376.104	3551.000
1376.242	3311.000
1376.379	3573.000
1376.516	3356.000
1376.653	3509.000
1376.791	3370.000
1376.928	3513.000
1377.065	3342.000
1377.202	3566.000
1377.339	3350.000
1377.477	3587.000
1377.614	3298.000
1377.751	3628.000
1377.888	3382.000
1378.025	3504.000
1378.162	3390.000
1378.299	3480.000
1378.436	3336.000
1378.574	3460.000
1378.711	3285.000
1378.848	3463.000
1378.985	3299.000
1379.122	3591.000
1379.259	3337.000
1379.396	3529.000
1379.533	3314.000
1379.670	3473.000
1379.807	3281.000
1379.944	3471.000
1380.081	3208.000
1380.218	3455.000
1380.355	3210.000
1380.491	3435.000
1380.628	3248.000
1380.765	3456.000
1380.902	3364.000
1381.039	3480.000
1381.176	3267.000
1381.313	3558.000
1381.450	3244.000
1381.586	3474.000
1381.723	3330.000
1381.860	3533.000
1381.997	3262.000
1382.134	3578.000
1382.271	4600.000
1382.407	3515.000
1382.544	3334.000
1382.681	3471.000
1382.818	3357.000
1382.954	3481.000
1383.091	3217.000
1383.228	3449.000
1383.364	3372.000
1383.501	3557.000
1383.638	3357.000
1383.774	3474.000
1383.911	3313.000
1384.048	3483.000
1384.184	3394.000
1384.321	3572.000
1384.457	3319.000
1384.594	3513.000
1384.731	3285.000
1384.867	3537.000
1385.004	3337.000
1385.140	3543.000
1385.277	3330.000
1385.413	3514.000
1385.550	3343.000
1385.686	3476.000
1385.823	3270.000
1385.959	3480.000
1386.096	3266.000
1386.232	3582.000
1386.369	3293.000
1386.505	3500.000
1386.642	3310.000
1386.778	3558.000
1386.914	3329.000
1387.051	3571.000
1387.187	3330.000
1387.324	3532.000
1387.460	3211.000
1387.596	3529.000
1387.733	3280.000
1387.869	3525.000
1388.005	3270.000
1388.142	3557.000
1388.278	3324.000
1388.414	3495.000
1388.550	3321.000
1388.687	3576.000
1388.823	3237.000
1388.959	3532.000
1389.095	3358.000
1389.232	3470.000
1389.368	3288.000
1389.504	3538.000
1389.640	3322.000
1389.776	3478.000
1389.912	3307.000
1390.049	3479.000
1390.185	3307.000
1390.321	3486.000
1390.457	3345.000
1390.593	3528.000
1390.729	3354.000
1390.865	3585.000
1391.001	3255.000
1391.137	3541.000
1391.273	3274.000
1391.409	3483.000
1391.545	3394.000
1391.681	3554.000
1391.817	3307.000
1391.953	3496.000
1392.089	3338.000
1392.225	3576.000
1392.361	3344.000
1392.497	3564.000
1392.633	3361.000
1392.769	3572.000
1392.905	3332.000
1393.041	3487.000
1393.177	3348.000
1393.313	3547.000
1393.449	3355.000
1393.584	3411.000
1393.720	3409.000
1393.856	3568.000
1393.992	3406.000
1394.128	3491.000
1394.264	3303.000
1394.399	3470.000
1394.535	3377.000
1394.671	3574.000
