829.593	3371.000
829.736	3496.000
829.879	3363.000
830.022	3610.000
830.166	3378.000
830.309	3607.000
830.452	3353.000
830.595	3576.000
830.738	3347.000
830.881	3551.000
831.024	3323.000
831.167	3602.000
831.310	3357.000
831.453	3506.000
831.597	3339.000
831.740	3598.000
831.883	3291.000
832.026	3615.000
832.169	3310.000
832.312	3604.000
832.455	3294.000
832.598	3516.000
832.741	3460.000
832.884	3574.000
833.027	3392.000
833.170	3562.000
833.314	3386.000
833.457	3532.000
833.600	3352.000
833.743	3498.000
833.886	3357.000
834.029	3596.000
834.172	3404.000
834.315	3552.000
834.458	3320.000
834.601	3570.000
834.744	3437.000
834.887	3525.000
835.030	3415.000
835.173	3579.000
835.316	3372.000
835.459	3588.000
835.602	3355.000
835.745	3609.000
835.889	3321.000
836.032	3559.000
836.175	3409.000
836.318	3519.000
836.461	3365.000
836.604	3559.000
836.747	3322.000
836.890	3517.000
837.033	3371.000
837.176	3594.000
837.319	3323.000
837.462	3571.000
837.605	3316.000
837.748	3566.000
837.891	3303.000
838.034	3519.000
838.177	3385.000
838.320	3504.000
838.463	3332.000
838.606	3467.000
838.749	3269.000
838.892	3586.000
839.035	3384.000
839.178	3524.000
839.321	3321.000
839.464	3547.000
839.607	3334.000
839.750	3517.000
839.893	3340.000
840.036	3554.000
840.179	3260.000
840.322	3503.000
840.465	3290.000
840.608	3485.000
840.751	3347.000
840.894	3570.000
841.037	3276.000
841.180	3503.000
841.323	3329.000
841.465	3506.000
841.608	3291.000
841.751	3484.000
841.894	3288.000
842.037	3477.000
842.180	3359.000
842.323	3486.000
842.466	3294.000
842.609	3532.000
842.752	3334.000
842.895	3496.000
843.038	3352.000
843.181	3479.000
843.324	3264.000
843.467	3489.000
843.610	3296.000
843.753	3521.000
843.896	3286.000
844.039	3434.000
844.181	3248.000
844.324	3420.000
844.467	3271.000
844.610	3530.000
844.753	3263.000
844.896	3451.000
845.039	3305.000
845.182	3446.000
845.325	3310.000
845.468	3484.000
845.611	3174.000
845.753	3490.000
845.896	3269.000
846.039	3447.000
846.182	3308.000
846.325	3515.000
846.468	3294.000
846.611	3463.000
846.754	3272.000
846.897	3431.000
847.040	3280.000
847.182	3513.000
847.325	3256.000
847.468	3462.000
847.611	3239.000
847.754	3393.000
847.897	3355.000
848.040	3486.000
848.183	3295.000
848.325	3460.000
848.468	3265.000
848.611	3389.000
848.754	3269.000
848.897	3454.000
849.040	3318.000
849.183	3499.000
849.326	3242.000
849.468	3479.000
849.611	3300.000
849.754	3503.000
849.897	3283.000
850.040	3426.000
850.183	3287.000
850.325	3490.000
850.468	3311.000
850.611	3454.000
850.754	3267.000
850.897	3481.000
851.040	3277.000
851.183	3465.000
851.325	3250.000
851.468	3441.000
851.611	3247.000
851.754	3517.000
851.897	3302.000
852.039	3514.000
852.182	3270.000
852.325	3487.000
852.468	3327.000
852.611	3441.000
852.754	3278.000
852.896	3476.000
853.039	3237.000
853.182	3473.000
853.325	3297.000
853.468	3458.000
853.610	3278.000
853.753	3500.000
853.896	3207.000
854.039	3483.000
854.182	3260.000
854.324	3403.000
854.467	3314.000
854.610	3473.000
854.753	3222.000
854.895	3475.000
855.038	3205.000
855.181	3405.000
855.324	3270.000
855.467	3478.000
855.609	3296.000
855.752	3489.000
855.895	3170.000
856.038	3360.000
856.180	3274.000
856.323	3431.000
856.466	3286.000
856.609	3504.000
856.752	3247.000
856.894	3429.000
857.037	3229.000
857.180	3489.000
857.323	3249.000
857.465	3527.000
857.608	3222.000
857.751	3414.000
857.894	3173.000
858.036	3516.000
858.179	3369.000
858.322	3401.000
858.464	3301.000
858.607	3417.000
858.750	3215.000
858.893	3441.000
859.035	3250.000
859.178	3505.000
859.321	3199.000
859.464	3464.000
859.606	3253.000
859.749	3445.000
859.892	3227.000
860.034	3527.000
860.177	3251.000
860.320	3420.000
860.463	3218.000
860.605	3426.000
860.748	3182.000
860.891	3428.000
861.033	3277.000
861.176	3450.000
861.319	3246.000
861.461	3460.000
861.604	3141.000
861.747	3452.000
861.890	3202.000
862.032	3445.000
862.175	3223.000
862.318	3486.000
862.460	3250.000
862.603	3421.000
862.746	3234.000
862.888	3482.000
863.031	3218.000
863.174	3455.000
863.316	3265.000
863.459	3484.000
863.602	3184.000
863.744	3378.000
863.887	3244.000
864.030	3432.000
864.172	3248.000
864.315	3432.000
864.458	3195.000
864.600	3454.000
864.743	3241.000
864.886	3456.000
865.028	3320.000
865.171	3507.000
865.314	3269.000
865.456	3419.000
865.599	3227.000
865.741	3415.000
865.884	3201.000
866.027	3486.000
866.169	3335.000
866.312	3516.000
866.455	3210.000
866.597	3520.000
866.740	3353.000
866.882	3438.000
867.025	3246.000
867.168	3476.000
867.310	3261.000
867.453	3457.000
867.596	3242.000
867.738	3488.000
867.881	3231.000
868.023	3429.000
868.166	3264.000
868.309	3438.000
868.451	3270.000
868.594	3441.000
868.736	3286.000
868.879	3483.000
869.022	3268.000
869.164	3538.000
869.307	3278.000
869.449	3453.000
869.592	3263.000
869.735	3508.000
869.877	3203.000
870.020	3471.000
870.162	3344.000
870.305	3510.000
870.447	3277.000
870.590	3422.000
870.733	3246.000
870.875	3439.000
871.018	3254.000
871.160	3435.000
871.303	3294.000
871.445	3473.000
871.588	3247.000
871.731	3470.000
871.873	3100.000
872.016	3519.000
872.158	3263.000
872.301	3429.000
872.443	3232.000
872.586	3490.000
872.728	3248.000
872.871	3454.000
873.013	3340.000
873.156	3359.000
873.299	3183.000
873.441	3453.000
873.584	3264.000
873.726	3461.000
873.869	3205.000
874.011	3500.000
874.154	3326.000
874.296	3470.000
874.439	3255.000
874.581	3480.000
874.724	3311.000
874.866	3476.000
875.009	3231.000
875.151	3518.000
875.294	3255.000
875.436	3398.000
875.579	3279.000
875.721	3461.000
875.864	3270.000
876.006	3536.000
876.149	3243.000
876.291	3350.000
876.434	3259.000
876.576	3497.000
876.719	3306.000
876.861	3404.000
877.004	3198.000
877.146	3497.000
877.289	3254.000
877.431	3461.000
877.574	3270.000
877.716	3504.000
877.859	3305.000
878.001	3456.000
878.144	3329.000
878.286	3507.000
878.429	3262.000
878.571	3514.000
878.714	3257.000
878.856	3422.000
878.998	3314.000
879.141	3459.000
879.283	3226.000
879.426	3482.000
879.568	3195.000
879.711	3408.000
879.853	3270.000
879.996	3514.000
880.138	3277.000
880.281	3457.000
880.423	3257.000
880.565	3384.000
880.708	3227.000
880.850	3441.000
880.993	3341.000
881.135	3424.000
881.278	3244.000
881.420	3419.000
881.562	3273.000
881.705	3471.000
881.847	3232.000
881.990	3388.000
882.132	3260.000
882.275	3443.000
882.417	3270.000
882.559	3445.000
882.702	3193.000
882.844	3501.000
882.987	3166.000
883.129	3464.000
883.271	3221.000
883.414	3490.000
883.556	3251.000
883.699	3543.000
883.841	3190.000
883.983	3553.000
884.126	3251.000
884.268	3453.000
884.411	3267.000
884.553	3461.000
884.695	3250.000
884.838	3412.000
884.980	3257.000
885.122	3467.000
885.265	3217.000
885.407	3464.000
885.550	3254.000
885.692	3459.000
885.834	3341.000
885.977	3499.000
886.119	3313.000
886.261	3446.000
886.404	3202.000
886.546	3519.000
886.689	3151.000
886.831	3466.000
886.973	3310.000
887.116	3447.000
887.258	3314.000
887.400	3421.000
887.543	3174.000
887.685	3410.000
887.827	3308.000
887.970	3514.000
888.112	3261.000
888.254	3426.000
888.397	3192.000
888.539	3482.000
888.681	3291.000
888.824	3444.000
888.966	3191.000
889.108	3530.000
889.251	3293.000
889.393	3451.000
889.535	3247.000
889.678	3470.000
889.820	3216.000
889.962	3485.000
890.105	3302.000
890.247	3396.000
890.389	3163.000
890.531	3453.000
890.674	3237.000
890.816	3544.000
890.958	3230.000
891.101	3494.000
891.243	3262.000
891.385	3448.000
891.528	3275.000
891.670	3499.000
891.812	3271.000
891.954	3466.000
892.097	3296.000
892.239	3442.000
892.381	3294.000
892.524	3516.000
892.666	3297.000
892.808	3491.000
892.950	3266.000
893.093	3423.000
893.235	3225.000
893.377	3491.000
893.519	3199.000
893.662	3419.000
893.804	3235.000
893.946	3411.000
894.088	3239.000
894.231	3425.000
894.373	3291.000
894.515	3457.000
894.657	3244.000
894.800	3480.000
894.942	3319.000
895.084	3446.000
895.226	3235.000
895.369	3525.000
895.511	3324.000
895.653	3459.000
895.795	3251.000
895.938	3521.000
896.080	3244.000
896.222	3430.000
896.364	3238.000
896.507	3467.000
896.649	3275.000
896.791	3493.000
896.933	3240.000
897.075	3466.000
897.218	3252.000
897.360	3383.000
897.502	3316.000
897.644	3441.000
897.787	3231.000
897.929	3457.000
898.071	3176.000
898.213	3498.000
898.355	3321.000
898.498	3400.000
898.640	3247.000
898.782	3385.000
898.924	3274.000
899.066	3458.000
899.208	3305.000
899.351	3510.000
899.493	3270.000
899.635	3456.000
899.777	3277.000
899.919	3493.000
900.062	3258.000
900.204	3488.000
900.346	3302.000
900.488	3515.000
900.630	3258.000
900.772	3354.000
900.915	3207.000
901.057	3486.000
901.199	3199.000
901.341	3443.000
901.483	3270.000
901.625	3439.000
901.768	3257.000
901.910	3462.000
902.052	3279.000
902.194	3529.000
902.336	3156.000
902.478	3507.000
902.620	3251.000
902.763	3442.000
902.905	3309.000
903.047	3486.000
903.189	3263.000
903.331	3438.000
903.473	3247.000
903.615	3441.000
903.758	3287.000
903.900	3482.000
904.042	3195.000
904.184	3458.000
904.326	3373.000
904.468	3480.000
904.610	3284.000
904.752	3470.000
904.895	3215.000
905.037	3464.000
905.179	3244.000
905.321	3478.000
905.463	3226.000
905.605	3574.000
905.747	3270.000
905.889	3525.000
906.031	3284.000
906.173	3480.000
906.316	3275.000
906.458	3479.000
906.600	3192.000
906.742	3451.000
906.884	3238.000
907.026	3485.000
907.168	3301.000
907.310	3481.000
907.452	3196.000
907.594	3475.000
907.736	3283.000
907.878	3451.000
908.021	3280.000
908.163	3484.000
908.305	3226.000
908.447	3467.000
908.589	3199.000
908.731	3505.000
908.873	3270.000
909.015	3553.000
909.157	3293.000
909.299	3463.000
909.441	3219.000
909.583	3454.000
909.725	3295.000
909.867	3591.000
910.009	3255.000
910.151	3503.000
910.293	3179.000
910.435	3446.000
910.577	3284.000
910.719	3491.000
910.862	3240.000
911.004	3458.000
911.146	3352.000
911.288	3420.000
911.430	3295.000
911.572	3505.000
911.714	3248.000
911.856	3492.000
911.998	3233.000
912.140	3531.000
912.282	3303.000
912.424	3401.000
912.566	3281.000
912.708	3493.000
912.850	3293.000
912.992	3417.000
913.134	3186.000
913.276	3459.000
913.418	3327.000
913.560	3472.000
913.702	3306.000
913.844	3546.000
913.986	3268.000
914.128	3464.000
914.270	3247.000
914.412	3463.000
914.554	3201.000
914.696	3425.000
914.838	3321.000
914.980	3478.000
915.122	3242.000
915.264	3490.000
915.406	3262.000
915.548	3477.000
915.690	3187.000
915.831	3455.000
915.973	3243.000
916.115	3405.000
916.257	3205.000
916.399	3418.000
916.541	3325.000
916.683	3431.000
916.825	3240.000
916.967	3467.000
917.109	3259.000
917.251	3463.000
917.393	3232.000
917.535	3498.000
917.677	3232.000
917.819	3408.000
917.961	3239.000
918.103	3494.000
918.245	3257.000
918.387	3423.000
918.528	3250.000
918.670	3431.000
918.812	3224.000
918.954	3361.000
919.096	3199.000
919.238	3499.000
919.380	3299.000
919.522	3394.000
919.664	3240.000
919.806	3473.000
919.948	3243.000
920.090	3413.000
920.231	3209.000
920.373	3413.000
920.515	3182.000
920.657	3416.000
920.799	3259.000
920.941	3431.000
921.083	3187.000
921.225	3397.000
921.367	3219.000
921.509	3453.000
921.650	3239.000
921.792	3402.000
921.934	3257.000
922.076	3431.000
922.218	3156.000
922.360	3378.000
922.502	3274.000
922.644	3492.000
922.785	3261.000
922.927	3406.000
923.069	3286.000
923.211	3396.000
923.353	3184.000
923.495	3434.000
923.637	3227.000
923.779	3403.000
923.920	3201.000
924.062	3427.000
924.204	3173.000
924.346	3452.000
924.488	3233.000
924.630	3463.000
924.771	3173.000
924.913	3459.000
925.055	3203.000
925.197	3432.000
925.339	3223.000
925.481	3490.000
925.623	3177.000
925.764	3411.000
925.906	3218.000
926.048	3419.000
926.190	3208.000
926.332	3483.000
926.473	3193.000
926.615	3403.000
926.757	3226.000
926.899	3415.000
927.041	3233.000
927.183	3437.000
927.324	3225.000
927.466	3365.000
927.608	3203.000
927.750	3418.000
927.892	3267.000
928.033	3382.000
928.175	3258.000
928.317	3421.000
928.459	3260.000
928.601	3502.000
928.742	3224.000
928.884	3393.000
929.026	3302.000
929.168	3435.000
929.310	3233.000
929.451	3487.000
929.593	3267.000
929.735	3453.000
929.877	3285.000
930.018	3461.000
930.160	3270.000
930.302	3444.000
930.444	3218.000
930.585	3483.000
930.727	3271.000
930.869	3386.000
931.011	3292.000
931.153	3456.000
931.294	3201.000
931.436	3400.000
931.578	3206.000
931.720	3477.000
931.861	3221.000
932.003	3423.000
932.145	3285.000
932.287	3501.000
932.428	3468.000
932.570	3454.000
932.712	3238.000
932.854	3420.000
932.995	3199.000
933.137	3485.000
933.279	3220.000
933.420	3496.000
933.562	3229.000
933.704	3382.000
933.846	3272.000
933.987	3426.000
934.129	3220.000
934.271	3423.000
934.412	3214.000
934.554	3472.000
934.696	3229.000
934.838	3405.000
934.979	3224.000
935.121	3388.000
935.263	3215.000
935.404	3438.000
935.546	3247.000
935.688	3406.000
935.830	3306.000
935.971	3406.000
936.113	3219.000
936.255	3506.000
936.396	3219.000
936.538	3412.000
936.680	3238.000
936.821	3373.000
936.963	3239.000
937.105	3390.000
937.246	3240.000
937.388	3341.000
937.530	3240.000
937.671	3366.000
937.813	3258.000
937.955	3398.000
938.096	3239.000
938.238	3403.000
938.380	3238.000
938.521	3481.000
938.663	3228.000
938.805	3403.000
938.946	3238.000
939.088	3398.000
939.230	3257.000
939.371	3403.000
939.513	3261.000
939.655	3364.000
939.796	3254.000
939.938	3458.000
940.080	3287.000
940.221	3413.000
940.363	3238.000
940.504	3364.000
940.646	3231.000
940.788	3378.000
940.929	3217.000
941.071	3464.000
941.213	3242.000
941.354	3442.000
941.496	3219.000
941.637	3382.000
941.779	3200.000
941.921	3398.000
942.062	3198.000
942.204	3461.000
942.346	3220.000
942.487	3451.000
942.629	3275.000
942.770	3470.000
942.912	3198.000
943.054	3442.000
943.195	3234.000
943.337	3363.000
943.478	3204.000
943.620	3446.000
943.761	3179.000
943.903	3501.000
944.045	3243.000
944.186	3453.000
944.328	3173.000
944.469	3426.000
944.611	3218.000
944.753	3459.000
944.894	3258.000
945.036	3459.000
945.177	3290.000
945.319	3462.000
945.460	3286.000
945.602	3397.000
945.744	3242.000
945.885	3510.000
946.027	3205.000
946.168	3464.000
946.310	3212.000
946.451	3476.000
946.593	3209.000
946.734	3489.000
946.876	3208.000
947.018	3493.000
947.159	3317.000
947.301	3459.000
947.442	3209.000
947.584	3424.000
947.725	3245.000
947.867	3395.000
948.008	3251.000
948.150	3443.000
948.291	3295.000
948.433	3430.000
948.574	3262.000
948.716	3461.000
948.857	3295.000
948.999	3436.000
949.140	3248.000
949.282	3497.000
949.424	3236.000
949.565	3444.000
949.707	3266.000
949.848	3447.000
949.990	3182.000
950.131	3483.000
950.273	3278.000
950.414	3392.000
950.556	3291.000
950.697	3563.000
950.839	3196.000
950.980	3477.000
951.122	3300.000
951.263	3436.000
951.404	3220.000
951.546	3421.000
951.687	3232.000
951.829	3423.000
951.970	3272.000
952.112	3458.000
952.253	3265.000
952.395	3427.000
952.536	3225.000
952.678	3496.000
952.819	3313.000
952.961	3459.000
953.102	3337.000
953.244	3462.000
953.385	3290.000
953.527	3469.000
953.668	2898.000
953.809	3416.000
953.951	3260.000
954.092	3416.000
954.234	3178.000
954.375	3444.000
954.517	3208.000
954.658	3467.000
954.800	3315.000
954.941	3465.000
955.082	3288.000
955.224	3428.000
955.365	3248.000
955.507	3494.000
955.648	3302.000
955.790	3431.000
955.931	3183.000
956.072	3453.000
956.214	3216.000
956.355	3403.000
956.497	3254.000
956.638	3376.000
956.780	3228.000
956.921	3462.000
957.062	3224.000
957.204	3466.000
957.345	3197.000
957.487	3525.000
957.628	3252.000
957.769	3400.000
957.911	3301.000
958.052	3386.000
958.194	3208.000
958.335	3349.000
958.476	3178.000
958.618	3359.000
958.759	3182.000
958.901	3463.000
959.042	3236.000
959.183	3436.000
959.325	3226.000
959.466	3351.000
959.607	3185.000
959.749	3365.000
959.890	3123.000
960.032	3382.000
960.173	3127.000
960.314	3369.000
960.456	3157.000
960.597	3379.000
960.738	3286.000
960.880	3399.000
961.021	3154.000
961.162	3483.000
961.304	3137.000
961.445	3384.000
961.586	3212.000
961.728	3434.000
961.869	3207.000
962.011	3486.000
962.152	4491.000
962.293	3434.000
962.435	3224.000
962.576	3409.000
962.717	3246.000
962.859	3388.000
963.000	3119.000
963.141	3388.000
963.283	3308.000
963.424	3486.000
963.565	3286.000
963.706	3421.000
963.848	3180.000
963.989	3394.000
964.130	3293.000
964.272	3479.000
964.413	3241.000
964.554	3400.000
964.696	3183.000
964.837	3449.000
964.978	3244.000
965.120	3466.000
965.261	3260.000
965.402	3459.000
965.543	3272.000
965.685	3400.000
965.826	3202.000
965.967	3354.000
966.109	3187.000
966.250	3498.000
966.391	3234.000
966.532	3428.000
966.674	3236.000
966.815	3475.000
966.956	3257.000
967.098	3502.000
967.239	3217.000
967.380	3431.000
967.521	3149.000
967.663	3455.000
967.804	3182.000
967.945	3452.000
968.086	3169.000
968.228	3473.000
968.369	3233.000
968.510	3423.000
968.651	3234.000
968.793	3488.000
968.934	3147.000
969.075	3442.000
969.216	3271.000
969.358	3392.000
969.499	3209.000
969.640	3439.000
969.781	3193.000
969.923	3407.000
970.064	3235.000
970.205	3396.000
970.346	3243.000
970.488	3413.000
970.629	3281.000
970.770	3404.000
970.911	3245.000
971.053	3482.000
971.194	3188.000
971.335	3424.000
971.476	3193.000
971.617	3387.000
971.759	3278.000
971.900	3482.000
972.041	3228.000
972.182	3418.000
972.323	3277.000
972.465	3463.000
972.606	3269.000
972.747	3513.000
972.888	3259.000
973.029	3504.000
973.171	3231.000
973.312	3422.000
973.453	3223.000
973.594	3457.000
973.735	3247.000
973.877	3317.000
974.018	3309.000
974.159	3458.000
974.300	3336.000
974.441	3406.000
974.582	3223.000
974.724	3364.000
974.865	3299.000
975.006	3485.000
