1109.929	4137.000
1110.074	4247.000
1110.220	4142.000
1110.366	4387.000
1110.511	4183.000
1110.657	4408.000
1110.802	4182.000
1110.948	4410.000
1111.094	4248.000
1111.239	4405.000
1111.385	4249.000
1111.530	4478.000
1111.676	4343.000
1111.821	4439.000
1111.967	4337.000
1112.112	4594.000
1112.258	4368.000
1112.403	4632.000
1112.549	4435.000
1112.694	4702.000
1112.840	4472.000
1112.985	4630.000
1113.131	4670.000
1113.276	4749.000
1113.421	4676.000
1113.567	4807.000
1113.712	4774.000
1113.858	4869.000
1114.003	4806.000
1114.149	4961.000
1114.294	4894.000
1114.439	5088.000
1114.585	5043.000
1114.730	5149.000
1114.875	5016.000
1115.021	5202.000
1115.166	5260.000
1115.311	5319.000
1115.457	5356.000
1115.602	5506.000
1115.747	5459.000
1115.893	5644.000
1116.038	5597.000
1116.183	5773.000
1116.329	5718.000
1116.474	5893.000
1116.619	5930.000
1116.764	6006.000
1116.910	6110.000
1117.055	6240.000
1117.200	6265.000
1117.345	6397.000
1117.490	6548.000
1117.636	6677.000
1117.781	6744.000
1117.926	6891.000
1118.071	7003.000
1118.216	7143.000
1118.362	7235.000
1118.507	7370.000
1118.652	7631.000
1118.797	7667.000
1118.942	7895.000
1119.087	7973.000
1119.232	8272.000
1119.377	8376.000
1119.523	8678.000
1119.668	8676.000
1119.813	9052.000
1119.958	9093.000
1120.103	9534.000
1120.248	9537.000
1120.393	10021.000
1120.538	10079.000
1120.683	10548.000
1120.828	10587.000
1120.973	11183.000
1121.118	11145.000
1121.263	11850.000
1121.408	11865.000
1121.553	12510.000
1121.698	12537.000
1121.843	13315.000
1121.988	13276.000
1122.133	14099.000
1122.278	14044.000
1122.423	14995.000
1122.568	14896.000
1122.713	15991.000
1122.858	15778.000
1123.002	16886.000
1123.147	16807.000
1123.292	17952.000
1123.437	17764.000
1123.582	19095.000
1123.727	18782.000
1123.872	20234.000
1124.017	20065.000
1124.161	21626.000
1124.306	21360.000
1124.451	22891.000
1124.596	22608.000
1124.741	24325.000
1124.885	24000.000
1125.030	25802.000
1125.175	25480.000
1125.320	27255.000
1125.465	26775.000
1125.609	28754.000
1125.754	28150.000
1125.899	30132.000
1126.044	29549.000
1126.188	31489.000
1126.333	30849.000
1126.478	33057.000
1126.622	32052.000
1126.767	34344.000
1126.912	33174.000
1127.056	35352.000
1127.201	34177.000
1127.346	36193.000
1127.490	34985.000
1127.635	36879.000
1127.780	35562.000
1127.924	37458.000
1128.069	35923.000
1128.214	37685.000
1128.358	35994.000
1128.503	37943.000
1128.647	36129.000
1128.792	37886.000
1128.937	36035.000
1129.081	37652.000
1129.226	35647.000
1129.370	37052.000
1129.515	35200.000
1129.659	36682.000
1129.804	34611.000
1129.948	35764.000
1130.093	33966.000
1130.237	35099.000
1130.382	33226.000
1130.526	34317.000
1130.671	32324.000
1130.815	33590.000
1130.960	31732.000
1131.104	32907.000
1131.249	31169.000
1131.393	32262.000
1131.537	30853.000
1131.682	31922.000
1131.826	30327.000
1131.971	31442.000
1132.115	30073.000
1132.260	31147.000
1132.404	29848.000
1132.548	30927.000
1132.693	29640.000
1132.837	30668.000
1132.981	29308.000
1133.126	30511.000
1133.270	29158.000
1133.414	30247.000
1133.559	29129.000
1133.703	30007.000
1133.847	28889.000
1133.992	29945.000
1134.136	28723.000
1134.280	29683.000
1134.424	28430.000
1134.569	29330.000
1134.713	28084.000
1134.857	28906.000
1135.001	27633.000
1135.146	28499.000
1135.290	27179.000
1135.434	27850.000
1135.578	26610.000
1135.722	27163.000
1135.867	25915.000
1136.011	26520.000
1136.155	25336.000
1136.299	25856.000
1136.443	24686.000
1136.587	25062.000
1136.732	23892.000
1136.876	24475.000
1137.020	23365.000
1137.164	23968.000
1137.308	22831.000
1137.452	23141.000
1137.596	22113.000
1137.740	22539.000
1137.884	21534.000
1138.028	21914.000
1138.172	20943.000
1138.316	21259.000
1138.461	20265.000
1138.605	20541.000
1138.749	19722.000
1138.893	20061.000
1139.037	18936.000
1139.181	19332.000
1139.325	18405.000
1139.469	18698.000
1139.613	17843.000
1139.757	18116.000
1139.900	17324.000
1140.044	17540.000
1140.188	16760.000
1140.332	16984.000
1140.476	16186.000
1140.620	16437.000
1140.764	15756.000
1140.908	15988.000
1141.052	15209.000
1141.196	15434.000
1141.340	14741.000
1141.484	14897.000
1141.627	14321.000
1141.771	14523.000
1141.915	13877.000
1142.059	14088.000
1142.203	13495.000
1142.347	13509.000
1142.490	13061.000
1142.634	13187.000
1142.778	12698.000
1142.922	12815.000
1143.066	12417.000
1143.209	12512.000
1143.353	12036.000
1143.497	12212.000
1143.641	11782.000
1143.784	11937.000
1143.928	11470.000
1144.072	11695.000
1144.216	11346.000
1144.359	11416.000
1144.503	10985.000
1144.647	11215.000
1144.790	10836.000
1144.934	11053.000
1145.078	10638.000
1145.221	10791.000
1145.365	10481.000
1145.509	10635.000
1145.652	10321.000
1145.796	10570.000
1145.940	10219.000
1146.083	10387.000
1146.227	9999.000
1146.370	10235.000
1146.514	9906.000
1146.657	10079.000
1146.801	9876.000
1146.945	10125.000
1147.088	9759.000
1147.232	9930.000
1147.375	9683.000
1147.519	9906.000
1147.662	9495.000
1147.806	9698.000
1147.949	9461.000
1148.093	9653.000
1148.236	9340.000
1148.380	9544.000
1148.523	9324.000
1148.667	9446.000
1148.810	9183.000
1148.954	9411.000
1149.097	9148.000
1149.241	9340.000
1149.384	9075.000
1149.527	9301.000
1149.671	9018.000
1149.814	9186.000
1149.958	9072.000
1150.101	9157.000
1150.244	8850.000
1150.388	9123.000
1150.531	8848.000
1150.674	8944.000
1150.818	8792.000
1150.961	8991.000
1151.104	8706.000
1151.248	8851.000
1151.391	8616.000
1151.534	8791.000
1151.678	8556.000
1151.821	8670.000
1151.964	8510.000
1152.108	8672.000
1152.251	8468.000
1152.394	8610.000
1152.537	8402.000
1152.681	8418.000
1152.824	8368.000
1152.967	8467.000
1153.110	8286.000
1153.253	8377.000
1153.397	8260.000
1153.540	8325.000
1153.683	8135.000
1153.826	8321.000
1153.969	7994.000
1154.113	8127.000
1154.256	8071.000
1154.399	8167.000
1154.542	7955.000
1154.685	7999.000
1154.828	7965.000
1154.971	8033.000
1155.114	7875.000
1155.258	7901.000
1155.401	7816.000
1155.544	7878.000
1155.687	7738.000
1155.830	7750.000
1155.973	7720.000
1156.116	7699.000
1156.259	7496.000
1156.402	7639.000
1156.545	7509.000
1156.688	7551.000
1156.831	7543.000
1156.974	7429.000
1157.117	7278.000
1157.260	7402.000
1157.403	7375.000
1157.546	7373.000
1157.689	7179.000
1157.832	7157.000
1157.975	7206.000
1158.118	7164.000
1158.261	7111.000
1158.404	7096.000
1158.547	7042.000
1158.689	7032.000
1158.832	6987.000
1158.975	7023.000
1159.118	6948.000
1159.261	6895.000
1159.404	6915.000
1159.547	6781.000
1159.690	6754.000
1159.832	6844.000
1159.975	6746.000
1160.118	6622.000
1160.261	6699.000
1160.404	6558.000
1160.546	6573.000
1160.689	6562.000
1160.832	6563.000
1160.975	6514.000
1161.118	6479.000
1161.260	6468.000
1161.403	6362.000
1161.546	6334.000
1161.689	6357.000
1161.831	6401.000
1161.974	6258.000
1162.117	6279.000
1162.259	6232.000
1162.402	6226.000
1162.545	6211.000
1162.687	6111.000
1162.830	6103.000
1162.973	6068.000
1163.115	6123.000
1163.258	6019.000
1163.401	6062.000
1163.543	5902.000
1163.686	6033.000
1163.829	5862.000
1163.971	5988.000
1164.114	5836.000
1164.256	6001.000
1164.399	5844.000
1164.541	5984.000
1164.684	5715.000
1164.827	5952.000
1164.969	5719.000
1165.112	5812.000
1165.254	5699.000
1165.397	5769.000
1165.539	5664.000
1165.682	5679.000
1165.824	5637.000
1165.967	5722.000
1166.109	5517.000
1166.252	5667.000
1166.394	5504.000
1166.537	5626.000
1166.679	5562.000
1166.822	5638.000
1166.964	5531.000
1167.106	5580.000
1167.249	5364.000
1167.391	5589.000
1167.534	5311.000
1167.676	5545.000
1167.818	5412.000
1167.961	5458.000
1168.103	5430.000
1168.246	5389.000
1168.388	5239.000
1168.530	5388.000
1168.673	5330.000
1168.815	5475.000
1168.957	5239.000
1169.100	5371.000
1169.242	5171.000
1169.384	5377.000
1169.526	5198.000
1169.669	5262.000
1169.811	5110.000
1169.953	5314.000
1170.095	5174.000
1170.238	5243.000
1170.380	5083.000
1170.522	5262.000
1170.664	5017.000
1170.807	5193.000
1170.949	5073.000
1171.091	5099.000
1171.233	4930.000
1171.375	5120.000
1171.518	5000.000
1171.660	5194.000
1171.802	4895.000
1171.944	5140.000
1172.086	4928.000
1172.228	5058.000
1172.371	4940.000
1172.513	5053.000
1172.655	4886.000
1172.797	5043.000
1172.939	4883.000
1173.081	5016.000
1173.223	4864.000
1173.365	5039.000
1173.507	4862.000
1173.649	5053.000
1173.791	4840.000
1173.933	4915.000
1174.075	4763.000
1174.217	4990.000
1174.359	4729.000
1174.501	4908.000
1174.643	4751.000
1174.785	4891.000
1174.927	4728.000
1175.069	4873.000
1175.211	4777.000
1175.353	4908.000
1175.495	4751.000
1175.637	4898.000
1175.779	4789.000
1175.921	4872.000
1176.063	4702.000
1176.205	4928.000
1176.347	4785.000
1176.489	4863.000
1176.631	4707.000
1176.772	4937.000
1176.914	4689.000
1177.056	4847.000
1177.198	4691.000
1177.340	4847.000
1177.482	4715.000
1177.624	4868.000
1177.765	4654.000
1177.907	4859.000
1178.049	4652.000
1178.191	4825.000
1178.333	4774.000
1178.474	4823.000
1178.616	4637.000
1178.758	4827.000
1178.900	4622.000
1179.041	4876.000
1179.183	4763.000
1179.325	4796.000
1179.467	4654.000
1179.608	4776.000
1179.750	4692.000
1179.892	4838.000
1180.033	4718.000
1180.175	4898.000
1180.317	4661.000
1180.458	4877.000
1180.600	4704.000
1180.742	4855.000
1180.883	4687.000
1181.025	4890.000
1181.167	4709.000
1181.308	4897.000
1181.450	4694.000
1181.591	4735.000
1181.733	4631.000
1181.875	4871.000
1182.016	4624.000
1182.158	4840.000
1182.299	4692.000
1182.441	4840.000
1182.582	4677.000
1182.724	4859.000
1182.866	4692.000
1183.007	4909.000
1183.149	4601.000
1183.290	4914.000
1183.432	4695.000
1183.573	4853.000
1183.715	4714.000
1183.856	4902.000
1183.998	4693.000
1184.139	4843.000
1184.280	4694.000
1184.422	4867.000
1184.563	4711.000
1184.705	4885.000
1184.846	4658.000
1184.988	4878.000
1185.129	4858.000
1185.270	4903.000
1185.412	4754.000
1185.553	4965.000
1185.694	4735.000
1185.836	4915.000
1185.977	4702.000
1186.119	4924.000
1186.260	4711.000
1186.401	5062.000
1186.543	4797.000
1186.684	5019.000
1186.825	4783.000
1186.966	5000.000
1187.108	4846.000
1187.249	5007.000
1187.390	4765.000
1187.532	4970.000
1187.673	4813.000
1187.814	5051.000
1187.955	4892.000
1188.097	5026.000
1188.238	4777.000
1188.379	5043.000
1188.520	4870.000
1188.661	5032.000
1188.803	4908.000
1188.944	5103.000
1189.085	4867.000
1189.226	5094.000
1189.367	4900.000
1189.508	5160.000
1189.650	4976.000
1189.791	5229.000
1189.932	5036.000
1190.073	5167.000
1190.214	4975.000
1190.355	5174.000
1190.496	5072.000
1190.637	5326.000
1190.778	5064.000
1190.919	5298.000
1191.061	5020.000
1191.202	5292.000
1191.343	5151.000
1191.484	5314.000
1191.625	5168.000
1191.766	5344.000
1191.907	5290.000
1192.048	5365.000
1192.189	5252.000
1192.330	5489.000
1192.471	5249.000
1192.612	5489.000
1192.753	5275.000
1192.894	5592.000
1193.035	5379.000
1193.175	5476.000
1193.316	5386.000
1193.457	5594.000
1193.598	5421.000
1193.739	5552.000
1193.880	5366.000
1194.021	5637.000
1194.162	5561.000
1194.303	5738.000
1194.444	5611.000
1194.584	5809.000
1194.725	5588.000
1194.866	5766.000
1195.007	5629.000
1195.148	5781.000
1195.289	5580.000
1195.429	5797.000
1195.570	5770.000
1195.711	5907.000
1195.852	5726.000
1195.993	5959.000
1196.133	5795.000
1196.274	5960.000
1196.415	5748.000
1196.556	6000.000
1196.696	5810.000
1196.837	5959.000
1196.978	5828.000
1197.119	5997.000
1197.259	5979.000
1197.400	6065.000
1197.541	5903.000
1197.681	6098.000
1197.822	5984.000
1197.963	6132.000
1198.103	5985.000
1198.244	6178.000
1198.385	6030.000
1198.525	6158.000
1198.666	6023.000
1198.807	6246.000
1198.947	6034.000
1199.088	6209.000
1199.228	6104.000
1199.369	6166.000
1199.509	6065.000
1199.650	6200.000
1199.791	6048.000
1199.931	6274.000
1200.072	6154.000
1200.212	6227.000
1200.353	6050.000
1200.493	6243.000
1200.634	6044.000
1200.774	6183.000
1200.915	6020.000
1201.055	6200.000
1201.196	5960.000
1201.336	6150.000
1201.477	6027.000
1201.617	6152.000
1201.758	5947.000
1201.898	6115.000
1202.039	5915.000
1202.179	6145.000
1202.319	5927.000
1202.460	6056.000
1202.600	5916.000
1202.741	6045.000
1202.881	5794.000
1203.021	6026.000
1203.162	5938.000
1203.302	6062.000
1203.442	5886.000
1203.583	5950.000
1203.723	5839.000
1203.863	5929.000
1204.004	5753.000
1204.144	5947.000
1204.284	5785.000
1204.425	5931.000
1204.565	5749.000
1204.705	5908.000
1204.845	5715.000
1204.986	5945.000
1205.126	5795.000
1205.266	5961.000
1205.406	5685.000
1205.547	5940.000
1205.687	5705.000
1205.827	5926.000
1205.967	5703.000
1206.108	5921.000
1206.248	5676.000
1206.388	5869.000
1206.528	5658.000
1206.668	5796.000
1206.808	5606.000
1206.949	5843.000
1207.089	5637.000
1207.229	5786.000
1207.369	5614.000
1207.509	5726.000
1207.649	5611.000
1207.789	5812.000
1207.929	5587.000
1208.070	5680.000
1208.210	5527.000
1208.350	5708.000
1208.490	5575.000
1208.630	5659.000
1208.770	5516.000
1208.910	5620.000
1209.050	5528.000
1209.190	5674.000
1209.330	5459.000
1209.470	5597.000
1209.610	5495.000
1209.750	5618.000
1209.890	5420.000
1210.030	5654.000
1210.170	5415.000
1210.310	5582.000
1210.450	5440.000
1210.590	5574.000
1210.730	5384.000
1210.870	5498.000
1211.009	5343.000
1211.149	5564.000
1211.289	5347.000
1211.429	5442.000
1211.569	5379.000
1211.709	5488.000
1211.849	5315.000
1211.989	5444.000
1212.128	5260.000
1212.268	5497.000
1212.408	5289.000
1212.548	5417.000
1212.688	5277.000
1212.828	5482.000
1212.967	5446.000
1213.107	5442.000
1213.247	5239.000
1213.387	5384.000
1213.527	5169.000
1213.666	5402.000
1213.806	5164.000
1213.946	5416.000
1214.086	5153.000
1214.225	5291.000
1214.365	5205.000
1214.505	5319.000
1214.644	5120.000
1214.784	5311.000
1214.924	5112.000
1215.064	5357.000
1215.203	5132.000
1215.343	5268.000
1215.483	5090.000
1215.622	5223.000
1215.762	5090.000
1215.901	5273.000
1216.041	5125.000
1216.181	5287.000
1216.320	5164.000
1216.460	5261.000
1216.599	5079.000
1216.739	5341.000
1216.879	5067.000
1217.018	5240.000
1217.158	5099.000
1217.297	5181.000
1217.437	5114.000
1217.576	5229.000
1217.716	5075.000
1217.855	5132.000
1217.995	5047.000
1218.134	5171.000
1218.274	5067.000
1218.413	5207.000
1218.553	5052.000
1218.692	5252.000
1218.832	5057.000
1218.971	5276.000
1219.111	5027.000
1219.250	5181.000
1219.390	5082.000
1219.529	5197.000
1219.669	5058.000
1219.808	5190.000
1219.947	5049.000
1220.087	5144.000
1220.226	5045.000
1220.365	5230.000
1220.505	5090.000
1220.644	5185.000
1220.784	5036.000
1220.923	5133.000
1221.062	5005.000
1221.202	5167.000
1221.341	5006.000
1221.480	5248.000
1221.619	5025.000
1221.759	5208.000
1221.898	5000.000
1222.037	5167.000
1222.177	5022.000
1222.316	5157.000
1222.455	4954.000
1222.594	5206.000
1222.734	4993.000
1222.873	5243.000
1223.012	5060.000
1223.151	5250.000
1223.290	4995.000
1223.430	5231.000
1223.569	4992.000
1223.708	5181.000
1223.847	4997.000
1223.986	5238.000
1224.126	4981.000
1224.265	5232.000
1224.404	5025.000
1224.543	5195.000
1224.682	4947.000
1224.821	5197.000
1224.960	4995.000
1225.099	5206.000
1225.239	5022.000
1225.378	5212.000
1225.517	5047.000
1225.656	5203.000
1225.795	5012.000
1225.934	5149.000
1226.073	5025.000
1226.212	5216.000
1226.351	4977.000
1226.490	5206.000
1226.629	4997.000
1226.768	5203.000
1226.907	4966.000
1227.046	5222.000
1227.185	4989.000
1227.324	5210.000
1227.463	5066.000
1227.602	5208.000
1227.741	4948.000
1227.880	5146.000
1228.019	4997.000
1228.158	5140.000
1228.297	5005.000
1228.435	5169.000
1228.574	5039.000
1228.713	5160.000
1228.852	4999.000
1228.991	5157.000
1229.130	5013.000
1229.269	5155.000
1229.408	4972.000
1229.546	5229.000
1229.685	4982.000
1229.824	5142.000
1229.963	4968.000
1230.102	5118.000
1230.241	4878.000
1230.379	5165.000
1230.518	5008.000
1230.657	5098.000
1230.796	5011.000
1230.934	5227.000
1231.073	4960.000
1231.212	5173.000
1231.351	4997.000
1231.489	5135.000
1231.628	4939.000
1231.767	5107.000
1231.906	4944.000
1232.044	5073.000
1232.183	4967.000
1232.322	5129.000
1232.460	4976.000
1232.599	5134.000
1232.738	4911.000
1232.876	5197.000
1233.015	5027.000
1233.154	5135.000
1233.292	5027.000
1233.431	5141.000
1233.569	4982.000
1233.708	5155.000
1233.847	4562.000
1233.985	5115.000
1234.124	4947.000
1234.262	5090.000
1234.401	4869.000
1234.539	5115.000
1234.678	4888.000
1234.816	5093.000
1234.955	4981.000
1235.094	5119.000
1235.232	4948.000
1235.371	5074.000
1235.509	4909.000
1235.648	5140.000
1235.786	4942.000
1235.924	5097.000
1236.063	4847.000
1236.201	5129.000
1236.340	4890.000
1236.478	5046.000
1236.617	4919.000
1236.755	5038.000
1236.894	4886.000
1237.032	5109.000
1237.170	4888.000
1237.309	5142.000
1237.447	4844.000
1237.586	5178.000
1237.724	4912.000
1237.862	5041.000
1238.001	4951.000
1238.139	5066.000
1238.277	4853.000
1238.416	5008.000
1238.554	4815.000
1238.692	4992.000
1238.831	4871.000
1238.969	5145.000
1239.107	4877.000
1239.245	5113.000
1239.384	4887.000
1239.522	4999.000
1239.660	4848.000
1239.798	5040.000
1239.937	4779.000
1240.075	5039.000
1240.213	4814.000
1240.351	5044.000
1240.490	4833.000
1240.628	5043.000
1240.766	4919.000
1240.904	5028.000
1241.042	4841.000
1241.180	5147.000
1241.319	4793.000
1241.457	5023.000
1241.595	4875.000
1241.733	5091.000
1241.871	4838.000
1242.009	5145.000
1242.147	6161.000
1242.285	5103.000
1242.424	4872.000
1242.562	5035.000
1242.700	4880.000
1242.838	5044.000
1242.976	4791.000
1243.114	4986.000
1243.252	4951.000
1243.390	5093.000
1243.528	4941.000
1243.666	4991.000
1243.804	4824.000
1243.942	5015.000
1244.080	4913.000
1244.218	5068.000
1244.356	4845.000
1244.494	5003.000
1244.632	4804.000
1244.770	5033.000
1244.908	4840.000
1245.046	5046.000
1245.184	4884.000
1245.322	5039.000
1245.460	4855.000
1245.597	4971.000
1245.735	4793.000
1245.873	4915.000
1246.011	4779.000
1246.149	5026.000
1246.287	4785.000
1246.425	4996.000
1246.563	4771.000
1246.700	5033.000
1246.838	4831.000
1246.976	5056.000
1247.114	4781.000
1247.252	5012.000
1247.390	4691.000
1247.527	4959.000
1247.665	4714.000
1247.803	4987.000
1247.941	4707.000
1248.078	4987.000
1248.216	4768.000
1248.354	4963.000
1248.492	4769.000
1248.629	5018.000
1248.767	4683.000
1248.905	4981.000
1249.042	4813.000
1249.180	4888.000
1249.318	4701.000
1249.456	4963.000
1249.593	4717.000
1249.731	4911.000
1249.869	4719.000
1250.006	4886.000
1250.144	4752.000
1250.281	4871.000
1250.419	4738.000
1250.557	4901.000
1250.694	4773.000
1250.832	4991.000
1250.970	4668.000
1251.107	4911.000
1251.245	4634.000
1251.382	4864.000
1251.520	4800.000
1251.657	4966.000
1251.795	4719.000
1251.932	4883.000
1252.070	4767.000
1252.207	4939.000
1252.345	4732.000
1252.483	4962.000
1252.620	4745.000
1252.757	4968.000
1252.895	4720.000
1253.032	4878.000
1253.170	4707.000
1253.307	4943.000
1253.445	4729.000
1253.582	4806.000
1253.720	4748.000
1253.857	4968.000
1253.995	4781.000
1254.132	4895.000
1254.269	4712.000
1254.407	4820.000
1254.544	4776.000
1254.681	4943.000
