1209.954	2221.000
1210.101	2363.000
1210.248	2178.000
1210.394	2461.000
1210.541	2185.000
1210.688	2443.000
1210.834	2177.000
1210.981	2434.000
1211.127	2178.000
1211.274	2440.000
1211.421	2157.000
1211.567	2470.000
1211.714	2208.000
1211.860	2385.000
1212.007	2158.000
1212.154	2473.000
1212.300	2132.000
1212.447	2493.000
1212.593	2111.000
1212.740	2500.000
1212.886	2121.000
1213.033	2402.000
1213.179	2303.000
1213.326	2425.000
1213.472	2239.000
1213.619	2411.000
1213.765	2199.000
1213.912	2375.000
1214.058	2176.000
1214.204	2392.000
1214.351	2200.000
1214.497	2487.000
1214.644	2237.000
1214.790	2411.000
1214.936	2163.000
1215.083	2448.000
1215.229	2268.000
1215.375	2406.000
1215.522	2236.000
1215.668	2449.000
1215.814	2166.000
1215.961	2471.000
1216.107	2177.000
1216.253	2457.000
1216.399	2188.000
1216.546	2471.000
1216.692	2251.000
1216.838	2369.000
1216.984	2217.000
1217.130	2435.000
1217.277	2156.000
1217.423	2406.000
1217.569	2206.000
1217.715	2437.000
1217.861	2142.000
1218.008	2420.000
1218.154	2178.000
1218.300	2435.000
1218.446	2142.000
1218.592	2402.000
1218.738	2230.000
1218.884	2383.000
1219.030	2181.000
1219.176	2362.000
1219.322	2131.000
1219.468	2453.000
1219.614	2183.000
1219.760	2400.000
1219.907	2145.000
1220.053	2414.000
1220.199	2204.000
1220.344	2399.000
1220.490	2194.000
1220.636	2401.000
1220.782	2123.000
1220.928	2407.000
1221.074	2167.000
1221.220	2375.000
1221.366	2200.000
1221.512	2455.000
1221.658	2164.000
1221.804	2383.000
1221.950	2184.000
1222.095	2422.000
1222.241	2174.000
1222.387	2366.000
1222.533	2141.000
1222.679	2384.000
1222.825	2206.000
1222.970	2379.000
1223.116	2179.000
1223.262	2430.000
1223.408	2201.000
1223.554	2399.000
1223.699	2176.000
1223.845	2404.000
1223.991	2145.000
1224.136	2356.000
1224.282	2168.000
1224.428	2436.000
1224.574	2176.000
1224.719	2319.000
1224.865	2145.000
1225.011	2344.000
1225.156	2160.000
1225.302	2421.000
1225.447	2162.000
1225.593	2369.000
1225.739	2142.000
1225.884	2355.000
1226.030	2185.000
1226.175	2378.000
1226.321	2036.000
1226.467	2401.000
1226.612	2134.000
1226.758	2335.000
1226.903	2141.000
1227.049	2398.000
1227.194	2187.000
1227.340	2370.000
1227.485	2143.000
1227.631	2341.000
1227.776	2175.000
1227.921	2429.000
1228.067	2139.000
1228.212	2397.000
1228.358	2097.000
1228.503	2315.000
1228.649	2233.000
1228.794	2387.000
1228.939	2153.000
1229.085	2371.000
1229.230	2150.000
1229.375	2326.000
1229.521	2120.000
1229.666	2346.000
1229.811	2198.000
1229.957	2382.000
1230.102	2103.000
1230.247	2375.000
1230.393	2184.000
1230.538	2375.000
1230.683	2126.000
1230.828	2305.000
1230.974	2136.000
1231.119	2393.000
1231.264	2195.000
1231.409	2346.000
1231.554	2155.000
1231.700	2403.000
1231.845	2136.000
1231.990	2355.000
1232.135	2152.000
1232.280	2343.000
1232.425	2117.000
1232.570	2391.000
1232.716	2186.000
1232.861	2404.000
1233.006	2155.000
1233.151	2411.000
1233.296	2198.000
1233.441	2352.000
1233.586	2179.000
1233.731	2386.000
1233.876	2110.000
1234.021	2345.000
1234.166	2176.000
1234.311	2371.000
1234.456	2169.000
1234.601	2414.000
1234.746	2103.000
1234.891	2369.000
1235.036	2166.000
1235.181	2302.000
1235.326	2164.000
1235.471	2382.000
1235.616	2126.000
1235.760	2380.000
1235.905	2088.000
1236.050	2315.000
1236.195	2144.000
1236.340	2367.000
1236.485	2169.000
1236.630	2403.000
1236.774	2064.000
1236.919	2280.000
1237.064	2168.000
1237.209	2353.000
1237.354	2159.000
1237.498	2405.000
1237.643	2124.000
1237.788	2329.000
1237.933	2106.000
1238.077	2371.000
1238.222	2176.000
1238.367	2436.000
1238.512	2089.000
1238.656	2334.000
1238.801	2066.000
1238.946	2405.000
1239.090	2237.000
1239.235	2331.000
1239.379	2187.000
1239.524	2330.000
1239.669	2112.000
1239.813	2378.000
1239.958	2141.000
1240.103	2409.000
1240.247	2112.000
1240.392	2370.000
1240.536	2099.000
1240.681	2343.000
1240.825	2110.000
1240.970	2417.000
1241.114	2140.000
1241.259	2354.000
1241.403	2090.000
1241.548	2342.000
1241.692	2113.000
1241.837	2328.000
1241.981	2152.000
1242.126	2358.000
1242.270	2142.000
1242.415	2372.000
1242.559	2050.000
1242.703	2372.000
1242.848	2102.000
1242.992	2365.000
1243.136	2119.000
1243.281	2404.000
1243.425	2143.000
1243.570	2351.000
1243.714	2093.000
1243.858	2378.000
1244.002	2121.000
1244.147	2319.000
1244.291	2151.000
1244.435	2412.000
1244.580	2086.000
1244.724	2303.000
1244.868	2157.000
1245.012	2337.000
1245.157	2150.000
1245.301	2338.000
1245.445	2084.000
1245.589	2357.000
1245.733	2128.000
1245.878	2363.000
1246.022	2188.000
1246.166	2408.000
1246.310	2152.000
1246.454	2312.000
1246.598	2091.000
1246.742	2330.000
1246.886	2113.000
1247.031	2375.000
1247.175	2212.000
1247.319	2384.000
1247.463	2104.000
1247.607	2419.000
1247.751	2230.000
1247.895	2343.000
1248.039	2123.000
1248.183	2409.000
1248.327	2157.000
1248.471	2341.000
1248.615	2108.000
1248.759	2377.000
1248.903	2135.000
1249.047	2343.000
1249.191	2127.000
1249.335	2376.000
1249.479	2169.000
1249.623	2342.000
1249.766	2153.000
1249.910	2394.000
1250.054	2116.000
1250.198	2442.000
1250.342	2179.000
1250.486	2348.000
1250.630	2141.000
1250.773	2375.000
1250.917	2085.000
1251.061	2364.000
1251.205	2204.000
1251.349	2362.000
1251.492	2137.000
1251.636	2298.000
1251.780	2108.000
1251.924	2344.000
1252.067	2149.000
1252.211	2341.000
1252.355	2169.000
1252.499	2378.000
1252.642	2143.000
1252.786	2373.000
1252.930	2019.000
1253.073	2392.000
1253.217	2127.000
1253.361	2346.000
1253.504	2125.000
1253.648	2405.000
1253.791	2126.000
1253.935	2319.000
1254.079	2216.000
1254.222	2262.000
1254.366	2076.000
1254.509	2353.000
1254.653	2137.000
1254.796	2332.000
1254.940	2102.000
1255.083	2381.000
1255.227	2206.000
1255.370	2383.000
1255.514	2091.000
1255.657	2372.000
1255.801	2181.000
1255.944	2396.000
1256.088	2128.000
1256.231	2392.000
1256.375	2140.000
1256.518	2288.000
1256.661	2189.000
1256.805	2355.000
1256.948	2130.000
1257.092	2439.000
1257.235	2105.000
1257.378	2271.000
1257.522	2139.000
1257.665	2371.000
1257.808	2181.000
1257.952	2305.000
1258.095	2056.000
1258.238	2389.000
1258.382	2145.000
1258.525	2342.000
1258.668	2112.000
1258.811	2396.000
1258.955	2154.000
1259.098	2361.000
1259.241	2177.000
1259.384	2400.000
1259.527	2117.000
1259.671	2398.000
1259.814	2114.000
1259.957	2312.000
1260.100	2199.000
1260.243	2358.000
1260.386	2065.000
1260.530	2395.000
1260.673	2075.000
1260.816	2303.000
1260.959	2127.000
1261.102	2357.000
1261.245	2148.000
1261.388	2330.000
1261.531	2139.000
1261.674	2255.000
1261.817	2116.000
1261.960	2355.000
1262.103	2208.000
1262.246	2281.000
1262.389	2128.000
1262.532	2329.000
1262.675	2160.000
1262.818	2328.000
1262.961	2095.000
1263.104	2272.000
1263.247	2137.000
1263.390	2323.000
1263.533	2133.000
1263.676	2343.000
1263.819	2078.000
1263.962	2373.000
1264.104	2050.000
1264.247	2347.000
1264.390	2081.000
1264.533	2369.000
1264.676	2132.000
1264.819	2424.000
1264.961	2088.000
1265.104	2447.000
1265.247	2120.000
1265.390	2323.000
1265.533	2135.000
1265.675	2332.000
1265.818	2138.000
1265.961	2302.000
1266.103	2139.000
1266.246	2394.000
1266.389	2087.000
1266.532	2342.000
1266.674	2132.000
1266.817	2336.000
1266.960	2214.000
1267.102	2401.000
1267.245	2202.000
1267.388	2336.000
1267.530	2092.000
1267.673	2405.000
1267.815	2086.000
1267.958	2377.000
1268.101	2157.000
1268.243	2327.000
1268.386	2197.000
1268.528	2280.000
1268.671	2054.000
1268.813	2296.000
1268.956	2148.000
1269.098	2407.000
1269.241	2142.000
1269.383	2324.000
1269.526	2078.000
1269.668	2369.000
1269.811	2152.000
1269.953	2328.000
1270.096	2058.000
1270.238	2396.000
1270.381	2199.000
1270.523	2327.000
1270.665	2122.000
1270.808	2351.000
1270.950	2093.000
1271.092	2378.000
1271.235	2187.000
1271.377	2265.000
1271.520	2044.000
1271.662	2351.000
1271.804	2135.000
1271.946	2411.000
1272.089	2114.000
1272.231	2389.000
1272.373	2126.000
1272.516	2325.000
1272.658	2147.000
1272.800	2357.000
1272.942	2129.000
1273.085	2371.000
1273.227	2154.000
1273.369	2359.000
1273.511	2142.000
1273.653	2422.000
1273.796	2160.000
1273.938	2402.000
1274.080	2121.000
1274.222	2312.000
1274.364	2088.000
1274.506	2404.000
1274.648	2100.000
1274.790	2310.000
1274.933	2131.000
1275.075	2312.000
1275.217	2092.000
1275.359	2278.000
1275.501	2164.000
1275.643	2322.000
1275.785	2128.000
1275.927	2348.000
1276.069	2145.000
1276.211	2351.000
1276.353	2153.000
1276.495	2379.000
1276.637	2213.000
1276.779	2347.000
1276.921	2119.000
1277.063	2402.000
1277.205	2110.000
1277.347	2303.000
1277.488	2097.000
1277.630	2345.000
1277.772	2155.000
1277.914	2339.000
1278.056	2108.000
1278.198	2339.000
1278.340	2115.000
1278.481	2291.000
1278.623	2211.000
1278.765	2329.000
1278.907	2085.000
1279.049	2352.000
1279.190	2060.000
1279.332	2384.000
1279.474	2204.000
1279.616	2281.000
1279.758	2117.000
1279.899	2287.000
1280.041	2160.000
1280.183	2360.000
1280.324	2150.000
1280.466	2394.000
1280.608	2120.000
1280.749	2365.000
1280.891	2135.000
1281.033	2383.000
1281.174	2127.000
1281.316	2376.000
1281.458	2175.000
1281.599	2397.000
1281.741	2144.000
1281.882	2243.000
1282.024	2061.000
1282.166	2375.000
1282.307	2080.000
1282.449	2321.000
1282.590	2139.000
1282.732	2330.000
1282.873	2131.000
1283.015	2331.000
1283.156	2121.000
1283.298	2403.000
1283.439	2016.000
1283.581	2425.000
1283.722	2134.000
1283.864	2339.000
1284.005	2178.000
1284.146	2373.000
1284.288	2148.000
1284.429	2338.000
1284.571	2102.000
1284.712	2333.000
1284.853	2132.000
1284.995	2341.000
1285.136	2067.000
1285.277	2341.000
1285.419	2268.000
1285.560	2372.000
1285.701	2126.000
1285.843	2377.000
1285.984	2073.000
1286.125	2319.000
1286.267	2102.000
1286.408	2358.000
1286.549	2082.000
1286.690	2451.000
1286.831	2118.000
1286.973	2407.000
1287.114	2123.000
1287.255	2344.000
1287.396	2155.000
1287.537	2368.000
1287.679	2072.000
1287.820	2316.000
1287.961	2081.000
1288.102	2377.000
1288.243	2173.000
1288.384	2320.000
1288.525	2055.000
1288.667	2341.000
1288.808	2140.000
1288.949	2296.000
1289.090	2131.000
1289.231	2339.000
1289.372	2056.000
1289.513	2322.000
1289.654	2035.000
1289.795	2375.000
1289.936	2119.000
1290.077	2429.000
1290.218	2146.000
1290.359	2316.000
1290.500	2087.000
1290.641	2318.000
1290.782	2146.000
1290.923	2426.000
1291.064	2099.000
1291.204	2356.000
1291.345	2047.000
1291.486	2330.000
1291.627	2124.000
1291.768	2383.000
1291.909	2117.000
1292.050	2324.000
1292.191	2208.000
1292.331	2313.000
1292.472	2108.000
1292.613	2377.000
1292.754	2067.000
1292.895	2335.000
1293.035	2098.000
1293.176	2380.000
1293.317	2184.000
1293.458	2277.000
1293.598	2111.000
1293.739	2331.000
1293.880	2114.000
1294.021	2251.000
1294.161	2038.000
1294.302	2333.000
1294.443	2163.000
1294.583	2347.000
1294.724	2162.000
1294.865	2400.000
1295.005	2138.000
1295.146	2331.000
1295.286	2141.000
1295.427	2329.000
1295.568	2039.000
1295.708	2298.000
1295.849	2162.000
1295.989	2336.000
1296.130	2062.000
1296.270	2381.000
1296.411	2083.000
1296.551	2365.000
1296.692	2053.000
1296.832	2327.000
1296.973	2072.000
1297.113	2273.000
1297.254	2073.000
1297.394	2291.000
1297.535	2190.000
1297.675	2305.000
1297.816	2083.000
1297.956	2283.000
1298.096	2148.000
1298.237	2315.000
1298.377	2114.000
1298.518	2382.000
1298.658	2114.000
1298.798	2284.000
1298.939	2090.000
1299.079	2340.000
1299.219	2112.000
1299.360	2309.000
1299.500	2114.000
1299.640	2302.000
1299.781	2076.000
1299.921	2269.000
1300.061	2080.000
1300.201	2361.000
1300.342	2171.000
1300.482	2285.000
1300.622	2088.000
1300.762	2332.000
1300.902	2108.000
1301.043	2301.000
1301.183	2067.000
1301.323	2305.000
1301.463	2059.000
1301.603	2316.000
1301.743	2131.000
1301.884	2330.000
1302.024	2086.000
1302.164	2291.000
1302.304	2061.000
1302.444	2347.000
1302.584	2110.000
1302.724	2312.000
1302.864	2124.000
1303.004	2321.000
1303.144	2028.000
1303.284	2300.000
1303.424	2160.000
1303.564	2381.000
1303.704	2111.000
1303.844	2290.000
1303.984	2143.000
1304.124	2253.000
1304.264	2072.000
1304.404	2324.000
1304.544	2101.000
1304.684	2315.000
1304.824	2067.000
1304.964	2293.000
1305.104	2054.000
1305.244	2323.000
1305.383	2114.000
1305.523	2341.000
1305.663	2039.000
1305.803	2319.000
1305.943	2064.000
1306.083	2338.000
1306.222	2078.000
1306.362	2371.000
1306.502	2069.000
1306.642	2286.000
1306.782	2085.000
1306.921	2253.000
1307.061	2089.000
1307.201	2371.000
1307.341	2094.000
1307.480	2269.000
1307.620	2113.000
1307.760	2288.000
1307.899	2093.000
1308.039	2341.000
1308.179	2108.000
1308.318	2250.000
1308.458	2091.000
1308.598	2293.000
1308.737	2143.000
1308.877	2272.000
1309.017	2111.000
1309.156	2276.000
1309.296	2106.000
1309.435	2349.000
1309.575	2085.000
1309.714	2248.000
1309.854	2153.000
1309.993	2311.000
1310.133	2086.000
1310.273	2375.000
1310.412	2126.000
1310.551	2353.000
1310.691	2151.000
1310.830	2321.000
1310.970	2133.000
1311.109	2299.000
1311.249	2089.000
1311.388	2371.000
1311.528	2131.000
1311.667	2265.000
1311.806	2147.000
1311.946	2361.000
1312.085	2121.000
1312.225	2275.000
1312.364	2064.000
1312.503	2344.000
1312.643	2100.000
1312.782	2308.000
1312.921	2144.000
1313.061	2405.000
1313.200	2224.000
1313.339	2318.000
1313.478	2108.000
1313.618	2323.000
1313.757	2085.000
1313.896	2375.000
1314.035	2076.000
1314.175	2380.000
1314.314	2097.000
1314.453	2248.000
1314.592	2167.000
1314.731	2307.000
1314.871	2085.000
1315.010	2299.000
1315.149	2103.000
1315.288	2357.000
1315.427	2092.000
1315.566	2294.000
1315.705	2073.000
1315.845	2269.000
1315.984	2075.000
1316.123	2331.000
1316.262	2111.000
1316.401	2280.000
1316.540	2176.000
1316.679	2315.000
1316.818	2106.000
1316.957	2384.000
1317.096	2128.000
1317.235	2314.000
1317.374	2109.000
1317.513	2272.000
1317.652	2109.000
1317.791	2284.000
1317.930	2143.000
1318.069	2236.000
1318.208	2107.000
1318.347	2249.000
1318.486	2137.000
1318.624	2312.000
1318.763	2111.000
1318.902	2321.000
1319.041	2129.000
1319.180	2355.000
1319.319	2101.000
1319.458	2283.000
1319.596	2141.000
1319.735	2315.000
1319.874	2133.000
1320.013	2299.000
1320.152	2124.000
1320.290	2250.000
1320.429	2139.000
1320.568	2310.000
1320.707	2149.000
1320.845	2312.000
1320.984	2098.000
1321.123	2271.000
1321.262	2120.000
1321.400	2268.000
1321.539	2105.000
1321.678	2363.000
1321.816	2131.000
1321.955	2323.000
1322.094	2089.000
1322.232	2294.000
1322.371	2103.000
1322.509	2253.000
1322.648	2039.000
1322.787	2340.000
1322.925	2085.000
1323.064	2357.000
1323.202	2144.000
1323.341	2370.000
1323.479	2085.000
1323.618	2341.000
1323.756	2114.000
1323.895	2277.000
1324.033	2067.000
1324.172	2351.000
1324.310	2063.000
1324.449	2363.000
1324.587	2150.000
1324.726	2351.000
1324.864	2062.000
1325.003	2311.000
1325.141	2092.000
1325.279	2326.000
1325.418	2118.000
1325.556	2315.000
1325.695	2158.000
1325.833	2357.000
1325.971	2133.000
1326.110	2283.000
1326.248	2107.000
1326.386	2348.000
1326.525	2078.000
1326.663	2364.000
1326.801	2078.000
1326.939	2324.000
1327.078	2070.000
1327.216	2338.000
1327.354	2077.000
1327.492	2370.000
1327.631	2176.000
1327.769	2357.000
1327.907	2075.000
1328.045	2314.000
1328.184	2088.000
1328.322	2258.000
1328.460	2119.000
1328.598	2325.000
1328.736	2152.000
1328.874	2313.000
1329.012	2135.000
1329.151	2330.000
1329.289	2135.000
1329.427	2310.000
1329.565	2096.000
1329.703	2368.000
1329.841	2090.000
1329.979	2308.000
1330.117	2097.000
1330.255	2303.000
1330.393	2063.000
1330.531	2344.000
1330.669	2163.000
1330.807	2285.000
1330.945	2179.000
1331.083	2440.000
1331.221	2071.000
1331.359	2365.000
1331.497	2177.000
1331.635	2311.000
1331.773	2080.000
1331.911	2283.000
1332.049	2081.000
1332.187	2306.000
1332.324	2106.000
1332.462	2325.000
1332.600	2121.000
1332.738	2307.000
1332.876	2131.000
1333.014	2403.000
1333.151	2158.000
1333.289	2337.000
1333.427	2201.000
1333.565	2337.000
1333.703	2145.000
1333.840	2357.000
1333.978	1919.000
1334.116	2290.000
1334.254	2107.000
1334.391	2272.000
1334.529	2054.000
1334.667	2279.000
1334.804	2061.000
1334.942	2343.000
1335.080	2203.000
1335.218	2359.000
1335.355	2169.000
1335.493	2297.000
1335.630	2119.000
1335.768	2347.000
1335.906	2172.000
1336.043	2328.000
1336.181	2046.000
1336.318	2325.000
1336.456	2080.000
1336.594	2308.000
1336.731	2116.000
1336.869	2289.000
1337.006	2134.000
1337.144	2348.000
1337.281	2079.000
1337.419	2357.000
1337.556	2095.000
1337.694	2410.000
1337.831	2145.000
1337.969	2272.000
1338.106	2168.000
1338.244	2276.000
1338.381	2101.000
1338.518	2241.000
1338.656	2052.000
1338.793	2255.000
1338.931	2082.000
1339.068	2383.000
1339.205	2108.000
1339.343	2346.000
1339.480	2085.000
1339.617	2255.000
1339.755	2072.000
1339.892	2315.000
1340.029	1991.000
1340.167	2295.000
1340.304	2008.000
1340.441	2269.000
1340.578	2049.000
1340.716	2269.000
1340.853	2151.000
1340.990	2304.000
1341.127	2061.000
1341.265	2386.000
1341.402	2015.000
1341.539	2299.000
1341.676	2121.000
1341.813	2344.000
1341.950	2089.000
1342.088	2419.000
1342.225	2814.000
1342.362	2338.000
1342.499	2109.000
1342.636	2336.000
1342.773	2111.000
1342.910	2299.000
1343.047	2029.000
1343.184	2270.000
1343.322	2195.000
1343.459	2367.000
1343.596	2157.000
1343.733	2254.000
1343.870	2077.000
1344.007	2308.000
1344.144	2142.000
1344.281	2393.000
1344.418	2114.000
1344.555	2276.000
1344.692	2087.000
1344.828	2331.000
1344.965	2120.000
1345.102	2346.000
1345.239	2133.000
1345.376	2329.000
1345.513	2136.000
1345.650	2293.000
1345.787	2063.000
1345.924	2269.000
1346.061	2067.000
1346.197	2380.000
1346.334	2116.000
1346.471	2341.000
1346.608	2080.000
1346.745	2340.000
1346.881	2153.000
1347.018	2355.000
1347.155	2107.000
1347.292	2336.000
1347.428	2046.000
1347.565	2316.000
1347.702	2043.000
1347.839	2362.000
1347.975	2077.000
1348.112	2373.000
1348.249	2108.000
1348.385	2312.000
1348.522	2120.000
1348.659	2415.000
1348.795	2037.000
1348.932	2320.000
1349.069	2162.000
1349.205	2304.000
1349.342	2064.000
1349.479	2329.000
1349.615	2074.000
1349.752	2321.000
1349.888	2095.000
1350.025	2294.000
1350.161	2092.000
1350.298	2303.000
1350.434	2137.000
1350.571	2311.000
1350.707	2164.000
1350.844	2391.000
1350.980	2061.000
1351.117	2302.000
1351.253	2076.000
1351.390	2279.000
1351.526	2175.000
1351.663	2355.000
1351.799	2111.000
1351.935	2314.000
1352.072	2159.000
1352.208	2346.000
1352.345	2141.000
1352.481	2390.000
1352.617	2148.000
1352.754	2355.000
1352.890	2124.000
1353.026	2304.000
1353.163	2124.000
1353.299	2335.000
1353.435	2121.000
1353.572	2220.000
1353.708	2163.000
1353.844	2352.000
1353.980	2169.000
1354.117	2322.000
1354.253	2095.000
1354.389	2227.000
1354.525	2159.000
1354.662	2371.000
