1349.911	2203.000
1350.059	2384.000
1350.208	2189.000
1350.356	2495.000
1350.505	2196.000
1350.653	2487.000
1350.801	2181.000
1350.949	2459.000
1351.098	2180.000
1351.246	2437.000
1351.394	2155.000
1351.543	2464.000
1351.691	2204.000
1351.839	2400.000
1351.987	2201.000
1352.135	2482.000
1352.284	2152.000
1352.432	2498.000
1352.580	2157.000
1352.728	2494.000
1352.876	2143.000
1353.024	2387.000
1353.172	2294.000
1353.320	2420.000
1353.469	2247.000
1353.617	2421.000
1353.765	2237.000
1353.913	2413.000
1354.061	2201.000
1354.209	2402.000
1354.357	2205.000
1354.505	2487.000
1354.653	2272.000
1354.801	2437.000
1354.948	2177.000
1355.096	2429.000
1355.244	2285.000
1355.392	2416.000
1355.540	2242.000
1355.688	2493.000
1355.836	2203.000
1355.984	2502.000
1356.132	2184.000
1356.279	2515.000
1356.427	2177.000
1356.575	2435.000
1356.723	2248.000
1356.870	2413.000
1357.018	2233.000
1357.166	2462.000
1357.314	2171.000
1357.461	2423.000
1357.609	2232.000
1357.757	2474.000
1357.904	2174.000
1358.052	2459.000
1358.200	2164.000
1358.347	2453.000
1358.495	2159.000
1358.643	2415.000
1358.790	2255.000
1358.938	2389.000
1359.085	2179.000
1359.233	2384.000
1359.380	2155.000
1359.528	2484.000
1359.675	2200.000
1359.823	2399.000
1359.970	2166.000
1360.118	2422.000
1360.265	2205.000
1360.413	2411.000
1360.560	2227.000
1360.708	2424.000
1360.855	2145.000
1361.002	2418.000
1361.150	2169.000
1361.297	2406.000
1361.445	2226.000
1361.592	2489.000
1361.739	2146.000
1361.887	2389.000
1362.034	2210.000
1362.181	2411.000
1362.328	2145.000
1362.476	2406.000
1362.623	2173.000
1362.770	2415.000
1362.917	2228.000
1363.065	2380.000
1363.212	2178.000
1363.359	2428.000
1363.506	2231.000
1363.653	2411.000
1363.800	2190.000
1363.947	2403.000
1364.095	2150.000
1364.242	2407.000
1364.389	2192.000
1364.536	2440.000
1364.683	2154.000
1364.830	2354.000
1364.977	2129.000
1365.124	2352.000
1365.271	2167.000
1365.418	2455.000
1365.565	2155.000
1365.712	2376.000
1365.859	2156.000
1366.006	2361.000
1366.153	2195.000
1366.300	2388.000
1366.447	2060.000
1366.593	2415.000
1366.740	2157.000
1366.887	2368.000
1367.034	2176.000
1367.181	2420.000
1367.328	2179.000
1367.474	2354.000
1367.621	2156.000
1367.768	2357.000
1367.915	2167.000
1368.062	2443.000
1368.208	2135.000
1368.355	2394.000
1368.502	2125.000
1368.648	2328.000
1368.795	2238.000
1368.942	2404.000
1369.088	2170.000
1369.235	2393.000
1369.382	2155.000
1369.528	2344.000
1369.675	2117.000
1369.821	2371.000
1369.968	2171.000
1370.115	2401.000
1370.261	2133.000
1370.408	2383.000
1370.554	2215.000
1370.701	2400.000
1370.847	2154.000
1370.994	2338.000
1371.140	2155.000
1371.287	2439.000
1371.433	2209.000
1371.579	2358.000
1371.726	2141.000
1371.872	2396.000
1372.019	2157.000
1372.165	2379.000
1372.311	2172.000
1372.458	2328.000
1372.604	2125.000
1372.750	2424.000
1372.897	2197.000
1373.043	2420.000
1373.189	2161.000
1373.336	2429.000
1373.482	2186.000
1373.628	2352.000
1373.774	2178.000
1373.921	2379.000
1374.067	2124.000
1374.213	2354.000
1374.359	2201.000
1374.505	2369.000
1374.651	2168.000
1374.798	2407.000
1374.944	2109.000
1375.090	2398.000
1375.236	2185.000
1375.382	2315.000
1375.528	2170.000
1375.674	2396.000
1375.820	2118.000
1375.966	2384.000
1376.112	2110.000
1376.258	2328.000
1376.404	2149.000
1376.550	2402.000
1376.696	2193.000
1376.842	2405.000
1376.988	2085.000
1377.134	2280.000
1377.280	2189.000
1377.426	2358.000
1377.572	2172.000
1377.717	2412.000
1377.863	2134.000
1378.009	2354.000
1378.155	2107.000
1378.301	2371.000
1378.447	2167.000
1378.592	2436.000
1378.738	2123.000
1378.884	2350.000
1379.030	2071.000
1379.175	2425.000
1379.321	2249.000
1379.467	2331.000
1379.613	2193.000
1379.758	2328.000
1379.904	2139.000
1380.050	2367.000
1380.195	2167.000
1380.341	2441.000
1380.486	2098.000
1380.632	2379.000
1380.778	2134.000
1380.923	2357.000
1381.069	2117.000
1381.214	2448.000
1381.360	2134.000
1381.505	2347.000
1381.651	2111.000
1381.796	2344.000
1381.942	2091.000
1382.087	2336.000
1382.233	2147.000
1382.378	2371.000
1382.524	2172.000
1382.669	2392.000
1382.814	2043.000
1382.960	2390.000
1383.105	2110.000
1383.251	2365.000
1383.396	2138.000
1383.541	2408.000
1383.687	2168.000
1383.832	2380.000
1383.977	2103.000
1384.122	2392.000
1384.268	2153.000
1384.413	2330.000
1384.558	2161.000
1384.703	2412.000
1384.849	2102.000
1384.994	2344.000
1385.139	2124.000
1385.284	2373.000
1385.429	2139.000
1385.575	2359.000
1385.720	2083.000
1385.865	2399.000
1386.010	2174.000
1386.155	2362.000
1386.300	2197.000
1386.445	2432.000
1386.590	2163.000
1386.735	2338.000
1386.880	2122.000
1387.025	2341.000
1387.170	2110.000
1387.315	2411.000
1387.460	2237.000
1387.605	2423.000
1387.750	2115.000
1387.895	2428.000
1388.040	2252.000
1388.185	2387.000
1388.330	2122.000
1388.475	2406.000
1388.620	2157.000
1388.764	2363.000
1388.909	2127.000
1389.054	2395.000
1389.199	2147.000
1389.344	2346.000
1389.489	2141.000
1389.633	2354.000
1389.778	2165.000
1389.923	2356.000
1390.068	2134.000
1390.212	2405.000
1390.357	2142.000
1390.502	2430.000
1390.646	2184.000
1390.791	2349.000
1390.936	2174.000
1391.080	2412.000
1391.225	2105.000
1391.370	2366.000
1391.514	2224.000
1391.659	2383.000
1391.803	2160.000
1391.948	2320.000
1392.092	2147.000
1392.237	2373.000
1392.381	2167.000
1392.526	2356.000
1392.670	2214.000
1392.815	2402.000
1392.959	2143.000
1393.104	2397.000
1393.248	2009.000
1393.393	2415.000
1393.537	2153.000
1393.682	2343.000
1393.826	2145.000
1393.970	2396.000
1394.115	2145.000
1394.259	2383.000
1394.403	2227.000
1394.548	2263.000
1394.692	2093.000
1394.836	2367.000
1394.981	2125.000
1395.125	2347.000
1395.269	2118.000
1395.413	2402.000
1395.558	2226.000
1395.702	2371.000
1395.846	2119.000
1395.990	2377.000
1396.134	2191.000
1396.278	2400.000
1396.423	2097.000
1396.567	2420.000
1396.711	2130.000
1396.855	2289.000
1396.999	2189.000
1397.143	2345.000
1397.287	2170.000
1397.431	2459.000
1397.575	2143.000
1397.719	2248.000
1397.863	2185.000
1398.007	2382.000
1398.151	2197.000
1398.295	2349.000
1398.439	2054.000
1398.583	2389.000
1398.727	2143.000
1398.871	2368.000
1399.015	2105.000
1399.159	2395.000
1399.303	2160.000
1399.447	2359.000
1399.590	2187.000
1399.734	2375.000
1399.878	2159.000
1400.022	2412.000
1400.166	2131.000
1400.310	2336.000
1400.453	2208.000
1400.597	2363.000
1400.741	2080.000
1400.885	2391.000
1401.028	2067.000
1401.172	2328.000
1401.316	2142.000
1401.459	2376.000
1401.603	2150.000
1401.747	2328.000
1401.890	2147.000
1402.034	2275.000
1402.178	2140.000
1402.321	2365.000
1402.465	2224.000
1402.608	2297.000
1402.752	2154.000
1402.895	2335.000
1403.039	2167.000
1403.182	2347.000
1403.326	2112.000
1403.469	2294.000
1403.613	2143.000
1403.756	2335.000
1403.900	2143.000
1404.043	2350.000
1404.187	2061.000
1404.330	2409.000
1404.474	2070.000
1404.617	2375.000
1404.760	2108.000
1404.904	2422.000
1405.047	2141.000
1405.190	2460.000
1405.334	2107.000
1405.477	2451.000
1405.620	2115.000
1405.764	2353.000
1405.907	2150.000
1406.050	2355.000
1406.193	2135.000
1406.336	2305.000
1406.480	2146.000
1406.623	2375.000
1406.766	2094.000
1406.909	2345.000
1407.052	2130.000
1407.196	2359.000
1407.339	2210.000
1407.482	2412.000
1407.625	2201.000
1407.768	2353.000
1407.911	2114.000
1408.054	2406.000
1408.197	2108.000
1408.340	2393.000
1408.483	2170.000
1408.626	2368.000
1408.769	2220.000
1408.912	2297.000
1409.055	2049.000
1409.198	2303.000
1409.341	2160.000
1409.484	2434.000
1409.627	2157.000
1409.770	2341.000
1409.913	2079.000
1410.056	2369.000
1410.199	2171.000
1410.341	2326.000
1410.484	2071.000
1410.627	2400.000
1410.770	2185.000
1410.913	2349.000
1411.055	2114.000
1411.198	2381.000
1411.341	2110.000
1411.484	2404.000
1411.626	2186.000
1411.769	2307.000
1411.912	2054.000
1412.055	2350.000
1412.197	2148.000
1412.340	2428.000
1412.483	2108.000
1412.625	2404.000
1412.768	2126.000
1412.910	2351.000
1413.053	2171.000
1413.196	2386.000
1413.338	2155.000
1413.481	2363.000
1413.623	2173.000
1413.766	2379.000
1413.908	2191.000
1414.051	2430.000
1414.193	2183.000
1414.336	2423.000
1414.478	2147.000
1414.621	2321.000
1414.763	2103.000
1414.906	2424.000
1415.048	2115.000
1415.190	2327.000
1415.333	2112.000
1415.475	2309.000
1415.618	2121.000
1415.760	2321.000
1415.902	2156.000
1416.044	2344.000
1416.187	2169.000
1416.329	2382.000
1416.471	2181.000
1416.614	2348.000
1416.756	2152.000
1416.898	2406.000
1417.040	2187.000
1417.183	2360.000
1417.325	2131.000
1417.467	2421.000
1417.609	2125.000
1417.751	2338.000
1417.893	2113.000
1418.036	2333.000
1418.178	2154.000
1418.320	2377.000
1418.462	2093.000
1418.604	2355.000
1418.746	2115.000
1418.888	2315.000
1419.030	2227.000
1419.172	2313.000
1419.314	2093.000
1419.456	2355.000
1419.598	2069.000
1419.740	2383.000
1419.882	2206.000
1420.024	2312.000
1420.166	2157.000
1420.308	2316.000
1420.450	2170.000
1420.592	2349.000
1420.733	2166.000
1420.875	2388.000
1421.017	2125.000
1421.159	2374.000
1421.301	2161.000
1421.443	2376.000
1421.584	2166.000
1421.726	2405.000
1421.868	2192.000
1422.010	2388.000
1422.152	2165.000
1422.293	2263.000
1422.435	2086.000
1422.577	2402.000
1422.718	2080.000
1422.860	2350.000
1423.002	2142.000
1423.143	2354.000
1423.285	2140.000
1423.427	2354.000
1423.568	2132.000
1423.710	2408.000
1423.851	2047.000
1423.993	2404.000
1424.135	2155.000
1424.276	2332.000
1424.418	2191.000
1424.559	2389.000
1424.701	2141.000
1424.842	2349.000
1424.984	2088.000
1425.125	2340.000
1425.267	2149.000
1425.408	2331.000
1425.549	2076.000
1425.691	2339.000
1425.832	2273.000
1425.974	2378.000
1426.115	2151.000
1426.256	2403.000
1426.398	2100.000
1426.539	2338.000
1426.680	2081.000
1426.822	2363.000
1426.963	2075.000
1427.104	2463.000
1427.245	2133.000
1427.387	2399.000
1427.528	2119.000
1427.669	2414.000
1427.810	2163.000
1427.952	2391.000
1428.093	2092.000
1428.234	2300.000
1428.375	2097.000
1428.516	2383.000
1428.657	2157.000
1428.798	2358.000
1428.940	2055.000
1429.081	2377.000
1429.222	2130.000
1429.363	2323.000
1429.504	2120.000
1429.645	2353.000
1429.786	2087.000
1429.927	2347.000
1430.068	2071.000
1430.209	2389.000
1430.350	2161.000
1430.491	2414.000
1430.632	2130.000
1430.773	2331.000
1430.914	2107.000
1431.054	2333.000
1431.195	2152.000
1431.336	2439.000
1431.477	2117.000
1431.618	2362.000
1431.759	2058.000
1431.900	2334.000
1432.040	2139.000
1432.181	2379.000
1432.322	2122.000
1432.463	2314.000
1432.603	2222.000
1432.744	2311.000
1432.885	2108.000
1433.026	2393.000
1433.166	2080.000
1433.307	2347.000
1433.448	2082.000
1433.588	2423.000
1433.729	2155.000
1433.870	2281.000
1434.010	2105.000
1434.151	2353.000
1434.292	2147.000
1434.432	2292.000
1434.573	2067.000
1434.713	2353.000
1434.854	2179.000
1434.994	2352.000
1435.135	2172.000
1435.275	2423.000
1435.416	2136.000
1435.556	2347.000
1435.697	2137.000
1435.837	2334.000
1435.978	2059.000
1436.118	2327.000
1436.258	2179.000
1436.399	2378.000
1436.539	2100.000
1436.680	2361.000
1436.820	2127.000
1436.960	2372.000
1437.101	2046.000
1437.241	2348.000
1437.381	2096.000
1437.522	2284.000
1437.662	2081.000
1437.802	2303.000
1437.942	2220.000
1438.083	2323.000
1438.223	2104.000
1438.363	2334.000
1438.503	2152.000
1438.643	2358.000
1438.784	2106.000
1438.924	2364.000
1439.064	2152.000
1439.204	2312.000
1439.344	2125.000
1439.484	2367.000
1439.624	2125.000
1439.764	2327.000
1439.904	2135.000
1440.044	2331.000
1440.184	2094.000
1440.324	2282.000
1440.464	2063.000
1440.604	2371.000
1440.744	2178.000
1440.884	2310.000
1441.024	2091.000
1441.164	2321.000
1441.304	2126.000
1441.444	2315.000
1441.584	2095.000
1441.724	2311.000
1441.864	2083.000
1442.004	2286.000
1442.144	2141.000
1442.283	2339.000
1442.423	2102.000
1442.563	2284.000
1442.703	2066.000
1442.843	2362.000
1442.982	2094.000
1443.122	2314.000
1443.262	2136.000
1443.402	2316.000
1443.541	2037.000
1443.681	2288.000
1443.821	2188.000
1443.960	2373.000
1444.100	2113.000
1444.240	2301.000
1444.379	2151.000
1444.519	2286.000
1444.659	2074.000
1444.798	2334.000
1444.938	2125.000
1445.077	2329.000
1445.217	2065.000
1445.356	2336.000
1445.496	2048.000
1445.635	2326.000
1445.775	2101.000
1445.914	2360.000
1446.054	2035.000
1446.193	2327.000
1446.333	2096.000
1446.472	2345.000
1446.612	2091.000
1446.751	2367.000
1446.890	2078.000
1447.030	2315.000
1447.169	2109.000
1447.309	2286.000
1447.448	2095.000
1447.587	2369.000
1447.727	2087.000
1447.866	2286.000
1448.005	2106.000
1448.144	2308.000
1448.284	2124.000
1448.423	2341.000
1448.562	2104.000
1448.701	2252.000
1448.841	2104.000
1448.980	2310.000
1449.119	2139.000
1449.258	2292.000
1449.397	2114.000
1449.536	2292.000
1449.676	2144.000
1449.815	2380.000
1449.954	2100.000
1450.093	2288.000
1450.232	2157.000
1450.371	2324.000
1450.510	2107.000
1450.649	2401.000
1450.788	2154.000
1450.927	2342.000
1451.066	2162.000
1451.205	2343.000
1451.344	2154.000
1451.483	2332.000
1451.622	2100.000
1451.761	2365.000
1451.900	2151.000
1452.039	2312.000
1452.178	2188.000
1452.316	2357.000
1452.455	2089.000
1452.594	2274.000
1452.733	2075.000
1452.872	2355.000
1453.011	2129.000
1453.149	2322.000
1453.288	2129.000
1453.427	2409.000
1453.566	2241.000
1453.704	2351.000
1453.843	2140.000
1453.982	2326.000
1454.121	2103.000
1454.259	2384.000
1454.398	2110.000
1454.537	2366.000
1454.675	2095.000
1454.814	2266.000
1454.952	2154.000
1455.091	2312.000
1455.230	2107.000
1455.368	2315.000
1455.507	2102.000
1455.645	2360.000
1455.784	2120.000
1455.922	2275.000
1456.061	2118.000
1456.199	2258.000
1456.338	2098.000
1456.476	2361.000
1456.615	2133.000
1456.753	2302.000
1456.892	2199.000
1457.030	2314.000
1457.169	2101.000
1457.307	2403.000
1457.445	2132.000
1457.584	2345.000
1457.722	2115.000
1457.860	2281.000
1457.999	2154.000
1458.137	2291.000
1458.275	2125.000
1458.414	2245.000
1458.552	2125.000
1458.690	2244.000
1458.828	2147.000
1458.967	2336.000
1459.105	2144.000
1459.243	2343.000
1459.381	2142.000
1459.519	2356.000
1459.658	2102.000
1459.796	2316.000
1459.934	2129.000
1460.072	2313.000
1460.210	2144.000
1460.348	2303.000
1460.486	2112.000
1460.624	2270.000
1460.762	2152.000
1460.900	2353.000
1461.038	2157.000
1461.176	2336.000
1461.314	2119.000
1461.452	2267.000
1461.590	2110.000
1461.728	2277.000
1461.866	2096.000
1462.004	2355.000
1462.142	2129.000
1462.280	2352.000
1462.418	2106.000
1462.556	2295.000
1462.694	2130.000
1462.832	2295.000
1462.970	2067.000
1463.107	2361.000
1463.245	2092.000
1463.383	2356.000
1463.521	2175.000
1463.659	2376.000
1463.796	2083.000
1463.934	2366.000
1464.072	2104.000
1464.210	2294.000
1464.347	2105.000
1464.485	2368.000
1464.623	2048.000
1464.760	2377.000
1464.898	2136.000
1465.036	2379.000
1465.173	2079.000
1465.311	2294.000
1465.448	2101.000
1465.586	2344.000
1465.724	2114.000
1465.861	2347.000
1465.999	2136.000
1466.136	2354.000
1466.274	2158.000
1466.411	2301.000
1466.549	2123.000
1466.686	2375.000
1466.824	2098.000
1466.961	2337.000
1467.099	2087.000
1467.236	2354.000
1467.374	2087.000
1467.511	2353.000
1467.648	2100.000
1467.786	2363.000
1467.923	2163.000
1468.060	2352.000
1468.198	2075.000
1468.335	2325.000
1468.472	2145.000
1468.610	2301.000
1468.747	2130.000
1468.884	2319.000
1469.021	2179.000
1469.159	2341.000
1469.296	2143.000
1469.433	2342.000
1469.570	2165.000
1469.708	2351.000
1469.845	2110.000
1469.982	2372.000
1470.119	2110.000
1470.256	2328.000
1470.393	2117.000
1470.530	2309.000
1470.668	2079.000
1470.805	2347.000
1470.942	2182.000
1471.079	2275.000
1471.216	2187.000
1471.353	2423.000
1471.490	2097.000
1471.627	2366.000
1471.764	2182.000
1471.901	2327.000
1472.038	2100.000
1472.175	2287.000
1472.312	2119.000
1472.449	2298.000
1472.586	2127.000
1472.722	2350.000
1472.859	2147.000
1472.996	2331.000
1473.133	2132.000
1473.270	2382.000
1473.407	2183.000
1473.544	2350.000
1473.680	2203.000
1473.817	2331.000
1473.954	2153.000
1474.091	2335.000
1474.227	1944.000
1474.364	2323.000
1474.501	2131.000
1474.638	2292.000
1474.774	2080.000
1474.911	2300.000
1475.048	2079.000
1475.184	2334.000
1475.321	2194.000
1475.458	2334.000
1475.594	2173.000
1475.731	2312.000
1475.867	2142.000
1476.004	2368.000
1476.140	2178.000
1476.277	2320.000
1476.414	2073.000
1476.550	2363.000
1476.687	2115.000
1476.823	2316.000
1476.960	2134.000
1477.096	2279.000
1477.233	2139.000
1477.369	2366.000
1477.505	2106.000
1477.642	2353.000
1477.778	2080.000
1477.915	2423.000
1478.051	2165.000
1478.187	2276.000
1478.324	2175.000
1478.460	2286.000
1478.596	2130.000
1478.733	2255.000
1478.869	2079.000
1479.005	2275.000
1479.142	2104.000
1479.278	2386.000
1479.414	2118.000
1479.550	2352.000
1479.686	2095.000
1479.823	2268.000
1479.959	2085.000
1480.095	2288.000
1480.231	2008.000
1480.367	2295.000
1480.503	2044.000
1480.640	2301.000
1480.776	2071.000
1480.912	2282.000
1481.048	2166.000
1481.184	2301.000
1481.320	2093.000
1481.456	2374.000
1481.592	2041.000
1481.728	2299.000
1481.864	2093.000
1482.000	2341.000
1482.136	2089.000
1482.272	2403.000
1482.408	2822.000
1482.544	2320.000
1482.680	2140.000
1482.816	2319.000
1482.952	2150.000
1483.088	2311.000
1483.223	2044.000
1483.359	2288.000
1483.495	2201.000
1483.631	2375.000
1483.767	2173.000
1483.903	2279.000
1484.038	2088.000
1484.174	2321.000
1484.310	2169.000
1484.446	2393.000
1484.581	2101.000
1484.717	2279.000
1484.853	2105.000
1484.988	2348.000
1485.124	2137.000
1485.260	2336.000
1485.395	2127.000
1485.531	2337.000
1485.667	2163.000
1485.802	2300.000
1485.938	2071.000
1486.074	2285.000
1486.209	2055.000
1486.345	2372.000
1486.480	2116.000
1486.616	2316.000
1486.751	2095.000
1486.887	2373.000
1487.022	2145.000
1487.158	2398.000
1487.293	2148.000
1487.429	2326.000
1487.564	2029.000
1487.700	2342.000
1487.835	2068.000
1487.970	2350.000
1488.106	2091.000
1488.241	2380.000
1488.377	2112.000
1488.512	2317.000
1488.647	2116.000
1488.783	2398.000
1488.918	2051.000
1489.053	2330.000
1489.188	2149.000
1489.324	2319.000
1489.459	2107.000
1489.594	2359.000
1489.729	2067.000
1489.865	2317.000
1490.000	2109.000
1490.135	2292.000
1490.270	2127.000
1490.405	2305.000
1490.541	2146.000
1490.676	2319.000
1490.811	2149.000
1490.946	2417.000
1491.081	2075.000
1491.216	2302.000
1491.351	2104.000
1491.486	2313.000
1491.621	2194.000
1491.756	2358.000
1491.891	2102.000
1492.026	2315.000
1492.161	2139.000
1492.296	2359.000
1492.431	2144.000
1492.566	2419.000
1492.701	2180.000
1492.836	2388.000
1492.971	2136.000
1493.106	2311.000
1493.241	2110.000
1493.376	2332.000
1493.510	2129.000
1493.645	2222.000
1493.780	2174.000
1493.915	2373.000
1494.050	2198.000
1494.184	2332.000
1494.319	2088.000
1494.454	2259.000
1494.589	2183.000
1494.723	2384.000
