1069.907	2259.000
1070.052	2429.000
1070.198	2255.000
1070.343	2524.000
1070.488	2243.000
1070.633	2523.000
1070.778	2225.000
1070.924	2493.000
1071.069	2249.000
1071.214	2471.000
1071.359	2197.000
1071.504	2535.000
1071.649	2245.000
1071.794	2435.000
1071.940	2199.000
1072.085	2525.000
1072.230	2178.000
1072.375	2529.000
1072.520	2167.000
1072.665	2475.000
1072.810	2168.000
1072.955	2458.000
1073.100	2313.000
1073.245	2474.000
1073.390	2310.000
1073.535	2468.000
1073.681	2247.000
1073.826	2446.000
1073.971	2236.000
1074.116	2417.000
1074.261	2234.000
1074.406	2515.000
1074.551	2266.000
1074.696	2451.000
1074.841	2208.000
1074.986	2462.000
1075.130	2291.000
1075.275	2454.000
1075.420	2288.000
1075.565	2504.000
1075.710	2219.000
1075.855	2528.000
1076.000	2209.000
1076.145	2494.000
1076.290	2225.000
1076.435	2486.000
1076.580	2251.000
1076.725	2411.000
1076.870	2241.000
1077.014	2486.000
1077.159	2203.000
1077.304	2453.000
1077.449	2264.000
1077.594	2473.000
1077.739	2192.000
1077.883	2464.000
1078.028	2175.000
1078.173	2467.000
1078.318	2195.000
1078.463	2442.000
1078.608	2268.000
1078.752	2436.000
1078.897	2227.000
1079.042	2388.000
1079.187	2159.000
1079.331	2500.000
1079.476	2240.000
1079.621	2445.000
1079.766	2210.000
1079.910	2422.000
1080.055	2214.000
1080.200	2423.000
1080.344	2238.000
1080.489	2443.000
1080.634	2147.000
1080.779	2426.000
1080.923	2203.000
1081.068	2400.000
1081.213	2233.000
1081.357	2496.000
1081.502	2190.000
1081.647	2419.000
1081.791	2213.000
1081.936	2438.000
1082.080	2203.000
1082.225	2411.000
1082.370	2160.000
1082.514	2413.000
1082.659	2241.000
1082.803	2394.000
1082.948	2201.000
1083.093	2475.000
1083.237	2241.000
1083.382	2429.000
1083.526	2211.000
1083.671	2416.000
1083.815	2165.000
1083.960	2396.000
1084.104	2196.000
1084.249	2440.000
1084.393	2179.000
1084.538	2340.000
1084.682	2155.000
1084.827	2353.000
1084.971	2178.000
1085.116	2446.000
1085.260	2180.000
1085.405	2380.000
1085.549	2197.000
1085.694	2380.000
1085.838	2199.000
1085.982	2403.000
1086.127	2045.000
1086.271	2400.000
1086.416	2152.000
1086.560	2373.000
1086.704	2204.000
1086.849	2425.000
1086.993	2221.000
1087.138	2379.000
1087.282	2197.000
1087.426	2369.000
1087.571	2193.000
1087.715	2439.000
1087.859	2161.000
1088.004	2416.000
1088.148	2134.000
1088.292	2337.000
1088.437	2259.000
1088.581	2423.000
1088.725	2167.000
1088.869	2424.000
1089.014	2165.000
1089.158	2356.000
1089.302	2149.000
1089.447	2368.000
1089.591	2223.000
1089.735	2427.000
1089.879	2147.000
1090.023	2395.000
1090.168	2223.000
1090.312	2403.000
1090.456	2155.000
1090.600	2328.000
1090.744	2197.000
1090.889	2447.000
1091.033	2214.000
1091.177	2366.000
1091.321	2173.000
1091.465	2423.000
1091.609	2204.000
1091.754	2399.000
1091.898	2157.000
1092.042	2360.000
1092.186	2149.000
1092.330	2419.000
1092.474	2192.000
1092.618	2438.000
1092.762	2191.000
1092.906	2451.000
1093.051	2201.000
1093.195	2355.000
1093.339	2182.000
1093.483	2389.000
1093.627	2135.000
1093.771	2397.000
1093.915	2220.000
1094.059	2397.000
1094.203	2179.000
1094.347	2435.000
1094.491	2119.000
1094.635	2406.000
1094.779	2186.000
1094.923	2344.000
1095.067	2207.000
1095.211	2402.000
1095.355	2116.000
1095.499	2412.000
1095.643	2094.000
1095.787	2322.000
1095.931	2186.000
1096.074	2409.000
1096.218	2191.000
1096.362	2418.000
1096.506	2125.000
1096.650	2299.000
1096.794	2188.000
1096.938	2350.000
1097.082	2222.000
1097.226	2445.000
1097.369	2143.000
1097.513	2342.000
1097.657	2132.000
1097.801	2394.000
1097.945	2184.000
1098.089	2449.000
1098.232	2136.000
1098.376	2345.000
1098.520	2092.000
1098.664	2446.000
1098.808	2249.000
1098.951	2362.000
1099.095	2221.000
1099.239	2371.000
1099.383	2147.000
1099.526	2397.000
1099.670	2172.000
1099.814	2441.000
1099.958	2113.000
1100.101	2393.000
1100.245	2162.000
1100.389	2391.000
1100.533	2109.000
1100.676	2435.000
1100.820	2170.000
1100.964	2386.000
1101.107	2141.000
1101.251	2372.000
1101.395	2110.000
1101.538	2341.000
1101.682	2174.000
1101.825	2410.000
1101.969	2168.000
1102.113	2383.000
1102.256	2080.000
1102.400	2402.000
1102.544	2135.000
1102.687	2376.000
1102.831	2135.000
1102.974	2438.000
1103.118	2184.000
1103.261	2374.000
1103.405	2132.000
1103.549	2399.000
1103.692	2163.000
1103.836	2345.000
1103.979	2155.000
1104.123	2411.000
1104.266	2131.000
1104.410	2355.000
1104.553	2158.000
1104.697	2391.000
1104.840	2178.000
1104.984	2375.000
1105.127	2104.000
1105.271	2386.000
1105.414	2168.000
1105.557	2371.000
1105.701	2240.000
1105.844	2431.000
1105.988	2178.000
1106.131	2340.000
1106.275	2147.000
1106.418	2333.000
1106.561	2132.000
1106.705	2425.000
1106.848	2240.000
1106.992	2427.000
1107.135	2128.000
1107.278	2434.000
1107.422	2238.000
1107.565	2395.000
1107.708	2140.000
1107.852	2424.000
1107.995	2158.000
1108.138	2365.000
1108.282	2145.000
1108.425	2443.000
1108.568	2175.000
1108.712	2358.000
1108.855	2150.000
1108.998	2376.000
1109.141	2181.000
1109.285	2371.000
1109.428	2174.000
1109.571	2385.000
1109.714	2145.000
1109.858	2472.000
1110.001	2176.000
1110.144	2364.000
1110.287	2183.000
1110.430	2387.000
1110.574	2138.000
1110.717	2391.000
1110.860	2243.000
1111.003	2387.000
1111.146	2168.000
1111.290	2348.000
1111.433	2167.000
1111.576	2379.000
1111.719	2178.000
1111.862	2378.000
1112.005	2206.000
1112.148	2399.000
1112.291	2163.000
1112.435	2392.000
1112.578	2038.000
1112.721	2418.000
1112.864	2159.000
1113.007	2364.000
1113.150	2169.000
1113.293	2422.000
1113.436	2153.000
1113.579	2375.000
1113.722	2239.000
1113.865	2297.000
1114.008	2099.000
1114.151	2393.000
1114.294	2149.000
1114.437	2350.000
1114.580	2132.000
1114.723	2422.000
1114.866	2213.000
1115.009	2383.000
1115.152	2133.000
1115.295	2386.000
1115.438	2198.000
1115.581	2376.000
1115.724	2110.000
1115.867	2422.000
1116.010	2154.000
1116.153	2322.000
1116.296	2167.000
1116.439	2329.000
1116.581	2163.000
1116.724	2454.000
1116.867	2141.000
1117.010	2276.000
1117.153	2170.000
1117.296	2386.000
1117.439	2183.000
1117.582	2346.000
1117.724	2083.000
1117.867	2415.000
1118.010	2170.000
1118.153	2338.000
1118.296	2155.000
1118.438	2389.000
1118.581	2175.000
1118.724	2392.000
1118.867	2237.000
1119.010	2374.000
1119.152	2171.000
1119.295	2421.000
1119.438	2130.000
1119.581	2339.000
1119.723	2204.000
1119.866	2371.000
1120.009	2083.000
1120.152	2387.000
1120.294	2090.000
1120.437	2335.000
1120.580	2144.000
1120.722	2400.000
1120.865	2146.000
1121.008	2351.000
1121.150	2163.000
1121.293	2272.000
1121.436	2140.000
1121.578	2393.000
1121.721	2234.000
1121.864	2312.000
1122.006	2181.000
1122.149	2336.000
1122.291	2189.000
1122.434	2383.000
1122.577	2130.000
1122.719	2297.000
1122.862	2152.000
1123.004	2343.000
1123.147	2160.000
1123.289	2392.000
1123.432	2075.000
1123.575	2398.000
1123.717	2072.000
1123.860	2381.000
1124.002	2121.000
1124.145	2408.000
1124.287	2159.000
1124.430	2477.000
1124.572	2107.000
1124.715	2469.000
1124.857	2149.000
1125.000	2360.000
1125.142	2179.000
1125.284	2360.000
1125.427	2150.000
1125.569	2340.000
1125.712	2172.000
1125.854	2422.000
1125.997	2103.000
1126.139	2378.000
1126.281	2145.000
1126.424	2372.000
1126.566	2220.000
1126.709	2431.000
1126.851	2223.000
1126.993	2374.000
1127.136	2116.000
1127.278	2426.000
1127.420	2116.000
1127.563	2396.000
1127.705	2188.000
1127.847	2366.000
1127.990	2207.000
1128.132	2322.000
1128.274	2074.000
1128.417	2333.000
1128.559	2197.000
1128.701	2452.000
1128.844	2155.000
1128.986	2379.000
1129.128	2105.000
1129.270	2400.000
1129.413	2170.000
1129.555	2358.000
1129.697	2107.000
1129.839	2425.000
1129.982	2203.000
1130.124	2353.000
1130.266	2144.000
1130.408	2387.000
1130.550	2148.000
1130.692	2396.000
1130.835	2206.000
1130.977	2320.000
1131.119	2078.000
1131.261	2387.000
1131.403	2155.000
1131.545	2451.000
1131.688	2120.000
1131.830	2409.000
1131.972	2157.000
1132.114	2358.000
1132.256	2183.000
1132.398	2409.000
1132.540	2153.000
1132.682	2359.000
1132.824	2195.000
1132.966	2377.000
1133.109	2186.000
1133.251	2421.000
1133.393	2195.000
1133.535	2432.000
1133.677	2155.000
1133.819	2338.000
1133.961	2119.000
1134.103	2439.000
1134.245	2124.000
1134.387	2341.000
1134.529	2132.000
1134.671	2326.000
1134.813	2114.000
1134.955	2330.000
1135.097	2187.000
1135.239	2344.000
1135.381	2173.000
1135.522	2416.000
1135.664	2202.000
1135.806	2351.000
1135.948	2133.000
1136.090	2419.000
1136.232	2234.000
1136.374	2363.000
1136.516	2163.000
1136.658	2403.000
1136.800	2136.000
1136.941	2383.000
1137.083	2122.000
1137.225	2372.000
1137.367	2170.000
1137.509	2411.000
1137.651	2122.000
1137.792	2379.000
1137.934	2109.000
1138.076	2324.000
1138.218	2206.000
1138.360	2345.000
1138.502	2110.000
1138.643	2383.000
1138.785	2075.000
1138.927	2404.000
1139.069	2226.000
1139.210	2315.000
1139.352	2125.000
1139.494	2317.000
1139.636	2199.000
1139.777	2368.000
1139.919	2203.000
1140.061	2411.000
1140.202	2133.000
1140.344	2403.000
1140.486	2186.000
1140.627	2398.000
1140.769	2143.000
1140.911	2403.000
1141.052	2189.000
1141.194	2419.000
1141.336	2156.000
1141.477	2279.000
1141.619	2100.000
1141.761	2385.000
1141.902	2095.000
1142.044	2345.000
1142.185	2149.000
1142.327	2363.000
1142.469	2140.000
1142.610	2354.000
1142.752	2142.000
1142.893	2398.000
1143.035	2039.000
1143.176	2415.000
1143.318	2141.000
1143.460	2350.000
1143.601	2178.000
1143.743	2405.000
1143.884	2138.000
1144.026	2350.000
1144.167	2124.000
1144.309	2369.000
1144.450	2177.000
1144.592	2372.000
1144.733	2089.000
1144.875	2353.000
1145.016	2256.000
1145.157	2377.000
1145.299	2179.000
1145.440	2407.000
1145.582	2104.000
1145.723	2355.000
1145.865	2113.000
1146.006	2389.000
1146.147	2121.000
1146.289	2476.000
1146.430	2146.000
1146.572	2410.000
1146.713	2142.000
1146.854	2374.000
1146.996	2188.000
1147.137	2404.000
1147.278	2086.000
1147.420	2342.000
1147.561	2132.000
1147.702	2382.000
1147.844	2177.000
1147.985	2346.000
1148.126	2077.000
1148.268	2383.000
1148.409	2146.000
1148.550	2338.000
1148.691	2154.000
1148.833	2343.000
1148.974	2103.000
1149.115	2362.000
1149.256	2078.000
1149.398	2405.000
1149.539	2169.000
1149.680	2431.000
1149.821	2144.000
1149.962	2352.000
1150.104	2095.000
1150.245	2335.000
1150.386	2164.000
1150.527	2464.000
1150.668	2123.000
1150.810	2372.000
1150.951	2067.000
1151.092	2354.000
1151.233	2152.000
1151.374	2406.000
1151.515	2151.000
1151.656	2341.000
1151.797	2227.000
1151.939	2306.000
1152.080	2160.000
1152.221	2387.000
1152.362	2097.000
1152.503	2344.000
1152.644	2106.000
1152.785	2424.000
1152.926	2183.000
1153.067	2290.000
1153.208	2137.000
1153.349	2368.000
1153.490	2135.000
1153.631	2299.000
1153.772	2067.000
1153.913	2329.000
1154.054	2197.000
1154.195	2374.000
1154.336	2185.000
1154.477	2413.000
1154.618	2163.000
1154.759	2355.000
1154.900	2158.000
1155.041	2361.000
1155.182	2046.000
1155.323	2292.000
1155.464	2192.000
1155.605	2383.000
1155.746	2106.000
1155.887	2406.000
1156.027	2126.000
1156.168	2366.000
1156.309	2064.000
1156.450	2342.000
1156.591	2114.000
1156.732	2318.000
1156.873	2085.000
1157.014	2308.000
1157.154	2197.000
1157.295	2339.000
1157.436	2100.000
1157.577	2352.000
1157.718	2159.000
1157.858	2330.000
1157.999	2143.000
1158.140	2351.000
1158.281	2149.000
1158.422	2327.000
1158.562	2123.000
1158.703	2358.000
1158.844	2134.000
1158.985	2302.000
1159.125	2131.000
1159.266	2321.000
1159.407	2096.000
1159.548	2277.000
1159.688	2099.000
1159.829	2375.000
1159.970	2200.000
1160.110	2302.000
1160.251	2114.000
1160.392	2321.000
1160.532	2138.000
1160.673	2322.000
1160.814	2087.000
1160.954	2326.000
1161.095	2069.000
1161.236	2314.000
1161.376	2156.000
1161.517	2360.000
1161.657	2094.000
1161.798	2312.000
1161.939	2091.000
1162.079	2359.000
1162.220	2132.000
1162.360	2315.000
1162.501	2147.000
1162.641	2326.000
1162.782	2043.000
1162.923	2294.000
1163.063	2167.000
1163.204	2388.000
1163.344	2099.000
1163.485	2308.000
1163.625	2170.000
1163.766	2304.000
1163.906	2073.000
1164.047	2343.000
1164.187	2141.000
1164.328	2303.000
1164.468	2085.000
1164.609	2335.000
1164.749	2075.000
1164.889	2359.000
1165.030	2141.000
1165.170	2360.000
1165.311	2072.000
1165.451	2362.000
1165.592	2082.000
1165.732	2340.000
1165.872	2096.000
1166.013	2368.000
1166.153	2076.000
1166.293	2328.000
1166.434	2112.000
1166.574	2300.000
1166.715	2112.000
1166.855	2369.000
1166.995	2099.000
1167.136	2292.000
1167.276	2117.000
1167.416	2317.000
1167.556	2099.000
1167.697	2341.000
1167.837	2123.000
1167.977	2265.000
1168.118	2116.000
1168.258	2331.000
1168.398	2151.000
1168.538	2281.000
1168.679	2135.000
1168.819	2298.000
1168.959	2129.000
1169.099	2370.000
1169.240	2116.000
1169.380	2283.000
1169.520	2176.000
1169.660	2346.000
1169.800	2135.000
1169.941	2428.000
1170.081	2130.000
1170.221	2345.000
1170.361	2173.000
1170.501	2356.000
1170.641	2169.000
1170.782	2345.000
1170.922	2107.000
1171.062	2373.000
1171.202	2156.000
1171.342	2293.000
1171.482	2178.000
1171.622	2362.000
1171.762	2115.000
1171.902	2296.000
1172.043	2102.000
1172.183	2379.000
1172.323	2116.000
1172.463	2313.000
1172.603	2145.000
1172.743	2374.000
1172.883	2259.000
1173.023	2359.000
1173.163	2149.000
1173.303	2325.000
1173.443	2109.000
1173.583	2374.000
1173.723	2095.000
1173.863	2374.000
1174.003	2106.000
1174.143	2262.000
1174.283	2170.000
1174.423	2328.000
1174.563	2116.000
1174.703	2324.000
1174.843	2141.000
1174.982	2351.000
1175.122	2131.000
1175.262	2312.000
1175.402	2126.000
1175.542	2295.000
1175.682	2098.000
1175.822	2347.000
1175.962	2121.000
1176.102	2309.000
1176.241	2205.000
1176.381	2330.000
1176.521	2114.000
1176.661	2436.000
1176.801	2121.000
1176.941	2353.000
1177.080	2131.000
1177.220	2298.000
1177.360	2152.000
1177.500	2300.000
1177.640	2161.000
1177.779	2257.000
1177.919	2135.000
1178.059	2270.000
1178.199	2148.000
1178.339	2337.000
1178.478	2155.000
1178.618	2335.000
1178.758	2136.000
1178.897	2361.000
1179.037	2128.000
1179.177	2322.000
1179.317	2136.000
1179.456	2324.000
1179.596	2149.000
1179.736	2297.000
1179.875	2144.000
1180.015	2287.000
1180.155	2157.000
1180.294	2350.000
1180.434	2186.000
1180.574	2308.000
1180.713	2115.000
1180.853	2289.000
1180.992	2095.000
1181.132	2283.000
1181.272	2138.000
1181.411	2360.000
1181.551	2157.000
1181.690	2346.000
1181.830	2098.000
1181.970	2267.000
1182.109	2109.000
1182.249	2275.000
1182.388	2048.000
1182.528	2354.000
1182.667	2106.000
1182.807	2360.000
1182.946	2147.000
1183.086	2365.000
1183.225	2112.000
1183.365	2365.000
1183.504	2102.000
1183.644	2322.000
1183.783	2128.000
1183.923	2374.000
1184.062	2079.000
1184.202	2392.000
1184.341	2142.000
1184.481	2360.000
1184.620	2102.000
1184.759	2332.000
1184.899	2119.000
1185.038	2326.000
1185.178	2133.000
1185.317	2341.000
1185.456	2140.000
1185.596	2380.000
1185.735	2157.000
1185.874	2301.000
1186.014	2130.000
1186.153	2374.000
1186.293	2096.000
1186.432	2365.000
1186.571	2093.000
1186.711	2359.000
1186.850	2111.000
1186.989	2387.000
1187.128	2078.000
1187.268	2388.000
1187.407	2160.000
1187.546	2364.000
1187.686	2112.000
1187.825	2321.000
1187.964	2137.000
1188.103	2283.000
1188.243	2154.000
1188.382	2343.000
1188.521	2164.000
1188.660	2350.000
1188.799	2157.000
1188.939	2343.000
1189.078	2159.000
1189.217	2320.000
1189.356	2113.000
1189.495	2391.000
1189.635	2116.000
1189.774	2345.000
1189.913	2120.000
1190.052	2320.000
1190.191	2053.000
1190.330	2375.000
1190.469	2176.000
1190.609	2298.000
1190.748	2175.000
1190.887	2431.000
1191.026	2115.000
1191.165	2377.000
1191.304	2186.000
1191.443	2343.000
1191.582	2131.000
1191.721	2294.000
1191.860	2124.000
1191.999	2294.000
1192.138	2142.000
1192.277	2378.000
1192.417	2150.000
1192.556	2335.000
1192.695	2133.000
1192.834	2413.000
1192.973	2191.000
1193.112	2352.000
1193.251	2223.000
1193.390	2342.000
1193.528	2147.000
1193.667	2368.000
1193.806	1945.000
1193.945	2335.000
1194.084	2120.000
1194.223	2297.000
1194.362	2069.000
1194.501	2330.000
1194.640	2084.000
1194.779	2326.000
1194.918	2190.000
1195.057	2348.000
1195.196	2180.000
1195.334	2289.000
1195.473	2148.000
1195.612	2369.000
1195.751	2171.000
1195.890	2348.000
1196.029	2083.000
1196.168	2367.000
1196.306	2119.000
1196.445	2328.000
1196.584	2139.000
1196.723	2299.000
1196.862	2156.000
1197.000	2352.000
1197.139	2142.000
1197.278	2360.000
1197.417	2114.000
1197.555	2435.000
1197.694	2171.000
1197.833	2300.000
1197.972	2177.000
1198.110	2317.000
1198.249	2126.000
1198.388	2260.000
1198.527	2070.000
1198.665	2289.000
1198.804	2094.000
1198.943	2392.000
1199.081	2140.000
1199.220	2361.000
1199.359	2129.000
1199.497	2275.000
1199.636	2091.000
1199.775	2307.000
1199.913	2012.000
1200.052	2306.000
1200.191	2041.000
1200.329	2290.000
1200.468	2071.000
1200.606	2306.000
1200.745	2153.000
1200.884	2333.000
1201.022	2089.000
1201.161	2397.000
1201.299	2041.000
1201.438	2325.000
1201.576	2124.000
1201.715	2332.000
1201.853	2113.000
1201.992	2409.000
1202.131	2829.000
1202.269	2350.000
1202.408	2141.000
1202.546	2324.000
1202.685	2162.000
1202.823	2303.000
1202.962	2039.000
1203.100	2293.000
1203.238	2218.000
1203.377	2377.000
1203.515	2192.000
1203.654	2306.000
1203.792	2088.000
1203.931	2338.000
1204.069	2183.000
1204.208	2402.000
1204.346	2129.000
1204.484	2287.000
1204.623	2110.000
1204.761	2356.000
1204.899	2151.000
1205.038	2360.000
1205.176	2149.000
1205.315	2342.000
1205.453	2172.000
1205.591	2314.000
1205.730	2107.000
1205.868	2278.000
1206.006	2065.000
1206.145	2381.000
1206.283	2129.000
1206.421	2341.000
1206.559	2121.000
1206.698	2380.000
1206.836	2147.000
1206.974	2388.000
1207.113	2142.000
1207.251	2355.000
1207.389	2044.000
1207.527	2358.000
1207.666	2069.000
1207.804	2366.000
1207.942	2112.000
1208.080	2378.000
1208.218	2133.000
1208.357	2320.000
1208.495	2127.000
1208.633	2414.000
1208.771	2077.000
1208.909	2339.000
1209.048	2142.000
1209.186	2301.000
1209.324	2090.000
1209.462	2353.000
1209.600	2086.000
1209.738	2315.000
1209.876	2115.000
1210.014	2289.000
1210.153	2139.000
1210.291	2319.000
1210.429	2148.000
1210.567	2338.000
1210.705	2171.000
1210.843	2388.000
1210.981	2081.000
1211.119	2304.000
1211.257	2087.000
1211.395	2302.000
1211.533	2199.000
1211.671	2369.000
1211.809	2126.000
1211.947	2317.000
1212.085	2155.000
1212.223	2364.000
1212.361	2154.000
1212.499	2400.000
1212.637	2169.000
1212.775	2395.000
1212.913	2160.000
1213.051	2319.000
1213.189	2132.000
1213.327	2363.000
1213.465	2133.000
1213.603	2253.000
1213.741	2188.000
1213.879	2349.000
1214.017	2206.000
1214.155	2324.000
1214.292	2116.000
1214.430	2228.000
1214.568	2185.000
1214.706	2374.000
