929.762	2223.000
929.906	2379.000
930.049	2182.000
930.193	2495.000
930.337	2185.000
930.481	2470.000
930.625	2189.000
930.769	2461.000
930.913	2190.000
931.057	2443.000
931.201	2145.000
931.345	2468.000
931.488	2210.000
931.632	2388.000
931.776	2167.000
931.920	2498.000
932.064	2139.000
932.208	2478.000
932.352	2120.000
932.495	2484.000
932.639	2133.000
932.783	2412.000
932.927	2299.000
933.071	2424.000
933.215	2249.000
933.359	2423.000
933.502	2220.000
933.646	2409.000
933.790	2191.000
933.934	2410.000
934.078	2202.000
934.221	2472.000
934.365	2260.000
934.509	2461.000
934.653	2181.000
934.797	2455.000
934.940	2263.000
935.084	2402.000
935.228	2246.000
935.372	2475.000
935.515	2178.000
935.659	2488.000
935.803	2186.000
935.947	2492.000
936.090	2162.000
936.234	2438.000
936.378	2243.000
936.522	2400.000
936.665	2223.000
936.809	2457.000
936.953	2179.000
937.097	2402.000
937.240	2226.000
937.384	2460.000
937.528	2160.000
937.671	2452.000
937.815	2169.000
937.959	2455.000
938.102	2163.000
938.246	2400.000
938.390	2239.000
938.534	2399.000
938.677	2161.000
938.821	2370.000
938.965	2127.000
939.108	2483.000
939.252	2232.000
939.396	2409.000
939.539	2163.000
939.683	2442.000
939.826	2191.000
939.970	2412.000
940.114	2203.000
940.257	2426.000
940.401	2136.000
940.545	2393.000
940.688	2171.000
940.832	2392.000
940.975	2222.000
941.119	2454.000
941.263	2172.000
941.406	2403.000
941.550	2187.000
941.693	2417.000
941.837	2163.000
941.981	2392.000
942.124	2150.000
942.268	2397.000
942.411	2209.000
942.555	2394.000
942.698	2172.000
942.842	2438.000
942.986	2233.000
943.129	2415.000
943.273	2196.000
943.416	2384.000
943.560	2142.000
943.703	2413.000
943.847	2189.000
943.990	2439.000
944.134	2163.000
944.277	2337.000
944.421	2147.000
944.564	2332.000
944.708	2167.000
944.851	2422.000
944.995	2182.000
945.138	2373.000
945.282	2217.000
945.425	2418.000
945.569	2200.000
945.712	2418.000
945.856	2047.000
945.999	2419.000
946.143	2141.000
946.286	2362.000
946.430	2184.000
946.573	2409.000
946.716	2191.000
946.860	2386.000
947.003	2170.000
947.147	2326.000
947.290	2185.000
947.434	2435.000
947.577	2140.000
947.720	2418.000
947.864	2134.000
948.007	2315.000
948.151	2233.000
948.294	2413.000
948.437	2157.000
948.581	2402.000
948.724	2139.000
948.868	2319.000
949.011	2132.000
949.154	2351.000
949.298	2221.000
949.441	2398.000
949.584	2124.000
949.728	2369.000
949.871	2183.000
950.015	2396.000
950.158	2145.000
950.301	2336.000
950.445	2192.000
950.588	2401.000
950.731	2215.000
950.875	2367.000
951.018	2155.000
951.161	2401.000
951.304	2180.000
951.448	2384.000
951.591	2163.000
951.734	2318.000
951.878	2135.000
952.021	2387.000
952.164	2207.000
952.308	2400.000
952.451	2129.000
952.594	2428.000
952.737	2199.000
952.881	2351.000
953.024	2182.000
953.167	2417.000
953.310	2129.000
953.454	2361.000
953.597	2204.000
953.740	2371.000
953.883	2179.000
954.027	2403.000
954.170	2106.000
954.313	2416.000
954.456	2165.000
954.600	2322.000
954.743	2194.000
954.886	2379.000
955.029	2090.000
955.172	2379.000
955.316	2077.000
955.459	2325.000
955.602	2155.000
955.745	2375.000
955.888	2174.000
956.032	2435.000
956.175	2100.000
956.318	2284.000
956.461	2167.000
956.604	2335.000
956.747	2204.000
956.890	2415.000
957.034	2146.000
957.177	2343.000
957.320	2103.000
957.463	2387.000
957.606	2168.000
957.749	2442.000
957.892	2105.000
958.036	2342.000
958.179	2070.000
958.322	2410.000
958.465	2255.000
958.608	2340.000
958.751	2205.000
958.894	2349.000
959.037	2119.000
959.180	2385.000
959.323	2134.000
959.467	2422.000
959.610	2112.000
959.753	2395.000
959.896	2128.000
960.039	2369.000
960.182	2107.000
960.325	2445.000
960.468	2167.000
960.611	2371.000
960.754	2089.000
960.897	2333.000
961.040	2096.000
961.183	2324.000
961.326	2149.000
961.469	2375.000
961.612	2147.000
961.755	2387.000
961.898	2041.000
962.041	2389.000
962.184	2116.000
962.327	2363.000
962.470	2123.000
962.613	2405.000
962.756	2150.000
962.899	2399.000
963.042	2111.000
963.185	2396.000
963.328	2162.000
963.471	2331.000
963.614	2151.000
963.757	2401.000
963.900	2091.000
964.043	2318.000
964.186	2124.000
964.329	2363.000
964.472	2151.000
964.615	2347.000
964.758	2097.000
964.900	2391.000
965.043	2160.000
965.186	2373.000
965.329	2177.000
965.472	2427.000
965.615	2164.000
965.758	2320.000
965.901	2138.000
966.044	2364.000
966.187	2106.000
966.329	2398.000
966.472	2219.000
966.615	2415.000
966.758	2121.000
966.901	2430.000
967.044	2252.000
967.187	2364.000
967.330	2123.000
967.472	2394.000
967.615	2161.000
967.758	2373.000
967.901	2147.000
968.044	2391.000
968.187	2136.000
968.329	2349.000
968.472	2147.000
968.615	2372.000
968.758	2146.000
968.901	2342.000
969.043	2156.000
969.186	2381.000
969.329	2145.000
969.472	2434.000
969.615	2169.000
969.757	2340.000
969.900	2161.000
970.043	2406.000
970.186	2123.000
970.328	2362.000
970.471	2226.000
970.614	2389.000
970.757	2127.000
970.899	2324.000
971.042	2137.000
971.185	2362.000
971.328	2160.000
971.470	2377.000
971.613	2187.000
971.756	2375.000
971.899	2158.000
972.041	2388.000
972.184	2044.000
972.327	2428.000
972.469	2140.000
972.612	2348.000
972.755	2117.000
972.898	2401.000
973.040	2120.000
973.183	2354.000
973.326	2230.000
973.468	2259.000
973.611	2071.000
973.754	2380.000
973.896	2147.000
974.039	2329.000
974.182	2096.000
974.324	2416.000
974.467	2208.000
974.610	2389.000
974.752	2126.000
974.895	2369.000
975.037	2186.000
975.180	2379.000
975.323	2114.000
975.465	2398.000
975.608	2156.000
975.751	2285.000
975.893	2195.000
976.036	2327.000
976.178	2149.000
976.321	2434.000
976.464	2121.000
976.606	2271.000
976.749	2144.000
976.891	2391.000
977.034	2193.000
977.176	2300.000
977.319	2077.000
977.462	2391.000
977.604	2154.000
977.747	2345.000
977.889	2123.000
978.032	2378.000
978.174	2157.000
978.317	2353.000
978.459	2205.000
978.602	2396.000
978.744	2159.000
978.887	2409.000
979.029	2135.000
979.172	2319.000
979.314	2186.000
979.457	2345.000
979.599	2093.000
979.742	2386.000
979.884	2088.000
980.027	2311.000
980.169	2138.000
980.312	2362.000
980.454	2159.000
980.597	2348.000
980.739	2144.000
980.882	2276.000
981.024	2135.000
981.167	2348.000
981.309	2226.000
981.452	2292.000
981.594	2142.000
981.736	2325.000
981.879	2168.000
982.021	2366.000
982.164	2107.000
982.306	2286.000
982.449	2137.000
982.591	2345.000
982.733	2146.000
982.876	2362.000
983.018	2076.000
983.161	2407.000
983.303	2063.000
983.445	2353.000
983.588	2120.000
983.730	2404.000
983.873	2152.000
984.015	2447.000
984.157	2090.000
984.300	2465.000
984.442	2143.000
984.584	2347.000
984.727	2170.000
984.869	2344.000
985.011	2139.000
985.154	2318.000
985.296	2148.000
985.438	2383.000
985.581	2106.000
985.723	2337.000
985.865	2145.000
986.008	2363.000
986.150	2224.000
986.292	2416.000
986.435	2215.000
986.577	2341.000
986.719	2115.000
986.861	2421.000
987.004	2096.000
987.146	2366.000
987.288	2184.000
987.431	2373.000
987.573	2204.000
987.715	2295.000
987.857	2043.000
988.000	2318.000
988.142	2189.000
988.284	2428.000
988.426	2162.000
988.569	2360.000
988.711	2098.000
988.853	2377.000
988.995	2151.000
989.138	2345.000
989.280	2103.000
989.422	2391.000
989.564	2184.000
989.706	2349.000
989.849	2127.000
989.991	2369.000
990.133	2097.000
990.275	2380.000
990.417	2218.000
990.560	2300.000
990.702	2076.000
990.844	2341.000
990.986	2147.000
991.128	2427.000
991.270	2126.000
991.413	2392.000
991.555	2124.000
991.697	2343.000
991.839	2167.000
991.981	2357.000
992.123	2125.000
992.265	2363.000
992.408	2171.000
992.550	2371.000
992.692	2137.000
992.834	2389.000
992.976	2166.000
993.118	2400.000
993.260	2130.000
993.402	2302.000
993.544	2106.000
993.687	2403.000
993.829	2111.000
993.971	2333.000
994.113	2118.000
994.255	2324.000
994.397	2117.000
994.539	2304.000
994.681	2170.000
994.823	2365.000
994.965	2146.000
995.107	2394.000
995.249	2212.000
995.391	2349.000
995.533	2124.000
995.675	2405.000
995.817	2207.000
995.959	2375.000
996.101	2117.000
996.243	2404.000
996.385	2125.000
996.527	2332.000
996.669	2122.000
996.811	2355.000
996.953	2159.000
997.095	2384.000
997.237	2125.000
997.379	2358.000
997.521	2129.000
997.663	2319.000
997.805	2227.000
997.947	2304.000
998.089	2085.000
998.231	2370.000
998.373	2076.000
998.515	2382.000
998.657	2202.000
998.799	2284.000
998.941	2145.000
999.083	2307.000
999.225	2174.000
999.367	2365.000
999.509	2183.000
999.651	2414.000
999.793	2120.000
999.934	2361.000
1000.076	2177.000
1000.218	2377.000
1000.360	2137.000
1000.502	2409.000
1000.644	2189.000
1000.786	2428.000
1000.928	2152.000
1001.070	2264.000
1001.212	2076.000
1001.353	2376.000
1001.495	2087.000
1001.637	2370.000
1001.779	2157.000
1001.921	2333.000
1002.063	2154.000
1002.205	2333.000
1002.346	2124.000
1002.488	2408.000
1002.630	2042.000
1002.772	2409.000
1002.914	2148.000
1003.055	2338.000
1003.197	2163.000
1003.339	2397.000
1003.481	2146.000
1003.623	2353.000
1003.765	2115.000
1003.906	2334.000
1004.048	2173.000
1004.190	2339.000
1004.332	2086.000
1004.473	2343.000
1004.615	2265.000
1004.757	2381.000
1004.899	2159.000
1005.041	2389.000
1005.182	2101.000
1005.324	2335.000
1005.466	2117.000
1005.608	2352.000
1005.749	2073.000
1005.891	2460.000
1006.033	2149.000
1006.175	2399.000
1006.316	2139.000
1006.458	2353.000
1006.600	2157.000
1006.741	2385.000
1006.883	2066.000
1007.025	2315.000
1007.167	2118.000
1007.308	2368.000
1007.450	2172.000
1007.592	2339.000
1007.733	2050.000
1007.875	2378.000
1008.017	2138.000
1008.158	2333.000
1008.300	2139.000
1008.442	2351.000
1008.583	2071.000
1008.725	2353.000
1008.867	2101.000
1009.008	2383.000
1009.150	2134.000
1009.292	2423.000
1009.433	2141.000
1009.575	2347.000
1009.716	2091.000
1009.858	2316.000
1010.000	2182.000
1010.141	2443.000
1010.283	2112.000
1010.425	2367.000
1010.566	2046.000
1010.708	2343.000
1010.849	2136.000
1010.991	2371.000
1011.132	2127.000
1011.274	2354.000
1011.416	2274.000
1011.557	2340.000
1011.699	2156.000
1011.840	2436.000
1011.982	2134.000
1012.123	2393.000
1012.265	2135.000
1012.407	2454.000
1012.548	2226.000
1012.690	2298.000
1012.831	2171.000
1012.973	2414.000
1013.114	2168.000
1013.256	2334.000
1013.397	2112.000
1013.539	2364.000
1013.680	2243.000
1013.822	2416.000
1013.963	2227.000
1014.105	2466.000
1014.246	2192.000
1014.388	2379.000
1014.529	2185.000
1014.671	2366.000
1014.812	2094.000
1014.954	2343.000
1015.095	2237.000
1015.237	2422.000
1015.378	2130.000
1015.520	2401.000
1015.661	2161.000
1015.803	2426.000
1015.944	2116.000
1016.085	2383.000
1016.227	2156.000
1016.368	2339.000
1016.510	2113.000
1016.651	2355.000
1016.793	2266.000
1016.934	2339.000
1017.075	2152.000
1017.217	2358.000
1017.358	2178.000
1017.500	2359.000
1017.641	2112.000
1017.782	2374.000
1017.924	2116.000
1018.065	2294.000
1018.207	2110.000
1018.348	2377.000
1018.489	2126.000
1018.631	2349.000
1018.772	2131.000
1018.913	2312.000
1019.055	2068.000
1019.196	2284.000
1019.337	2052.000
1019.479	2374.000
1019.620	2183.000
1019.761	2319.000
1019.903	2123.000
1020.044	2346.000
1020.185	2131.000
1020.327	2294.000
1020.468	2080.000
1020.609	2298.000
1020.751	2051.000
1020.892	2321.000
1021.033	2116.000
1021.175	2327.000
1021.316	2091.000
1021.457	2310.000
1021.598	2078.000
1021.740	2350.000
1021.881	2134.000
1022.022	2312.000
1022.164	2135.000
1022.305	2328.000
1022.446	2045.000
1022.587	2282.000
1022.729	2158.000
1022.870	2371.000
1023.011	2138.000
1023.152	2291.000
1023.294	2154.000
1023.435	2277.000
1023.576	2070.000
1023.717	2350.000
1023.858	2129.000
1024.000	2311.000
1024.141	2058.000
1024.282	2311.000
1024.423	2054.000
1024.564	2321.000
1024.706	2134.000
1024.847	2363.000
1024.988	2033.000
1025.129	2333.000
1025.270	2090.000
1025.412	2336.000
1025.553	2083.000
1025.694	2384.000
1025.835	2079.000
1025.976	2302.000
1026.117	2116.000
1026.258	2269.000
1026.400	2086.000
1026.541	2371.000
1026.682	2090.000
1026.823	2295.000
1026.964	2122.000
1027.105	2299.000
1027.246	2111.000
1027.388	2340.000
1027.529	2115.000
1027.670	2265.000
1027.811	2093.000
1027.952	2325.000
1028.093	2145.000
1028.234	2288.000
1028.375	2142.000
1028.516	2311.000
1028.657	2135.000
1028.798	2377.000
1028.939	2103.000
1029.081	2289.000
1029.222	2173.000
1029.363	2343.000
1029.504	2108.000
1029.645	2397.000
1029.786	2145.000
1029.927	2349.000
1030.068	2144.000
1030.209	2361.000
1030.350	2146.000
1030.491	2295.000
1030.632	2095.000
1030.773	2374.000
1030.914	2166.000
1031.055	2281.000
1031.196	2204.000
1031.337	2351.000
1031.478	2127.000
1031.619	2293.000
1031.760	2064.000
1031.901	2344.000
1032.042	2127.000
1032.183	2323.000
1032.324	2162.000
1032.465	2370.000
1032.606	2234.000
1032.747	2345.000
1032.888	2151.000
1033.029	2320.000
1033.170	2083.000
1033.311	2402.000
1033.452	2107.000
1033.592	2375.000
1033.733	2123.000
1033.874	2270.000
1034.015	2178.000
1034.156	2303.000
1034.297	2112.000
1034.438	2319.000
1034.579	2138.000
1034.720	2341.000
1034.861	2125.000
1035.002	2319.000
1035.142	2094.000
1035.283	2280.000
1035.424	2117.000
1035.565	2352.000
1035.706	2164.000
1035.847	2315.000
1035.988	2190.000
1036.129	2323.000
1036.269	2117.000
1036.410	2422.000
1036.551	2130.000
1036.692	2344.000
1036.833	2090.000
1036.974	2270.000
1037.114	2136.000
1037.255	2302.000
1037.396	2151.000
1037.537	2247.000
1037.678	2147.000
1037.819	2258.000
1037.959	2153.000
1038.100	2323.000
1038.241	2171.000
1038.382	2342.000
1038.523	2152.000
1038.663	2370.000
1038.804	2116.000
1038.945	2309.000
1039.086	2151.000
1039.226	2322.000
1039.367	2170.000
1039.508	2305.000
1039.649	2149.000
1039.789	2296.000
1039.930	2153.000
1040.071	2343.000
1040.212	2194.000
1040.352	2321.000
1040.493	2119.000
1040.634	2241.000
1040.775	2106.000
1040.915	2293.000
1041.056	2139.000
1041.197	2372.000
1041.337	2115.000
1041.478	2340.000
1041.619	2107.000
1041.760	2292.000
1041.900	2124.000
1042.041	2285.000
1042.182	2077.000
1042.322	2348.000
1042.463	2115.000
1042.604	2374.000
1042.744	2158.000
1042.885	2392.000
1043.026	2105.000
1043.166	2375.000
1043.307	2116.000
1043.448	2329.000
1043.588	2135.000
1043.729	2373.000
1043.869	2091.000
1044.010	2388.000
1044.151	2142.000
1044.291	2372.000
1044.432	2081.000
1044.573	2326.000
1044.713	2129.000
1044.854	2340.000
1044.994	2122.000
1045.135	2347.000
1045.276	2169.000
1045.416	2378.000
1045.557	2159.000
1045.697	2300.000
1045.838	2125.000
1045.978	2375.000
1046.119	2117.000
1046.260	2374.000
1046.400	2101.000
1046.541	2381.000
1046.681	2093.000
1046.822	2362.000
1046.962	2075.000
1047.103	2386.000
1047.243	2169.000
1047.384	2382.000
1047.524	2098.000
1047.665	2319.000
1047.805	2132.000
1047.946	2299.000
1048.087	2130.000
1048.227	2357.000
1048.368	2171.000
1048.508	2352.000
1048.649	2157.000
1048.789	2367.000
1048.929	2190.000
1049.070	2350.000
1049.210	2134.000
1049.351	2386.000
1049.491	2131.000
1049.632	2349.000
1049.772	2112.000
1049.913	2323.000
1050.053	2079.000
1050.194	2371.000
1050.334	2186.000
1050.475	2295.000
1050.615	2194.000
1050.755	2441.000
1050.896	2117.000
1051.036	2380.000
1051.177	2184.000
1051.317	2342.000
1051.458	2132.000
1051.598	2297.000
1051.738	2134.000
1051.879	2319.000
1052.019	2152.000
1052.160	2348.000
1052.300	2137.000
1052.440	2347.000
1052.581	2154.000
1052.721	2387.000
1052.861	2207.000
1053.002	2346.000
1053.142	2237.000
1053.282	2353.000
1053.423	2188.000
1053.563	2372.000
1053.704	1937.000
1053.844	2334.000
1053.984	2163.000
1054.125	2298.000
1054.265	2084.000
1054.405	2353.000
1054.546	2128.000
1054.686	2359.000
1054.826	2225.000
1054.966	2342.000
1055.107	2179.000
1055.247	2330.000
1055.387	2142.000
1055.528	2394.000
1055.668	2214.000
1055.808	2354.000
1055.948	2080.000
1056.089	2377.000
1056.229	2099.000
1056.369	2350.000
1056.510	2164.000
1056.650	2313.000
1056.790	2168.000
1056.930	2386.000
1057.071	2144.000
1057.211	2378.000
1057.351	2093.000
1057.491	2438.000
1057.632	2177.000
1057.772	2309.000
1057.912	2211.000
1058.052	2294.000
1058.192	2155.000
1058.333	2261.000
1058.473	2088.000
1058.613	2306.000
1058.753	2128.000
1058.893	2406.000
1059.034	2145.000
1059.174	2384.000
1059.314	2113.000
1059.454	2288.000
1059.594	2090.000
1059.734	2313.000
1059.875	2038.000
1060.015	2337.000
1060.155	2049.000
1060.295	2287.000
1060.435	2097.000
1060.575	2299.000
1060.716	2196.000
1060.856	2338.000
1060.996	2086.000
1061.136	2407.000
1061.276	2117.000
1061.416	2463.000
1061.556	2666.000
1061.696	2916.000
1061.837	2755.000
1061.977	3031.000
1062.117	3547.000
1062.257	3093.000
1062.397	2991.000
1062.537	3207.000
1062.677	3295.000
1062.817	3577.000
1062.957	3794.000
1063.097	4244.000
1063.237	4881.000
1063.377	5088.000
1063.517	5518.000
1063.658	5275.000
1063.798	5370.000
1063.938	5028.000
1064.078	5059.000
1064.218	4774.000
1064.358	4578.000
1064.498	4241.000
1064.638	3968.000
1064.778	3751.000
1064.918	3382.000
1065.058	3330.000
1065.198	3058.000
1065.338	3189.000
1065.478	3042.000
1065.618	3231.000
1065.758	3119.000
1065.898	3383.000
1066.038	3223.000
1066.178	3569.000
1066.318	3364.000
1066.458	3610.000
1066.598	3411.000
1066.738	3642.000
1066.878	3351.000
1067.018	3501.000
1067.158	3218.000
1067.297	3370.000
1067.437	2946.000
1067.577	3076.000
1067.717	2401.000
1067.857	2455.000
1067.997	2152.000
1068.137	2381.000
1068.277	2174.000
1068.417	2370.000
1068.557	2155.000
1068.697	2423.000
1068.837	2090.000
1068.977	2373.000
1069.116	2196.000
1069.256	2319.000
1069.396	2131.000
1069.536	2339.000
1069.676	2116.000
1069.816	2333.000
1069.956	2133.000
1070.096	2327.000
1070.235	2155.000
1070.375	2307.000
1070.515	2161.000
1070.655	2332.000
1070.795	2179.000
1070.935	2425.000
1071.074	2092.000
1071.214	2353.000
1071.354	2065.000
1071.494	2317.000
1071.634	2192.000
1071.774	2383.000
1071.913	2164.000
1072.053	2334.000
1072.193	2174.000
1072.333	2369.000
1072.473	2149.000
1072.612	2425.000
1072.752	2157.000
1072.892	2396.000
1073.032	2150.000
1073.172	2330.000
1073.311	2128.000
1073.451	2361.000
1073.591	2160.000
1073.731	2275.000
1073.870	2209.000
1074.010	2374.000
1074.150	2205.000
1074.290	2346.000
1074.429	2119.000
1074.569	2251.000
1074.709	2214.000
1074.848	2394.000
