1529.702	3487.000
1529.853	3624.000
1530.004	3428.000
1530.155	3723.000
1530.306	3467.000
1530.456	3693.000
1530.607	3423.000
1530.758	3655.000
1530.909	3438.000
1531.059	3646.000
1531.210	3367.000
1531.360	3687.000
1531.511	3421.000
1531.662	3596.000
1531.812	3409.000
1531.963	3715.000
1532.113	3378.000
1532.264	3687.000
1532.415	3385.000
1532.565	3702.000
1532.716	3379.000
1532.866	3614.000
1533.016	3548.000
1533.167	3647.000
1533.317	3460.000
1533.468	3614.000
1533.618	3459.000
1533.768	3618.000
1533.919	3441.000
1534.069	3618.000
1534.219	3452.000
1534.370	3701.000
1534.520	3473.000
1534.670	3629.000
1534.821	3400.000
1534.971	3624.000
1535.121	3492.000
1535.271	3596.000
1535.421	3471.000
1535.571	3627.000
1535.722	3436.000
1535.872	3660.000
1536.022	3422.000
1536.172	3690.000
1536.322	3412.000
1536.472	3645.000
1536.622	3474.000
1536.772	3613.000
1536.922	3458.000
1537.072	3634.000
1537.222	3428.000
1537.372	3625.000
1537.522	3455.000
1537.672	3687.000
1537.822	3400.000
1537.972	3623.000
1538.122	3396.000
1538.271	3657.000
1538.421	3365.000
1538.571	3592.000
1538.721	3463.000
1538.871	3600.000
1539.020	3400.000
1539.170	3540.000
1539.320	3356.000
1539.470	3673.000
1539.619	3463.000
1539.769	3586.000
1539.919	3377.000
1540.068	3601.000
1540.218	3411.000
1540.367	3580.000
1540.517	3419.000
1540.667	3601.000
1540.816	3364.000
1540.966	3592.000
1541.115	3399.000
1541.265	3577.000
1541.414	3424.000
1541.564	3631.000
1541.713	3368.000
1541.863	3580.000
1542.012	3424.000
1542.161	3594.000
1542.311	3362.000
1542.460	3566.000
1542.609	3364.000
1542.759	3539.000
1542.908	3409.000
1543.057	3530.000
1543.207	3359.000
1543.356	3613.000
1543.505	3425.000
1543.654	3567.000
1543.804	3399.000
1543.953	3565.000
1544.102	3320.000
1544.251	3563.000
1544.400	3374.000
1544.549	3563.000
1544.698	3365.000
1544.848	3490.000
1544.997	3331.000
1545.146	3477.000
1545.295	3347.000
1545.444	3588.000
1545.593	3307.000
1545.742	3538.000
1545.891	3348.000
1546.040	3516.000
1546.189	3373.000
1546.337	3565.000
1546.486	3240.000
1546.635	3567.000
1546.784	3338.000
1546.933	3501.000
1547.082	3369.000
1547.231	3565.000
1547.379	3378.000
1547.528	3527.000
1547.677	3338.000
1547.826	3512.000
1547.974	3341.000
1548.123	3592.000
1548.272	3315.000
1548.420	3563.000
1548.569	3291.000
1548.718	3459.000
1548.866	3413.000
1549.015	3569.000
1549.163	3328.000
1549.312	3555.000
1549.461	3344.000
1549.609	3483.000
1549.758	3327.000
1549.906	3519.000
1550.055	3370.000
1550.203	3548.000
1550.352	3294.000
1550.500	3528.000
1550.648	3380.000
1550.797	3559.000
1550.945	3320.000
1551.093	3486.000
1551.242	3349.000
1551.390	3573.000
1551.538	3399.000
1551.687	3511.000
1551.835	3337.000
1551.983	3549.000
1552.131	3382.000
1552.280	3531.000
1552.428	3331.000
1552.576	3482.000
1552.724	3305.000
1552.872	3567.000
1553.021	3385.000
1553.169	3559.000
1553.317	3323.000
1553.465	3555.000
1553.613	3344.000
1553.761	3488.000
1553.909	3327.000
1554.057	3556.000
1554.205	3304.000
1554.353	3516.000
1554.501	3346.000
1554.649	3525.000
1554.797	3349.000
1554.945	3542.000
1555.093	3265.000
1555.240	3552.000
1555.388	3306.000
1555.536	3465.000
1555.684	3366.000
1555.832	3535.000
1555.980	3305.000
1556.127	3515.000
1556.275	3233.000
1556.423	3449.000
1556.571	3318.000
1556.718	3543.000
1556.866	3344.000
1557.014	3543.000
1557.161	3254.000
1557.309	3419.000
1557.456	3325.000
1557.604	3486.000
1557.752	3321.000
1557.899	3535.000
1558.047	3301.000
1558.194	3479.000
1558.342	3270.000
1558.489	3533.000
1558.637	3315.000
1558.784	3556.000
1558.932	3267.000
1559.079	3471.000
1559.227	3212.000
1559.374	3579.000
1559.521	3417.000
1559.669	3435.000
1559.816	3349.000
1559.963	3446.000
1560.111	3267.000
1560.258	3509.000
1560.405	3314.000
1560.552	3551.000
1560.700	3248.000
1560.847	3516.000
1560.994	3266.000
1561.141	3482.000
1561.288	3260.000
1561.436	3564.000
1561.583	3289.000
1561.730	3472.000
1561.877	3249.000
1562.024	3458.000
1562.171	3259.000
1562.318	3451.000
1562.465	3299.000
1562.612	3497.000
1562.759	3262.000
1562.906	3507.000
1563.053	3193.000
1563.200	3510.000
1563.347	3243.000
1563.494	3463.000
1563.641	3270.000
1563.788	3531.000
1563.934	3318.000
1564.081	3505.000
1564.228	3287.000
1564.375	3504.000
1564.522	3279.000
1564.668	3466.000
1564.815	3327.000
1564.962	3506.000
1565.109	3234.000
1565.255	3465.000
1565.402	3281.000
1565.549	3482.000
1565.695	3288.000
1565.842	3491.000
1565.988	3264.000
1566.135	3480.000
1566.282	3305.000
1566.428	3501.000
1566.575	3372.000
1566.721	3546.000
1566.868	3344.000
1567.014	3419.000
1567.161	3263.000
1567.307	3488.000
1567.454	3261.000
1567.600	3515.000
1567.746	3401.000
1567.893	3543.000
1568.039	3290.000
1568.186	3575.000
1568.332	3397.000
1568.478	3471.000
1568.625	3281.000
1568.771	3519.000
1568.917	3322.000
1569.063	3512.000
1569.210	3296.000
1569.356	3536.000
1569.502	3274.000
1569.648	3480.000
1569.794	3279.000
1569.940	3494.000
1570.087	3315.000
1570.233	3502.000
1570.379	3322.000
1570.525	3528.000
1570.671	3309.000
1570.817	3577.000
1570.963	3331.000
1571.109	3497.000
1571.255	3315.000
1571.401	3536.000
1571.547	3263.000
1571.693	3510.000
1571.839	3390.000
1571.985	3538.000
1572.130	3312.000
1572.276	3474.000
1572.422	3286.000
1572.568	3487.000
1572.714	3322.000
1572.860	3494.000
1573.005	3350.000
1573.151	3526.000
1573.297	3298.000
1573.443	3504.000
1573.588	3171.000
1573.734	3559.000
1573.880	3302.000
1574.025	3484.000
1574.171	3299.000
1574.317	3537.000
1574.462	3256.000
1574.608	3489.000
1574.753	3379.000
1574.899	3420.000
1575.045	3236.000
1575.190	3519.000
1575.336	3308.000
1575.481	3474.000
1575.626	3264.000
1575.772	3537.000
1575.917	3364.000
1576.063	3515.000
1576.208	3264.000
1576.354	3524.000
1576.499	3350.000
1576.644	3512.000
1576.790	3253.000
1576.935	3534.000
1577.080	3269.000
1577.225	3435.000
1577.371	3316.000
1577.516	3464.000
1577.661	3309.000
1577.806	3583.000
1577.952	3271.000
1578.097	3383.000
1578.242	3283.000
1578.387	3539.000
1578.532	3344.000
1578.677	3458.000
1578.822	3229.000
1578.967	3507.000
1579.113	3282.000
1579.258	3478.000
1579.403	3271.000
1579.548	3506.000
1579.693	3314.000
1579.838	3498.000
1579.982	3345.000
1580.127	3507.000
1580.272	3281.000
1580.417	3549.000
1580.562	3248.000
1580.707	3459.000
1580.852	3336.000
1580.997	3488.000
1581.141	3205.000
1581.286	3522.000
1581.431	3227.000
1581.576	3430.000
1581.720	3297.000
1581.865	3498.000
1582.010	3305.000
1582.155	3482.000
1582.299	3296.000
1582.444	3377.000
1582.589	3245.000
1582.733	3445.000
1582.878	3379.000
1583.022	3422.000
1583.167	3303.000
1583.311	3460.000
1583.456	3298.000
1583.601	3482.000
1583.745	3239.000
1583.890	3434.000
1584.034	3268.000
1584.178	3449.000
1584.323	3283.000
1584.467	3496.000
1584.612	3224.000
1584.756	3524.000
1584.900	3214.000
1585.045	3474.000
1585.189	3248.000
1585.333	3508.000
1585.478	3258.000
1585.622	3587.000
1585.766	3235.000
1585.910	3575.000
1586.055	3272.000
1586.199	3467.000
1586.343	3261.000
1586.487	3467.000
1586.631	3297.000
1586.775	3432.000
1586.920	3253.000
1587.064	3512.000
1587.208	3225.000
1587.352	3476.000
1587.496	3278.000
1587.640	3495.000
1587.784	3346.000
1587.928	3503.000
1588.072	3347.000
1588.216	3442.000
1588.360	3240.000
1588.504	3518.000
1588.648	3174.000
1588.792	3520.000
1588.935	3310.000
1589.079	3499.000
1589.223	3359.000
1589.367	3427.000
1589.511	3215.000
1589.655	3426.000
1589.798	3313.000
1589.942	3542.000
1590.086	3281.000
1590.230	3472.000
1590.373	3255.000
1590.517	3490.000
1590.661	3297.000
1590.804	3455.000
1590.948	3209.000
1591.091	3524.000
1591.235	3340.000
1591.379	3464.000
1591.522	3256.000
1591.666	3483.000
1591.809	3258.000
1591.953	3486.000
1592.096	3315.000
1592.240	3404.000
1592.383	3215.000
1592.527	3457.000
1592.670	3279.000
1592.814	3575.000
1592.957	3248.000
1593.100	3509.000
1593.244	3299.000
1593.387	3461.000
1593.530	3269.000
1593.674	3478.000
1593.817	3247.000
1593.960	3502.000
1594.103	3293.000
1594.247	3480.000
1594.390	3303.000
1594.533	3508.000
1594.676	3302.000
1594.819	3511.000
1594.963	3286.000
1595.106	3415.000
1595.249	3229.000
1595.392	3508.000
1595.535	3219.000
1595.678	3437.000
1595.821	3267.000
1595.964	3427.000
1596.107	3272.000
1596.250	3421.000
1596.393	3317.000
1596.536	3462.000
1596.679	3278.000
1596.822	3473.000
1596.965	3300.000
1597.108	3459.000
1597.251	3268.000
1597.393	3490.000
1597.536	3333.000
1597.679	3468.000
1597.822	3250.000
1597.965	3532.000
1598.107	3280.000
1598.250	3442.000
1598.393	3268.000
1598.536	3448.000
1598.678	3268.000
1598.821	3492.000
1598.964	3241.000
1599.106	3474.000
1599.249	3235.000
1599.392	3411.000
1599.534	3334.000
1599.677	3453.000
1599.819	3213.000
1599.962	3443.000
1600.104	3223.000
1600.247	3511.000
1600.389	3350.000
1600.532	3436.000
1600.674	3220.000
1600.817	3381.000
1600.959	3295.000
1601.102	3475.000
1601.244	3320.000
1601.386	3514.000
1601.529	3233.000
1601.671	3465.000
1601.813	3283.000
1601.956	3475.000
1602.098	3252.000
1602.240	3533.000
1602.382	3307.000
1602.525	3522.000
1602.667	3289.000
1602.809	3357.000
1602.951	3210.000
1603.093	3489.000
1603.236	3203.000
1603.378	3431.000
1603.520	3253.000
1603.662	3442.000
1603.804	3243.000
1603.946	3432.000
1604.088	3238.000
1604.230	3507.000
1604.372	3130.000
1604.514	3516.000
1604.656	3234.000
1604.798	3441.000
1604.940	3267.000
1605.082	3472.000
1605.224	3233.000
1605.366	3441.000
1605.507	3226.000
1605.649	3409.000
1605.791	3259.000
1605.933	3456.000
1606.075	3191.000
1606.217	3438.000
1606.358	3367.000
1606.500	3459.000
1606.642	3239.000
1606.783	3461.000
1606.925	3190.000
1607.067	3450.000
1607.209	3205.000
1607.350	3437.000
1607.492	3174.000
1607.633	3529.000
1607.775	3241.000
1607.917	3486.000
1608.058	3219.000
1608.200	3450.000
1608.341	3266.000
1608.483	3484.000
1608.624	3161.000
1608.766	3415.000
1608.907	3217.000
1609.049	3480.000
1609.190	3267.000
1609.331	3439.000
1609.473	3141.000
1609.614	3441.000
1609.755	3233.000
1609.897	3396.000
1610.038	3222.000
1610.179	3443.000
1610.321	3186.000
1610.462	3433.000
1610.603	3162.000
1610.744	3451.000
1610.886	3268.000
1611.027	3500.000
1611.168	3233.000
1611.309	3416.000
1611.450	3167.000
1611.591	3383.000
1611.732	3244.000
1611.874	3540.000
1612.015	3192.000
1612.156	3435.000
1612.297	3138.000
1612.438	3418.000
1612.579	3220.000
1612.720	3462.000
1612.861	3240.000
1613.002	3428.000
1613.143	3317.000
1613.283	3404.000
1613.424	3230.000
1613.565	3479.000
1613.706	3202.000
1613.847	3423.000
1613.988	3150.000
1614.129	3487.000
1614.269	3244.000
1614.410	3342.000
1614.551	3211.000
1614.692	3417.000
1614.832	3204.000
1614.973	3339.000
1615.114	3110.000
1615.254	3384.000
1615.395	3277.000
1615.536	3432.000
1615.676	3243.000
1615.817	3485.000
1615.958	3223.000
1616.098	3415.000
1616.239	3213.000
1616.379	3413.000
1616.520	3128.000
1616.660	3374.000
1616.801	3258.000
1616.941	3441.000
1617.082	3171.000
1617.222	3447.000
1617.362	3179.000
1617.503	3431.000
1617.643	3140.000
1617.784	3426.000
1617.924	3172.000
1618.064	3354.000
1618.205	3141.000
1618.345	3380.000
1618.485	3272.000
1618.625	3358.000
1618.766	3158.000
1618.906	3389.000
1619.046	3193.000
1619.186	3403.000
1619.326	3146.000
1619.467	3407.000
1619.607	3169.000
1619.747	3370.000
1619.887	3158.000
1620.027	3431.000
1620.167	3172.000
1620.307	3343.000
1620.447	3194.000
1620.587	3355.000
1620.727	3131.000
1620.867	3311.000
1621.007	3147.000
1621.147	3407.000
1621.287	3223.000
1621.427	3340.000
1621.567	3200.000
1621.707	3365.000
1621.847	3168.000
1621.986	3321.000
1622.126	3146.000
1622.266	3339.000
1622.406	3141.000
1622.546	3357.000
1622.685	3171.000
1622.825	3372.000
1622.965	3164.000
1623.105	3327.000
1623.244	3126.000
1623.384	3397.000
1623.524	3154.000
1623.663	3358.000
1623.803	3182.000
1623.942	3354.000
1624.082	3083.000
1624.222	3348.000
1624.361	3208.000
1624.501	3432.000
1624.640	3182.000
1624.780	3329.000
1624.919	3215.000
1625.059	3322.000
1625.198	3114.000
1625.337	3387.000
1625.477	3181.000
1625.616	3355.000
1625.756	3120.000
1625.895	3368.000
1626.034	3118.000
1626.174	3399.000
1626.313	3171.000
1626.452	3394.000
1626.591	3092.000
1626.731	3376.000
1626.870	3141.000
1627.009	3373.000
1627.148	3136.000
1627.288	3405.000
1627.427	3138.000
1627.566	3338.000
1627.705	3137.000
1627.844	3336.000
1627.983	3154.000
1628.122	3417.000
1628.261	3158.000
1628.400	3352.000
1628.539	3166.000
1628.678	3355.000
1628.817	3183.000
1628.956	3402.000
1629.095	3163.000
1629.234	3299.000
1629.373	3150.000
1629.512	3356.000
1629.651	3211.000
1629.790	3342.000
1629.929	3200.000
1630.068	3315.000
1630.206	3196.000
1630.345	3405.000
1630.484	3140.000
1630.623	3339.000
1630.762	3228.000
1630.900	3396.000
1631.039	3179.000
1631.178	3428.000
1631.316	3239.000
1631.455	3405.000
1631.594	3207.000
1631.732	3391.000
1631.871	3208.000
1632.010	3339.000
1632.148	3169.000
1632.287	3436.000
1632.425	3217.000
1632.564	3329.000
1632.702	3233.000
1632.841	3419.000
1632.979	3172.000
1633.118	3370.000
1633.256	3166.000
1633.395	3420.000
1633.533	3199.000
1633.671	3389.000
1633.810	3204.000
1633.948	3459.000
1634.086	3382.000
1634.225	3374.000
1634.363	3186.000
1634.501	3381.000
1634.640	3160.000
1634.778	3420.000
1634.916	3124.000
1635.054	3436.000
1635.192	3152.000
1635.331	3312.000
1635.469	3253.000
1635.607	3346.000
1635.745	3177.000
1635.883	3367.000
1636.021	3173.000
1636.159	3433.000
1636.297	3159.000
1636.435	3351.000
1636.573	3159.000
1636.711	3315.000
1636.849	3142.000
1636.987	3394.000
1637.125	3177.000
1637.263	3361.000
1637.401	3235.000
1637.539	3377.000
1637.677	3174.000
1637.815	3447.000
1637.953	3176.000
1638.091	3346.000
1638.228	3148.000
1638.366	3290.000
1638.504	3195.000
1638.642	3336.000
1638.779	3188.000
1638.917	3295.000
1639.055	3188.000
1639.193	3289.000
1639.330	3193.000
1639.468	3339.000
1639.606	3160.000
1639.743	3383.000
1639.881	3174.000
1640.018	3403.000
1640.156	3177.000
1640.294	3332.000
1640.431	3212.000
1640.569	3365.000
1640.706	3201.000
1640.844	3351.000
1640.981	3184.000
1641.119	3324.000
1641.256	3180.000
1641.393	3373.000
1641.531	3221.000
1641.668	3363.000
1641.806	3175.000
1641.943	3299.000
1642.080	3155.000
1642.218	3329.000
1642.355	3165.000
1642.492	3394.000
1642.629	3205.000
1642.767	3382.000
1642.904	3173.000
1643.041	3331.000
1643.178	3155.000
1643.315	3318.000
1643.453	3089.000
1643.590	3385.000
1643.727	3162.000
1643.864	3407.000
1644.001	3205.000
1644.138	3431.000
1644.275	3171.000
1644.412	3395.000
1644.549	3151.000
1644.686	3336.000
1644.823	3159.000
1644.960	3417.000
1645.097	3137.000
1645.234	3425.000
1645.371	3188.000
1645.508	3414.000
1645.645	3133.000
1645.782	3367.000
1645.918	3159.000
1646.055	3408.000
1646.192	3184.000
1646.329	3409.000
1646.466	3238.000
1646.602	3433.000
1646.739	3247.000
1646.876	3338.000
1647.013	3199.000
1647.149	3412.000
1647.286	3149.000
1647.423	3402.000
1647.559	3172.000
1647.696	3436.000
1647.833	3178.000
1647.969	3391.000
1648.106	3174.000
1648.242	3441.000
1648.379	3239.000
1648.515	3421.000
1648.652	3145.000
1648.788	3370.000
1648.925	3183.000
1649.061	3365.000
1649.198	3213.000
1649.334	3388.000
1649.470	3244.000
1649.607	3381.000
1649.743	3232.000
1649.879	3407.000
1650.016	3244.000
1650.152	3385.000
1650.288	3176.000
1650.425	3439.000
1650.561	3220.000
1650.697	3374.000
1650.833	3173.000
1650.970	3373.000
1651.106	3135.000
1651.242	3423.000
1651.378	3238.000
1651.514	3335.000
1651.650	3261.000
1651.787	3486.000
1651.923	3162.000
1652.059	3417.000
1652.195	3248.000
1652.331	3367.000
1652.467	3202.000
1652.603	3350.000
1652.739	3184.000
1652.875	3347.000
1653.011	3205.000
1653.147	3397.000
1653.282	3221.000
1653.418	3384.000
1653.554	3167.000
1653.690	3437.000
1653.826	3282.000
1653.962	3388.000
1654.098	3299.000
1654.233	3394.000
1654.369	3237.000
1654.505	3418.000
1654.641	2799.000
1654.776	3376.000
1654.912	3203.000
1655.048	3347.000
1655.183	3127.000
1655.319	3392.000
1655.455	3163.000
1655.590	3384.000
1655.726	3246.000
1655.862	3397.000
1655.997	3249.000
1656.133	3368.000
1656.268	3231.000
1656.404	3434.000
1656.539	3246.000
1656.675	3400.000
1656.810	3131.000
1656.946	3430.000
1657.081	3187.000
1657.216	3345.000
1657.352	3200.000
1657.487	3331.000
1657.623	3196.000
1657.758	3414.000
1657.893	3176.000
1658.029	3427.000
1658.164	3122.000
1658.299	3474.000
1658.434	3228.000
1658.570	3324.000
1658.705	3232.000
1658.840	3329.000
1658.975	3187.000
1659.110	3300.000
1659.245	3130.000
1659.381	3309.000
1659.516	3113.000
1659.651	3420.000
1659.786	3185.000
1659.921	3364.000
1660.056	3138.000
1660.191	3301.000
1660.326	3149.000
1660.461	3307.000
1660.596	3083.000
1660.731	3322.000
1660.866	3049.000
1661.001	3288.000
1661.136	3108.000
1661.271	3306.000
1661.406	3233.000
1661.540	3333.000
1661.675	3111.000
1661.810	3438.000
1661.945	3105.000
1662.080	3336.000
1662.214	3170.000
1662.349	3394.000
1662.484	3151.000
1662.619	3439.000
1662.753	4516.000
1662.888	3394.000
1663.023	3179.000
1663.157	3367.000
1663.292	3182.000
1663.427	3339.000
1663.561	3095.000
1663.696	3297.000
1663.830	3231.000
1663.965	3414.000
1664.099	3228.000
1664.234	3330.000
1664.368	3136.000
1664.503	3347.000
1664.637	3229.000
1664.772	3408.000
1664.906	3178.000
1665.041	3340.000
1665.175	3141.000
1665.309	3407.000
1665.444	3198.000
1665.578	3421.000
1665.712	3202.000
1665.847	3367.000
1665.981	3204.000
1666.115	3375.000
1666.249	3134.000
1666.384	3315.000
1666.518	3124.000
1666.652	3427.000
1666.786	3169.000
1666.920	3380.000
1667.055	3123.000
1667.189	3424.000
1667.323	3174.000
1667.457	3444.000
1667.591	3165.000
1667.725	3386.000
1667.859	3111.000
1667.993	3392.000
1668.127	3147.000
1668.261	3403.000
1668.395	3154.000
1668.529	3413.000
1668.663	3175.000
1668.797	3380.000
1668.931	3185.000
1669.065	3443.000
1669.199	3122.000
1669.332	3389.000
1669.466	3218.000
1669.600	3337.000
1669.734	3143.000
1669.868	3409.000
1670.001	3165.000
1670.135	3366.000
1670.269	3179.000
1670.403	3343.000
1670.536	3198.000
1670.670	3350.000
1670.804	3186.000
1670.937	3357.000
1671.071	3215.000
1671.205	3433.000
1671.338	3163.000
1671.472	3383.000
1671.605	3141.000
1671.739	3341.000
1671.872	3255.000
1672.006	3422.000
1672.139	3195.000
1672.273	3363.000
1672.406	3242.000
1672.540	3426.000
1672.673	3209.000
1672.807	3470.000
1672.940	3237.000
1673.073	3472.000
1673.207	3217.000
1673.340	3348.000
1673.473	3202.000
1673.607	3398.000
1673.740	3204.000
1673.873	3292.000
1674.006	3247.000
1674.140	3419.000
1674.273	3258.000
1674.406	3401.000
1674.539	3193.000
1674.672	3315.000
1674.805	3238.000
1674.939	3448.000
