1389.877	3486.000
1390.026	3604.000
1390.174	3451.000
1390.323	3707.000
1390.472	3476.000
1390.621	3691.000
1390.770	3477.000
1390.919	3693.000
1391.067	3486.000
1391.216	3669.000
1391.365	3408.000
1391.514	3700.000
1391.662	3449.000
1391.811	3614.000
1391.960	3456.000
1392.109	3714.000
1392.257	3385.000
1392.406	3688.000
1392.555	3406.000
1392.703	3713.000
1392.852	3421.000
1393.000	3639.000
1393.149	3567.000
1393.298	3649.000
1393.446	3507.000
1393.595	3635.000
1393.743	3487.000
1393.892	3635.000
1394.040	3455.000
1394.189	3615.000
1394.337	3455.000
1394.486	3694.000
1394.634	3509.000
1394.783	3669.000
1394.931	3435.000
1395.079	3667.000
1395.228	3546.000
1395.376	3651.000
1395.525	3527.000
1395.673	3704.000
1395.821	3463.000
1395.970	3707.000
1396.118	3456.000
1396.266	3728.000
1396.414	3429.000
1396.563	3665.000
1396.711	3505.000
1396.859	3616.000
1397.007	3465.000
1397.156	3693.000
1397.304	3438.000
1397.452	3614.000
1397.600	3484.000
1397.748	3674.000
1397.896	3428.000
1398.045	3659.000
1398.193	3441.000
1398.341	3643.000
1398.489	3411.000
1398.637	3604.000
1398.785	3490.000
1398.933	3619.000
1399.081	3434.000
1399.229	3595.000
1399.377	3389.000
1399.525	3689.000
1399.673	3457.000
1399.821	3609.000
1399.969	3416.000
1400.117	3634.000
1400.265	3446.000
1400.413	3608.000
1400.561	3457.000
1400.708	3634.000
1400.856	3363.000
1401.004	3603.000
1401.152	3401.000
1401.300	3598.000
1401.448	3484.000
1401.595	3701.000
1401.743	3403.000
1401.891	3608.000
1402.039	3420.000
1402.186	3594.000
1402.334	3387.000
1402.482	3578.000
1402.629	3383.000
1402.777	3562.000
1402.925	3450.000
1403.072	3563.000
1403.220	3389.000
1403.368	3624.000
1403.515	3449.000
1403.663	3618.000
1403.810	3447.000
1403.958	3578.000
1404.105	3361.000
1404.253	3609.000
1404.400	3399.000
1404.548	3617.000
1404.695	3391.000
1404.843	3509.000
1404.990	3356.000
1405.138	3515.000
1405.285	3371.000
1405.433	3636.000
1405.580	3382.000
1405.727	3564.000
1405.875	3404.000
1406.022	3545.000
1406.170	3388.000
1406.317	3592.000
1406.464	3260.000
1406.611	3601.000
1406.759	3364.000
1406.906	3532.000
1407.053	3393.000
1407.201	3609.000
1407.348	3411.000
1407.495	3579.000
1407.642	3368.000
1407.789	3535.000
1407.937	3358.000
1408.084	3613.000
1408.231	3350.000
1408.378	3575.000
1408.525	3323.000
1408.672	3495.000
1408.819	3451.000
1408.966	3575.000
1409.113	3373.000
1409.260	3572.000
1409.407	3386.000
1409.554	3506.000
1409.701	3350.000
1409.848	3546.000
1409.995	3415.000
1410.142	3577.000
1410.289	3340.000
1410.436	3560.000
1410.583	3393.000
1410.730	3577.000
1410.877	3370.000
1411.024	3504.000
1411.171	3377.000
1411.318	3595.000
1411.464	3424.000
1411.611	3555.000
1411.758	3381.000
1411.905	3584.000
1412.052	3375.000
1412.198	3539.000
1412.345	3341.000
1412.492	3524.000
1412.638	3330.000
1412.785	3574.000
1412.932	3388.000
1413.079	3580.000
1413.225	3366.000
1413.372	3571.000
1413.518	3392.000
1413.665	3491.000
1413.812	3379.000
1413.958	3563.000
1414.105	3310.000
1414.251	3534.000
1414.398	3394.000
1414.544	3538.000
1414.691	3369.000
1414.838	3570.000
1414.984	3295.000
1415.130	3562.000
1415.277	3361.000
1415.423	3489.000
1415.570	3384.000
1415.716	3581.000
1415.863	3306.000
1416.009	3553.000
1416.155	3240.000
1416.302	3469.000
1416.448	3351.000
1416.594	3542.000
1416.741	3352.000
1416.887	3555.000
1417.033	3264.000
1417.180	3442.000
1417.326	3341.000
1417.472	3490.000
1417.618	3373.000
1417.765	3567.000
1417.911	3290.000
1418.057	3475.000
1418.203	3285.000
1418.349	3512.000
1418.495	3347.000
1418.642	3577.000
1418.788	3294.000
1418.934	3509.000
1419.080	3264.000
1419.226	3594.000
1419.372	3426.000
1419.518	3476.000
1419.664	3371.000
1419.810	3478.000
1419.956	3290.000
1420.102	3508.000
1420.248	3328.000
1420.394	3597.000
1420.540	3266.000
1420.686	3531.000
1420.832	3291.000
1420.978	3487.000
1421.124	3268.000
1421.270	3586.000
1421.415	3325.000
1421.561	3503.000
1421.707	3291.000
1421.853	3503.000
1421.999	3241.000
1422.144	3471.000
1422.290	3319.000
1422.436	3520.000
1422.582	3315.000
1422.727	3531.000
1422.873	3186.000
1423.019	3528.000
1423.165	3274.000
1423.310	3483.000
1423.456	3293.000
1423.602	3571.000
1423.747	3311.000
1423.893	3529.000
1424.038	3286.000
1424.184	3542.000
1424.330	3308.000
1424.475	3449.000
1424.621	3315.000
1424.766	3544.000
1424.912	3258.000
1425.057	3474.000
1425.203	3278.000
1425.348	3502.000
1425.494	3298.000
1425.639	3504.000
1425.785	3272.000
1425.930	3522.000
1426.075	3311.000
1426.221	3510.000
1426.366	3368.000
1426.512	3582.000
1426.657	3343.000
1426.802	3477.000
1426.948	3267.000
1427.093	3486.000
1427.238	3284.000
1427.383	3538.000
1427.529	3421.000
1427.674	3543.000
1427.819	3258.000
1427.964	3579.000
1428.110	3432.000
1428.255	3489.000
1428.400	3297.000
1428.545	3533.000
1428.690	3308.000
1428.835	3505.000
1428.981	3317.000
1429.126	3563.000
1429.271	3319.000
1429.416	3497.000
1429.561	3322.000
1429.706	3505.000
1429.851	3300.000
1429.996	3501.000
1430.141	3339.000
1430.286	3532.000
1430.431	3326.000
1430.576	3596.000
1430.721	3343.000
1430.866	3509.000
1431.011	3332.000
1431.156	3542.000
1431.301	3278.000
1431.445	3529.000
1431.590	3399.000
1431.735	3547.000
1431.880	3309.000
1432.025	3483.000
1432.170	3290.000
1432.314	3522.000
1432.459	3329.000
1432.604	3497.000
1432.749	3370.000
1432.893	3553.000
1433.038	3291.000
1433.183	3511.000
1433.328	3216.000
1433.472	3549.000
1433.617	3327.000
1433.762	3514.000
1433.906	3311.000
1434.051	3545.000
1434.195	3300.000
1434.340	3494.000
1434.485	3396.000
1434.629	3418.000
1434.774	3282.000
1434.918	3510.000
1435.063	3331.000
1435.207	3488.000
1435.352	3294.000
1435.496	3547.000
1435.641	3383.000
1435.785	3505.000
1435.930	3318.000
1436.074	3521.000
1436.219	3333.000
1436.363	3520.000
1436.507	3288.000
1436.652	3560.000
1436.796	3284.000
1436.940	3419.000
1437.085	3360.000
1437.229	3494.000
1437.373	3326.000
1437.518	3576.000
1437.662	3308.000
1437.806	3402.000
1437.950	3341.000
1438.095	3558.000
1438.239	3347.000
1438.383	3461.000
1438.527	3224.000
1438.671	3512.000
1438.815	3295.000
1438.960	3483.000
1439.104	3293.000
1439.248	3547.000
1439.392	3319.000
1439.536	3524.000
1439.680	3348.000
1439.824	3506.000
1439.968	3304.000
1440.112	3556.000
1440.256	3288.000
1440.400	3471.000
1440.544	3351.000
1440.688	3502.000
1440.832	3235.000
1440.976	3518.000
1441.120	3236.000
1441.264	3434.000
1441.408	3296.000
1441.552	3506.000
1441.696	3307.000
1441.839	3498.000
1441.983	3327.000
1442.127	3391.000
1442.271	3271.000
1442.415	3498.000
1442.559	3373.000
1442.702	3429.000
1442.846	3312.000
1442.990	3446.000
1443.133	3316.000
1443.277	3508.000
1443.421	3288.000
1443.565	3450.000
1443.708	3312.000
1443.852	3481.000
1443.996	3290.000
1444.139	3501.000
1444.283	3222.000
1444.426	3526.000
1444.570	3206.000
1444.714	3471.000
1444.857	3254.000
1445.001	3541.000
1445.144	3272.000
1445.288	3560.000
1445.431	3248.000
1445.575	3571.000
1445.718	3276.000
1445.862	3475.000
1446.005	3301.000
1446.148	3498.000
1446.292	3297.000
1446.435	3441.000
1446.579	3288.000
1446.722	3512.000
1446.865	3257.000
1447.009	3476.000
1447.152	3272.000
1447.295	3489.000
1447.439	3370.000
1447.582	3529.000
1447.725	3334.000
1447.869	3489.000
1448.012	3241.000
1448.155	3525.000
1448.298	3184.000
1448.441	3523.000
1448.585	3333.000
1448.728	3457.000
1448.871	3359.000
1449.014	3392.000
1449.157	3215.000
1449.300	3425.000
1449.443	3313.000
1449.586	3574.000
1449.730	3275.000
1449.873	3476.000
1450.016	3251.000
1450.159	3512.000
1450.302	3295.000
1450.445	3459.000
1450.588	3255.000
1450.731	3534.000
1450.874	3323.000
1451.017	3487.000
1451.160	3254.000
1451.302	3492.000
1451.445	3245.000
1451.588	3490.000
1451.731	3323.000
1451.874	3410.000
1452.017	3228.000
1452.160	3479.000
1452.302	3273.000
1452.445	3569.000
1452.588	3280.000
1452.731	3541.000
1452.874	3289.000
1453.016	3473.000
1453.159	3302.000
1453.302	3487.000
1453.444	3301.000
1453.587	3511.000
1453.730	3309.000
1453.872	3500.000
1454.015	3302.000
1454.158	3537.000
1454.300	3331.000
1454.443	3547.000
1454.586	3270.000
1454.728	3439.000
1454.871	3239.000
1455.013	3518.000
1455.156	3240.000
1455.298	3474.000
1455.441	3280.000
1455.583	3435.000
1455.726	3257.000
1455.868	3449.000
1456.011	3319.000
1456.153	3477.000
1456.296	3291.000
1456.438	3520.000
1456.580	3302.000
1456.723	3467.000
1456.865	3263.000
1457.007	3504.000
1457.150	3342.000
1457.292	3464.000
1457.434	3283.000
1457.577	3530.000
1457.719	3260.000
1457.861	3451.000
1458.003	3264.000
1458.146	3494.000
1458.288	3271.000
1458.430	3508.000
1458.572	3260.000
1458.714	3519.000
1458.857	3241.000
1458.999	3427.000
1459.141	3339.000
1459.283	3451.000
1459.425	3235.000
1459.567	3486.000
1459.709	3217.000
1459.851	3521.000
1459.993	3348.000
1460.135	3404.000
1460.277	3266.000
1460.419	3440.000
1460.561	3321.000
1460.703	3501.000
1460.845	3339.000
1460.987	3512.000
1461.129	3276.000
1461.271	3540.000
1461.413	3293.000
1461.555	3511.000
1461.697	3287.000
1461.839	3519.000
1461.981	3317.000
1462.122	3537.000
1462.264	3282.000
1462.406	3390.000
1462.548	3228.000
1462.690	3512.000
1462.831	3211.000
1462.973	3456.000
1463.115	3277.000
1463.257	3476.000
1463.398	3284.000
1463.540	3477.000
1463.682	3251.000
1463.823	3522.000
1463.965	3165.000
1464.107	3539.000
1464.248	3306.000
1464.390	3487.000
1464.531	3337.000
1464.673	3523.000
1464.815	3279.000
1464.956	3455.000
1465.098	3271.000
1465.239	3450.000
1465.381	3297.000
1465.522	3466.000
1465.664	3220.000
1465.805	3462.000
1465.947	3393.000
1466.088	3492.000
1466.229	3301.000
1466.371	3498.000
1466.512	3230.000
1466.654	3463.000
1466.795	3245.000
1466.936	3484.000
1467.078	3231.000
1467.219	3598.000
1467.360	3288.000
1467.502	3556.000
1467.643	3277.000
1467.784	3499.000
1467.925	3329.000
1468.067	3522.000
1468.208	3211.000
1468.349	3451.000
1468.490	3273.000
1468.631	3507.000
1468.773	3311.000
1468.914	3469.000
1469.055	3180.000
1469.196	3475.000
1469.337	3269.000
1469.478	3444.000
1469.619	3284.000
1469.760	3458.000
1469.901	3246.000
1470.042	3478.000
1470.183	3245.000
1470.324	3518.000
1470.465	3298.000
1470.606	3544.000
1470.747	3288.000
1470.888	3459.000
1471.029	3226.000
1471.170	3445.000
1471.311	3312.000
1471.452	3571.000
1471.593	3245.000
1471.734	3499.000
1471.875	3186.000
1472.015	3475.000
1472.156	3287.000
1472.297	3478.000
1472.438	3249.000
1472.579	3447.000
1472.719	3365.000
1472.860	3437.000
1473.001	3291.000
1473.142	3511.000
1473.282	3237.000
1473.423	3463.000
1473.564	3228.000
1473.704	3520.000
1473.845	3296.000
1473.986	3386.000
1474.126	3256.000
1474.267	3461.000
1474.408	3268.000
1474.548	3384.000
1474.689	3172.000
1474.829	3456.000
1474.970	3313.000
1475.110	3476.000
1475.251	3292.000
1475.391	3534.000
1475.532	3265.000
1475.672	3484.000
1475.813	3278.000
1475.953	3456.000
1476.094	3164.000
1476.234	3437.000
1476.374	3326.000
1476.515	3473.000
1476.655	3230.000
1476.796	3467.000
1476.936	3251.000
1477.076	3467.000
1477.217	3170.000
1477.357	3441.000
1477.497	3227.000
1477.637	3407.000
1477.778	3199.000
1477.918	3400.000
1478.058	3302.000
1478.198	3409.000
1478.338	3236.000
1478.479	3432.000
1478.619	3269.000
1478.759	3450.000
1478.899	3247.000
1479.039	3471.000
1479.179	3251.000
1479.319	3413.000
1479.460	3212.000
1479.600	3492.000
1479.740	3227.000
1479.880	3404.000
1480.020	3221.000
1480.160	3395.000
1480.300	3180.000
1480.440	3373.000
1480.580	3205.000
1480.720	3459.000
1480.860	3263.000
1481.000	3405.000
1481.139	3242.000
1481.279	3413.000
1481.419	3196.000
1481.559	3375.000
1481.699	3206.000
1481.839	3380.000
1481.979	3147.000
1482.118	3402.000
1482.258	3202.000
1482.398	3433.000
1482.538	3226.000
1482.678	3395.000
1482.817	3173.000
1482.957	3432.000
1483.097	3223.000
1483.236	3420.000
1483.376	3239.000
1483.516	3386.000
1483.655	3146.000
1483.795	3371.000
1483.935	3277.000
1484.074	3453.000
1484.214	3205.000
1484.354	3369.000
1484.493	3229.000
1484.633	3367.000
1484.772	3158.000
1484.912	3410.000
1485.051	3232.000
1485.191	3387.000
1485.330	3187.000
1485.470	3396.000
1485.609	3158.000
1485.749	3455.000
1485.888	3238.000
1486.027	3437.000
1486.167	3145.000
1486.306	3439.000
1486.446	3209.000
1486.585	3422.000
1486.724	3200.000
1486.864	3458.000
1487.003	3171.000
1487.142	3381.000
1487.282	3214.000
1487.421	3386.000
1487.560	3190.000
1487.699	3459.000
1487.839	3188.000
1487.978	3386.000
1488.117	3216.000
1488.256	3387.000
1488.395	3220.000
1488.535	3438.000
1488.674	3223.000
1488.813	3379.000
1488.952	3198.000
1489.091	3404.000
1489.230	3261.000
1489.369	3395.000
1489.508	3232.000
1489.647	3391.000
1489.786	3252.000
1489.925	3461.000
1490.064	3227.000
1490.203	3373.000
1490.342	3246.000
1490.481	3416.000
1490.620	3221.000
1490.759	3454.000
1490.898	3262.000
1491.037	3453.000
1491.176	3297.000
1491.315	3447.000
1491.454	3264.000
1491.592	3402.000
1491.731	3238.000
1491.870	3459.000
1492.009	3248.000
1492.148	3391.000
1492.286	3293.000
1492.425	3461.000
1492.564	3225.000
1492.703	3360.000
1492.841	3196.000
1492.980	3483.000
1493.119	3242.000
1493.257	3401.000
1493.396	3246.000
1493.535	3507.000
1493.673	3453.000
1493.812	3447.000
1493.951	3247.000
1494.089	3431.000
1494.228	3204.000
1494.366	3461.000
1494.505	3214.000
1494.643	3491.000
1494.782	3212.000
1494.920	3364.000
1495.059	3272.000
1495.197	3422.000
1495.336	3222.000
1495.474	3397.000
1495.613	3229.000
1495.751	3477.000
1495.890	3219.000
1496.028	3398.000
1496.166	3220.000
1496.305	3381.000
1496.443	3199.000
1496.581	3438.000
1496.720	3257.000
1496.858	3413.000
1496.996	3274.000
1497.135	3410.000
1497.273	3212.000
1497.411	3473.000
1497.549	3223.000
1497.688	3416.000
1497.826	3215.000
1497.964	3358.000
1498.102	3235.000
1498.240	3383.000
1498.378	3234.000
1498.517	3320.000
1498.655	3239.000
1498.793	3344.000
1498.931	3260.000
1499.069	3407.000
1499.207	3242.000
1499.345	3446.000
1499.483	3241.000
1499.621	3448.000
1499.759	3213.000
1499.897	3384.000
1500.035	3257.000
1500.173	3393.000
1500.311	3263.000
1500.449	3390.000
1500.587	3229.000
1500.725	3379.000
1500.863	3233.000
1501.001	3423.000
1501.138	3282.000
1501.276	3404.000
1501.414	3218.000
1501.552	3362.000
1501.690	3204.000
1501.828	3372.000
1501.965	3246.000
1502.103	3443.000
1502.241	3231.000
1502.379	3435.000
1502.516	3238.000
1502.654	3397.000
1502.792	3233.000
1502.929	3377.000
1503.067	3144.000
1503.205	3429.000
1503.342	3215.000
1503.480	3451.000
1503.618	3285.000
1503.755	3484.000
1503.893	3236.000
1504.030	3436.000
1504.168	3228.000
1504.305	3388.000
1504.443	3212.000
1504.580	3451.000
1504.718	3163.000
1504.855	3458.000
1504.993	3252.000
1505.130	3459.000
1505.268	3216.000
1505.405	3404.000
1505.543	3228.000
1505.680	3456.000
1505.817	3257.000
1505.955	3454.000
1506.092	3291.000
1506.229	3495.000
1506.367	3284.000
1506.504	3387.000
1506.641	3276.000
1506.779	3492.000
1506.916	3230.000
1507.053	3494.000
1507.190	3219.000
1507.328	3482.000
1507.465	3211.000
1507.602	3466.000
1507.739	3212.000
1507.876	3496.000
1508.014	3339.000
1508.151	3471.000
1508.288	3204.000
1508.425	3433.000
1508.562	3264.000
1508.699	3399.000
1508.836	3268.000
1508.973	3449.000
1509.110	3303.000
1509.247	3451.000
1509.384	3284.000
1509.521	3468.000
1509.658	3279.000
1509.795	3431.000
1509.932	3248.000
1510.069	3485.000
1510.206	3254.000
1510.343	3448.000
1510.480	3256.000
1510.617	3435.000
1510.754	3213.000
1510.890	3489.000
1511.027	3319.000
1511.164	3384.000
1511.301	3301.000
1511.438	3562.000
1511.575	3238.000
1511.711	3478.000
1511.848	3329.000
1511.985	3461.000
1512.121	3243.000
1512.258	3379.000
1512.395	3245.000
1512.532	3417.000
1512.668	3264.000
1512.805	3479.000
1512.942	3289.000
1513.078	3418.000
1513.215	3240.000
1513.351	3502.000
1513.488	3308.000
1513.625	3435.000
1513.761	3336.000
1513.898	3452.000
1514.034	3274.000
1514.171	3471.000
1514.307	2876.000
1514.444	3431.000
1514.580	3264.000
1514.717	3383.000
1514.853	3196.000
1514.989	3443.000
1515.126	3204.000
1515.262	3443.000
1515.399	3332.000
1515.535	3462.000
1515.671	3291.000
1515.808	3398.000
1515.944	3272.000
1516.080	3465.000
1516.217	3291.000
1516.353	3446.000
1516.489	3202.000
1516.625	3473.000
1516.762	3212.000
1516.898	3434.000
1517.034	3273.000
1517.170	3403.000
1517.307	3260.000
1517.443	3481.000
1517.579	3187.000
1517.715	3467.000
1517.851	3191.000
1517.987	3528.000
1518.123	3274.000
1518.259	3408.000
1518.396	3293.000
1518.532	3388.000
1518.668	3243.000
1518.804	3357.000
1518.940	3177.000
1519.076	3346.000
1519.212	3217.000
1519.348	3469.000
1519.484	3234.000
1519.620	3469.000
1519.755	3201.000
1519.891	3364.000
1520.027	3160.000
1520.163	3384.000
1520.299	3147.000
1520.435	3382.000
1520.571	3103.000
1520.707	3373.000
1520.842	3173.000
1520.978	3376.000
1521.114	3283.000
1521.250	3381.000
1521.385	3170.000
1521.521	3474.000
1521.657	3136.000
1521.793	3378.000
1521.928	3250.000
1522.064	3420.000
1522.200	3189.000
1522.335	3485.000
1522.471	4523.000
1522.607	3451.000
1522.742	3217.000
1522.878	3403.000
1523.013	3227.000
1523.149	3391.000
1523.285	3127.000
1523.420	3366.000
1523.556	3308.000
1523.691	3473.000
1523.827	3268.000
1523.962	3369.000
1524.098	3176.000
1524.233	3424.000
1524.369	3294.000
1524.504	3481.000
1524.639	3213.000
1524.775	3421.000
1524.910	3231.000
1525.046	3446.000
1525.181	3269.000
1525.316	3457.000
1525.452	3275.000
1525.587	3423.000
1525.722	3272.000
1525.858	3419.000
1525.993	3195.000
1526.128	3378.000
1526.263	3179.000
1526.399	3449.000
1526.534	3196.000
1526.669	3421.000
1526.804	3208.000
1526.939	3485.000
1527.074	3273.000
1527.210	3482.000
1527.345	3229.000
1527.480	3433.000
1527.615	3168.000
1527.750	3437.000
1527.885	3180.000
1528.020	3444.000
1528.155	3189.000
1528.290	3465.000
1528.425	3251.000
1528.560	3429.000
1528.695	3238.000
1528.830	3498.000
1528.965	3193.000
1529.100	3478.000
1529.235	3300.000
1529.370	3416.000
1529.505	3226.000
1529.640	3467.000
1529.775	3221.000
1529.910	3404.000
1530.044	3216.000
1530.179	3410.000
1530.314	3247.000
1530.449	3420.000
1530.584	3277.000
1530.718	3417.000
1530.853	3298.000
1530.988	3512.000
1531.123	3189.000
1531.257	3432.000
1531.392	3210.000
1531.527	3415.000
1531.661	3308.000
1531.796	3480.000
1531.931	3235.000
1532.065	3414.000
1532.200	3311.000
1532.335	3488.000
1532.469	3289.000
1532.604	3553.000
1532.738	3326.000
1532.873	3538.000
1533.007	3272.000
1533.142	3445.000
1533.276	3278.000
1533.411	3500.000
1533.545	3283.000
1533.680	3362.000
1533.814	3314.000
1533.949	3520.000
1534.083	3336.000
1534.218	3470.000
1534.352	3272.000
1534.486	3401.000
1534.621	3349.000
1534.755	3513.000
