1489.766	2613.000
1489.917	2815.000
1490.067	2639.000
1490.217	2957.000
1490.367	2684.000
1490.517	2966.000
1490.668	2683.000
1490.818	2972.000
1490.968	2733.000
1491.118	3004.000
1491.268	2722.000
1491.418	3070.000
1491.568	2799.000
1491.718	3029.000
1491.868	2806.000
1492.018	3138.000
1492.168	2789.000
1492.318	3144.000
1492.468	2828.000
1492.618	3167.000
1492.768	2840.000
1492.918	3096.000
1493.068	3009.000
1493.218	3180.000
1493.368	2989.000
1493.518	3155.000
1493.667	2956.000
1493.817	3167.000
1493.967	2935.000
1494.117	3156.000
1494.267	2957.000
1494.416	3229.000
1494.566	2987.000
1494.716	3154.000
1494.865	2884.000
1495.015	3174.000
1495.165	2961.000
1495.314	3128.000
1495.464	2964.000
1495.614	3194.000
1495.763	2879.000
1495.913	3193.000
1496.063	2823.000
1496.212	3146.000
1496.362	2819.000
1496.511	3104.000
1496.661	2852.000
1496.810	3028.000
1496.960	2839.000
1497.109	3061.000
1497.259	2749.000
1497.408	3006.000
1497.557	2756.000
1497.707	3017.000
1497.856	2692.000
1498.005	2988.000
1498.155	2691.000
1498.304	2993.000
1498.453	2674.000
1498.603	2967.000
1498.752	2765.000
1498.901	2959.000
1499.051	2745.000
1499.200	2938.000
1499.349	2712.000
1499.498	3062.000
1499.647	2799.000
1499.797	3014.000
1499.946	2808.000
1500.095	3054.000
1500.244	2846.000
1500.393	3096.000
1500.542	2893.000
1500.691	3131.000
1500.840	2857.000
1500.989	3134.000
1501.138	2929.000
1501.287	3151.000
1501.436	2981.000
1501.585	3288.000
1501.734	2964.000
1501.883	3216.000
1502.032	3035.000
1502.181	3282.000
1502.330	3016.000
1502.479	3259.000
1502.627	3011.000
1502.776	3270.000
1502.925	3080.000
1503.074	3267.000
1503.223	3026.000
1503.371	3302.000
1503.520	3078.000
1503.669	3277.000
1503.818	3052.000
1503.966	3254.000
1504.115	2985.000
1504.264	3225.000
1504.412	3031.000
1504.561	3268.000
1504.710	2959.000
1504.858	3157.000
1505.007	2908.000
1505.155	3124.000
1505.304	2894.000
1505.453	3179.000
1505.601	2888.000
1505.750	3099.000
1505.898	2862.000
1506.047	3059.000
1506.195	2842.000
1506.343	3043.000
1506.492	2672.000
1506.640	3005.000
1506.789	2751.000
1506.937	2929.000
1507.085	2741.000
1507.234	2984.000
1507.382	2747.000
1507.530	2931.000
1507.679	2708.000
1507.827	2892.000
1507.975	2697.000
1508.123	2994.000
1508.272	2677.000
1508.420	2955.000
1508.568	2659.000
1508.716	2873.000
1508.864	2759.000
1509.013	2964.000
1509.161	2738.000
1509.309	2988.000
1509.457	2733.000
1509.605	2930.000
1509.753	2743.000
1509.901	3005.000
1510.049	2822.000
1510.197	3059.000
1510.345	2817.000
1510.493	3076.000
1510.641	2909.000
1510.789	3101.000
1510.937	2892.000
1511.085	3093.000
1511.233	2955.000
1511.381	3243.000
1511.528	3042.000
1511.676	3233.000
1511.824	3037.000
1511.972	3362.000
1512.120	3135.000
1512.268	3391.000
1512.415	3157.000
1512.563	3390.000
1512.711	3231.000
1512.859	3535.000
1513.006	3326.000
1513.154	3593.000
1513.302	3376.000
1513.449	3681.000
1513.597	3484.000
1513.744	3695.000
1513.892	3511.000
1514.040	3786.000
1514.187	3495.000
1514.335	3811.000
1514.482	3637.000
1514.630	3834.000
1514.777	3674.000
1514.925	3964.000
1515.072	3641.000
1515.220	3950.000
1515.367	3736.000
1515.515	3912.000
1515.662	3807.000
1515.809	3999.000
1515.957	3698.000
1516.104	3974.000
1516.251	3665.000
1516.399	3889.000
1516.546	3728.000
1516.693	3969.000
1516.841	3723.000
1516.988	3956.000
1517.135	3598.000
1517.282	3792.000
1517.430	3662.000
1517.577	3825.000
1517.724	3607.000
1517.871	3815.000
1518.018	3482.000
1518.165	3685.000
1518.312	3413.000
1518.460	3667.000
1518.607	3395.000
1518.754	3652.000
1518.901	3273.000
1519.048	3501.000
1519.195	3156.000
1519.342	3476.000
1519.489	3269.000
1519.636	3342.000
1519.783	3177.000
1519.930	3299.000
1520.077	3020.000
1520.223	3261.000
1520.370	3018.000
1520.517	3277.000
1520.664	2897.000
1520.811	3191.000
1520.958	2926.000
1521.104	3159.000
1521.251	2860.000
1521.398	3205.000
1521.545	2897.000
1521.691	3132.000
1521.838	2883.000
1521.985	3113.000
1522.132	2893.000
1522.278	3133.000
1522.425	2978.000
1522.571	3243.000
1522.718	3046.000
1522.865	3331.000
1523.011	3023.000
1523.158	3442.000
1523.304	3211.000
1523.451	3533.000
1523.597	3358.000
1523.744	3725.000
1523.890	3492.000
1524.037	3794.000
1524.183	3622.000
1524.330	3955.000
1524.476	3785.000
1524.623	4044.000
1524.769	3917.000
1524.915	4256.000
1525.062	4075.000
1525.208	4379.000
1525.354	4299.000
1525.501	4593.000
1525.647	4484.000
1525.793	4755.000
1525.940	4567.000
1526.086	4920.000
1526.232	4802.000
1526.378	5066.000
1526.524	4951.000
1526.671	5216.000
1526.817	5050.000
1526.963	5231.000
1527.109	5143.000
1527.255	5411.000
1527.401	5241.000
1527.547	5605.000
1527.693	5548.000
1527.839	5747.000
1527.985	5559.000
1528.131	5871.000
1528.277	5798.000
1528.423	5920.000
1528.569	5750.000
1528.715	6032.000
1528.861	5840.000
1529.007	6038.000
1529.153	5892.000
1529.299	6155.000
1529.445	5898.000
1529.591	6115.000
1529.736	5956.000
1529.882	6153.000
1530.028	6021.000
1530.174	6154.000
1530.320	6020.000
1530.465	6214.000
1530.611	6030.000
1530.757	6341.000
1530.902	6118.000
1531.048	6279.000
1531.194	6228.000
1531.339	6461.000
1531.485	6259.000
1531.631	6553.000
1531.776	6517.000
1531.922	6726.000
1532.067	6627.000
1532.213	6910.000
1532.358	6903.000
1532.504	7340.000
1532.649	7384.000
1532.795	7842.000
1532.940	8042.000
1533.086	8468.000
1533.231	8684.000
1533.377	9159.000
1533.522	9173.000
1533.668	9858.000
1533.813	9931.000
1533.958	10321.000
1534.104	10520.000
1534.249	10984.000
1534.394	11028.000
1534.539	11467.000
1534.685	11749.000
1534.830	11925.000
1534.975	12108.000
1535.120	12567.000
1535.266	12670.000
1535.411	13001.000
1535.556	13052.000
1535.701	13417.000
1535.846	13553.000
1535.991	13744.000
1536.137	13772.000
1536.282	13941.000
1536.427	13979.000
1536.572	14083.000
1536.717	13995.000
1536.862	14179.000
1537.007	14054.000
1537.152	14039.000
1537.297	14010.000
1537.442	13926.000
1537.587	13860.000
1537.732	13906.000
1537.876	13518.000
1538.021	13391.000
1538.166	13187.000
1538.311	13169.000
1538.456	12795.000
1538.601	12565.000
1538.746	12214.000
1538.890	12123.000
1539.035	11622.000
1539.180	11360.000
1539.325	10799.000
1539.469	10532.000
1539.614	10025.000
1539.759	9647.000
1539.903	9103.000
1540.048	8935.000
1540.193	8369.000
1540.337	8249.000
1540.482	7703.000
1540.627	7606.000
1540.771	7222.000
1540.916	7091.000
1541.060	6598.000
1541.205	6671.000
1541.349	6163.000
1541.494	6211.000
1541.638	5889.000
1541.783	6010.000
1541.927	5683.000
1542.072	5759.000
1542.216	5525.000
1542.360	5588.000
1542.505	5407.000
1542.649	5652.000
1542.794	5508.000
1542.938	5564.000
1543.082	5450.000
1543.227	5654.000
1543.371	5560.000
1543.515	5763.000
1543.659	5569.000
1543.804	5809.000
1543.948	5710.000
1544.092	5947.000
1544.236	5806.000
1544.380	6055.000
1544.524	5832.000
1544.669	6197.000
1544.813	5936.000
1544.957	6249.000
1545.101	6049.000
1545.245	6418.000
1545.389	6246.000
1545.533	6673.000
1545.677	6483.000
1545.821	7043.000
1545.965	6883.000
1546.109	7175.000
1546.253	7195.000
1546.397	7481.000
1546.541	7411.000
1546.685	7582.000
1546.829	7541.000
1546.973	7818.000
1547.116	7648.000
1547.260	7937.000
1547.404	7799.000
1547.548	8086.000
1547.692	7983.000
1547.835	8185.000
1547.979	8052.000
1548.123	8197.000
1548.267	7977.000
1548.410	8226.000
1548.554	7940.000
1548.698	8150.000
1548.841	7932.000
1548.985	7991.000
1549.129	7819.000
1549.272	7831.000
1549.416	7509.000
1549.559	7623.000
1549.703	7498.000
1549.847	7659.000
1549.990	7344.000
1550.134	7473.000
1550.277	7177.000
1550.421	7425.000
1550.564	7159.000
1550.707	7230.000
1550.851	6896.000
1550.994	7174.000
1551.138	6949.000
1551.281	7016.000
1551.424	6775.000
1551.568	7035.000
1551.711	6758.000
1551.854	7010.000
1551.998	6791.000
1552.141	6778.000
1552.284	6419.000
1552.427	6583.000
1552.571	6314.000
1552.714	6635.000
1552.857	6329.000
1553.000	6623.000
1553.143	6471.000
1553.287	6698.000
1553.430	6560.000
1553.573	6853.000
1553.716	6695.000
1553.859	6964.000
1554.002	6871.000
1554.145	7126.000
1554.288	7014.000
1554.431	7354.000
1554.574	7198.000
1554.717	7506.000
1554.860	7317.000
1555.003	7535.000
1555.146	7435.000
1555.289	7720.000
1555.432	7536.000
1555.575	7809.000
1555.718	7634.000
1555.861	7849.000
1556.003	7704.000
1556.146	7928.000
1556.289	7751.000
1556.432	7904.000
1556.575	7708.000
1556.717	7947.000
1556.860	7718.000
1557.003	7822.000
1557.145	7568.000
1557.288	7788.000
1557.431	7495.000
1557.573	7554.000
1557.716	7252.000
1557.859	7417.000
1558.001	7024.000
1558.144	7111.000
1558.287	6767.000
1558.429	6874.000
1558.572	6554.000
1558.714	6641.000
1558.857	6249.000
1558.999	6339.000
1559.142	5934.000
1559.284	6004.000
1559.427	5722.000
1559.569	5689.000
1559.711	5349.000
1559.854	5434.000
1559.996	5010.000
1560.138	5199.000
1560.281	4882.000
1560.423	4855.000
1560.565	4506.000
1560.708	4547.000
1560.850	4312.000
1560.992	4394.000
1561.135	4085.000
1561.277	4245.000
1561.419	3846.000
1561.561	4043.000
1561.703	3764.000
1561.846	3933.000
1561.988	3589.000
1562.130	3850.000
1562.272	3556.000
1562.414	3774.000
1562.556	3465.000
1562.698	3564.000
1562.840	3354.000
1562.982	3625.000
1563.124	3311.000
1563.266	3563.000
1563.408	3336.000
1563.550	3571.000
1563.692	3331.000
1563.834	3563.000
1563.976	3304.000
1564.118	3622.000
1564.260	3222.000
1564.402	3639.000
1564.544	3344.000
1564.685	3581.000
1564.827	3414.000
1564.969	3652.000
1565.111	3381.000
1565.253	3603.000
1565.394	3386.000
1565.536	3643.000
1565.678	3448.000
1565.819	3699.000
1565.961	3397.000
1566.103	3732.000
1566.244	3632.000
1566.386	3771.000
1566.528	3540.000
1566.669	3831.000
1566.811	3503.000
1566.952	3788.000
1567.094	3531.000
1567.236	3839.000
1567.377	3558.000
1567.519	3938.000
1567.660	3614.000
1567.802	3923.000
1567.943	3633.000
1568.084	3904.000
1568.226	3682.000
1568.367	3924.000
1568.509	3598.000
1568.650	3848.000
1568.791	3614.000
1568.933	3904.000
1569.074	3687.000
1569.215	3909.000
1569.357	3573.000
1569.498	3902.000
1569.639	3657.000
1569.780	3873.000
1569.922	3673.000
1570.063	3864.000
1570.204	3587.000
1570.345	3902.000
1570.486	3595.000
1570.628	3929.000
1570.769	3637.000
1570.910	3981.000
1571.051	3678.000
1571.192	3869.000
1571.333	3611.000
1571.474	3870.000
1571.615	3672.000
1571.756	4018.000
1571.897	3659.000
1572.038	3943.000
1572.179	3628.000
1572.320	3965.000
1572.461	3770.000
1572.602	4003.000
1572.743	3760.000
1572.884	3995.000
1573.025	3887.000
1573.165	4064.000
1573.306	3870.000
1573.447	4167.000
1573.588	3886.000
1573.729	4183.000
1573.869	3925.000
1574.010	4295.000
1574.151	4050.000
1574.292	4223.000
1574.432	4055.000
1574.573	4338.000
1574.714	4130.000
1574.854	4307.000
1574.995	4100.000
1575.136	4425.000
1575.276	4304.000
1575.417	4515.000
1575.557	4301.000
1575.698	4595.000
1575.838	4346.000
1575.979	4630.000
1576.119	4397.000
1576.260	4622.000
1576.400	4397.000
1576.541	4657.000
1576.681	4547.000
1576.822	4744.000
1576.962	4508.000
1577.102	4803.000
1577.243	4518.000
1577.383	4820.000
1577.524	4501.000
1577.664	4854.000
1577.804	4543.000
1577.944	4786.000
1578.085	4560.000
1578.225	4839.000
1578.365	4706.000
1578.505	4830.000
1578.646	4596.000
1578.786	4878.000
1578.926	4636.000
1579.066	4870.000
1579.206	4613.000
1579.346	4891.000
1579.487	4593.000
1579.627	4817.000
1579.767	4560.000
1579.907	4853.000
1580.047	4533.000
1580.187	4764.000
1580.327	4514.000
1580.467	4696.000
1580.607	4422.000
1580.747	4595.000
1580.887	4330.000
1581.027	4665.000
1581.167	4380.000
1581.307	4526.000
1581.446	4287.000
1581.586	4487.000
1581.726	4213.000
1581.866	4370.000
1582.006	4095.000
1582.146	4312.000
1582.285	3991.000
1582.425	4235.000
1582.565	3977.000
1582.705	4192.000
1582.844	3860.000
1582.984	4057.000
1583.124	3768.000
1583.263	4025.000
1583.403	3717.000
1583.543	3892.000
1583.682	3641.000
1583.822	3799.000
1583.961	3441.000
1584.101	3679.000
1584.241	3493.000
1584.380	3709.000
1584.520	3406.000
1584.659	3545.000
1584.799	3346.000
1584.938	3437.000
1585.077	3169.000
1585.217	3428.000
1585.356	3151.000
1585.496	3336.000
1585.635	3027.000
1585.775	3269.000
1585.914	2960.000
1586.053	3251.000
1586.193	2973.000
1586.332	3219.000
1586.471	2866.000
1586.610	3154.000
1586.750	2839.000
1586.889	3085.000
1587.028	2806.000
1587.167	3093.000
1587.307	2742.000
1587.446	2982.000
1587.585	2734.000
1587.724	2927.000
1587.863	2689.000
1588.002	3010.000
1588.141	2678.000
1588.280	2888.000
1588.419	2669.000
1588.558	2884.000
1588.697	2630.000
1588.837	2902.000
1588.975	2660.000
1589.114	2826.000
1589.253	2585.000
1589.392	2852.000
1589.531	2645.000
1589.670	2804.000
1589.809	2616.000
1589.948	2812.000
1590.087	2643.000
1590.226	2880.000
1590.365	2590.000
1590.503	2802.000
1590.642	2643.000
1590.781	2828.000
1590.920	2593.000
1591.058	2894.000
1591.197	2620.000
1591.336	2874.000
1591.475	2637.000
1591.613	2861.000
1591.752	2612.000
1591.891	2817.000
1592.029	2579.000
1592.168	2880.000
1592.306	2633.000
1592.445	2803.000
1592.584	2640.000
1592.722	2882.000
1592.861	2592.000
1592.999	2803.000
1593.138	2582.000
1593.276	2881.000
1593.415	2607.000
1593.553	2841.000
1593.691	2639.000
1593.830	2918.000
1593.968	2708.000
1594.107	2865.000
1594.245	2612.000
1594.383	2817.000
1594.522	2537.000
1594.660	2901.000
1594.798	2549.000
1594.937	2847.000
1595.075	2574.000
1595.213	2735.000
1595.351	2610.000
1595.490	2779.000
1595.628	2538.000
1595.766	2773.000
1595.904	2537.000
1596.042	2792.000
1596.180	2509.000
1596.319	2732.000
1596.457	2496.000
1596.595	2689.000
1596.733	2463.000
1596.871	2741.000
1597.009	2504.000
1597.147	2700.000
1597.285	2528.000
1597.423	2687.000
1597.561	2450.000
1597.699	2772.000
1597.837	2441.000
1597.975	2711.000
1598.113	2432.000
1598.251	2651.000
1598.388	2475.000
1598.526	2674.000
1598.664	2458.000
1598.802	2632.000
1598.940	2479.000
1599.078	2642.000
1599.215	2495.000
1599.353	2674.000
1599.491	2482.000
1599.629	2735.000
1599.766	2457.000
1599.904	2763.000
1600.042	2479.000
1600.179	2662.000
1600.317	2498.000
1600.455	2715.000
1600.592	2519.000
1600.730	2676.000
1600.867	2501.000
1601.005	2685.000
1601.142	2537.000
1601.280	2752.000
1601.418	2534.000
1601.555	2723.000
1601.693	2496.000
1601.830	2667.000
1601.967	2464.000
1602.105	2686.000
1602.242	2484.000
1602.380	2747.000
1602.517	2509.000
1602.654	2713.000
1602.792	2465.000
1602.929	2647.000
1603.066	2452.000
1603.204	2630.000
1603.341	2383.000
1603.478	2721.000
1603.616	2421.000
1603.753	2709.000
1603.890	2473.000
1604.027	2711.000
1604.164	2380.000
1604.302	2668.000
1604.439	2386.000
1604.576	2581.000
1604.713	2348.000
1604.850	2609.000
1604.987	2343.000
1605.124	2647.000
1605.261	2387.000
1605.398	2606.000
1605.535	2278.000
1605.672	2555.000
1605.809	2313.000
1605.946	2542.000
1606.083	2282.000
1606.220	2549.000
1606.357	2335.000
1606.494	2536.000
1606.631	2301.000
1606.768	2448.000
1606.905	2258.000
1607.041	2541.000
1607.178	2212.000
1607.315	2498.000
1607.452	2189.000
1607.589	2476.000
1607.725	2178.000
1607.862	2484.000
1607.999	2191.000
1608.136	2485.000
1608.272	2268.000
1608.409	2490.000
1608.546	2159.000
1608.682	2443.000
1608.819	2192.000
1608.955	2393.000
1609.092	2196.000
1609.229	2443.000
1609.365	2222.000
1609.502	2432.000
1609.638	2193.000
1609.775	2420.000
1609.911	2236.000
1610.048	2430.000
1610.184	2164.000
1610.321	2449.000
1610.457	2169.000
1610.594	2392.000
1610.730	2169.000
1610.866	2415.000
1611.003	2096.000
1611.139	2428.000
1611.275	2220.000
1611.412	2359.000
1611.548	2218.000
1611.684	2494.000
1611.820	2129.000
1611.957	2440.000
1612.093	2216.000
1612.229	2384.000
1612.365	2161.000
1612.502	2332.000
1612.638	2171.000
1612.774	2359.000
1612.910	2147.000
1613.046	2394.000
1613.182	2158.000
1613.318	2378.000
1613.454	2152.000
1613.590	2431.000
1613.726	2198.000
1613.863	2392.000
1613.999	2232.000
1614.134	2381.000
1614.270	2171.000
1614.406	2409.000
1614.542	1953.000
1614.678	2356.000
1614.814	2169.000
1614.950	2342.000
1615.086	2075.000
1615.222	2366.000
1615.358	2103.000
1615.493	2394.000
1615.629	2212.000
1615.765	2392.000
1615.901	2194.000
1616.037	2374.000
1616.172	2126.000
1616.308	2399.000
1616.444	2204.000
1616.579	2386.000
1616.715	2088.000
1616.851	2416.000
1616.986	2129.000
1617.122	2368.000
1617.258	2133.000
1617.393	2340.000
1617.529	2142.000
1617.664	2409.000
1617.800	2123.000
1617.935	2425.000
1618.071	2068.000
1618.206	2474.000
1618.342	2179.000
1618.477	2311.000
1618.613	2198.000
1618.748	2311.000
1618.884	2130.000
1619.019	2301.000
1619.154	2079.000
1619.290	2298.000
1619.425	2091.000
1619.560	2406.000
1619.696	2119.000
1619.831	2385.000
1619.966	2120.000
1620.102	2306.000
1620.237	2088.000
1620.372	2335.000
1620.507	2037.000
1620.642	2341.000
1620.778	2011.000
1620.913	2311.000
1621.048	2062.000
1621.183	2318.000
1621.318	2185.000
1621.453	2323.000
1621.588	2074.000
1621.723	2388.000
1621.859	2038.000
1621.994	2340.000
1622.129	2140.000
1622.264	2367.000
1622.399	2088.000
1622.534	2425.000
1622.668	2815.000
1622.803	2378.000
1622.938	2115.000
1623.073	2372.000
1623.208	2137.000
1623.343	2328.000
1623.478	2027.000
1623.613	2314.000
1623.747	2202.000
1623.882	2387.000
1624.017	2161.000
1624.152	2324.000
1624.287	2072.000
1624.421	2332.000
1624.556	2153.000
1624.691	2412.000
1624.825	2090.000
1624.960	2304.000
1625.095	2088.000
1625.229	2374.000
1625.364	2148.000
1625.499	2364.000
1625.633	2114.000
1625.768	2357.000
1625.902	2121.000
1626.037	2343.000
1626.171	2068.000
1626.306	2315.000
1626.440	2069.000
1626.575	2399.000
1626.709	2101.000
1626.844	2350.000
1626.978	2081.000
1627.113	2406.000
1627.247	2139.000
1627.381	2397.000
1627.516	2118.000
1627.650	2345.000
1627.784	2024.000
1627.919	2365.000
1628.053	2051.000
1628.187	2396.000
1628.322	2072.000
1628.456	2390.000
1628.590	2107.000
1628.724	2339.000
1628.858	2096.000
1628.993	2418.000
1629.127	2041.000
1629.261	2344.000
1629.395	2150.000
1629.529	2299.000
1629.663	2086.000
1629.797	2351.000
1629.931	2062.000
1630.065	2344.000
1630.199	2106.000
1630.333	2292.000
1630.467	2115.000
1630.601	2316.000
1630.735	2141.000
1630.869	2340.000
1631.003	2144.000
1631.137	2413.000
1631.271	2047.000
1631.405	2337.000
1631.539	2053.000
1631.673	2309.000
1631.807	2182.000
1631.940	2377.000
1632.074	2111.000
1632.208	2333.000
1632.342	2135.000
1632.475	2373.000
1632.609	2124.000
1632.743	2413.000
1632.877	2150.000
1633.010	2373.000
1633.144	2128.000
1633.278	2333.000
1633.411	2103.000
1633.545	2356.000
1633.678	2112.000
1633.812	2242.000
1633.946	2169.000
1634.079	2364.000
1634.213	2163.000
1634.346	2325.000
1634.480	2085.000
1634.613	2274.000
1634.747	2159.000
1634.880	2403.000
