1209.954	2275.000
1210.101	2406.000
1210.248	2217.000
1210.394	2518.000
1210.541	2243.000
1210.688	2502.000
1210.834	2223.000
1210.981	2498.000
1211.127	2236.000
1211.274	2458.000
1211.421	2216.000
1211.567	2506.000
1211.714	2252.000
1211.860	2426.000
1212.007	2209.000
1212.154	2506.000
1212.300	2162.000
1212.447	2494.000
1212.593	2171.000
1212.740	2504.000
1212.886	2160.000
1213.033	2419.000
1213.179	2316.000
1213.326	2466.000
1213.472	2255.000
1213.619	2436.000
1213.765	2233.000
1213.912	2417.000
1214.058	2235.000
1214.204	2430.000
1214.351	2225.000
1214.497	2501.000
1214.644	2276.000
1214.790	2440.000
1214.936	2190.000
1215.083	2439.000
1215.229	2302.000
1215.375	2429.000
1215.522	2273.000
1215.668	2498.000
1215.814	2203.000
1215.961	2485.000
1216.107	2188.000
1216.253	2502.000
1216.399	2171.000
1216.546	2465.000
1216.692	2248.000
1216.838	2407.000
1216.984	2220.000
1217.130	2442.000
1217.277	2181.000
1217.423	2406.000
1217.569	2239.000
1217.715	2451.000
1217.861	2170.000
1218.008	2463.000
1218.154	2176.000
1218.300	2463.000
1218.446	2187.000
1218.592	2431.000
1218.738	2244.000
1218.884	2393.000
1219.030	2202.000
1219.176	2375.000
1219.322	2140.000
1219.468	2482.000
1219.614	2214.000
1219.760	2413.000
1219.907	2199.000
1220.053	2437.000
1220.199	2183.000
1220.344	2409.000
1220.490	2216.000
1220.636	2437.000
1220.782	2138.000
1220.928	2409.000
1221.074	2187.000
1221.220	2392.000
1221.366	2229.000
1221.512	2480.000
1221.658	2189.000
1221.804	2418.000
1221.950	2211.000
1222.095	2427.000
1222.241	2209.000
1222.387	2403.000
1222.533	2167.000
1222.679	2419.000
1222.825	2236.000
1222.970	2396.000
1223.116	2180.000
1223.262	2424.000
1223.408	2237.000
1223.554	2418.000
1223.699	2216.000
1223.845	2383.000
1223.991	2138.000
1224.136	2411.000
1224.282	2197.000
1224.428	2444.000
1224.574	2173.000
1224.719	2330.000
1224.865	2157.000
1225.011	2341.000
1225.156	2195.000
1225.302	2446.000
1225.447	2157.000
1225.593	2387.000
1225.739	2159.000
1225.884	2367.000
1226.030	2199.000
1226.175	2384.000
1226.321	2049.000
1226.467	2403.000
1226.612	2161.000
1226.758	2359.000
1226.903	2189.000
1227.049	2411.000
1227.194	2200.000
1227.340	2381.000
1227.485	2174.000
1227.631	2364.000
1227.776	2185.000
1227.921	2448.000
1228.067	2154.000
1228.212	2417.000
1228.358	2144.000
1228.503	2338.000
1228.649	2261.000
1228.794	2435.000
1228.939	2211.000
1229.085	2430.000
1229.230	2181.000
1229.375	2340.000
1229.521	2174.000
1229.666	2371.000
1229.811	2226.000
1229.957	2419.000
1230.102	2155.000
1230.247	2407.000
1230.393	2247.000
1230.538	2423.000
1230.683	2176.000
1230.828	2374.000
1230.974	2213.000
1231.119	2443.000
1231.264	2272.000
1231.409	2406.000
1231.554	2191.000
1231.700	2430.000
1231.845	2259.000
1231.990	2432.000
1232.135	2226.000
1232.280	2397.000
1232.425	2202.000
1232.570	2464.000
1232.716	2254.000
1232.861	2462.000
1233.006	2239.000
1233.151	2465.000
1233.296	2251.000
1233.441	2410.000
1233.586	2254.000
1233.731	2444.000
1233.876	2186.000
1234.021	2420.000
1234.166	2282.000
1234.311	2436.000
1234.456	2269.000
1234.601	2488.000
1234.746	2179.000
1234.891	2452.000
1235.036	2236.000
1235.181	2380.000
1235.326	2244.000
1235.471	2442.000
1235.616	2164.000
1235.760	2452.000
1235.905	2173.000
1236.050	2369.000
1236.195	2250.000
1236.340	2451.000
1236.485	2239.000
1236.630	2492.000
1236.774	2166.000
1236.919	2358.000
1237.064	2244.000
1237.209	2423.000
1237.354	2246.000
1237.498	2456.000
1237.643	2194.000
1237.788	2406.000
1237.933	2170.000
1238.077	2430.000
1238.222	2241.000
1238.367	2500.000
1238.512	2205.000
1238.656	2402.000
1238.801	2158.000
1238.946	2515.000
1239.090	2307.000
1239.235	2419.000
1239.379	2292.000
1239.524	2423.000
1239.669	2193.000
1239.813	2471.000
1239.958	2261.000
1240.103	2543.000
1240.247	2211.000
1240.392	2478.000
1240.536	2255.000
1240.681	2488.000
1240.825	2264.000
1240.970	2565.000
1241.114	2313.000
1241.259	2509.000
1241.403	2268.000
1241.548	2497.000
1241.692	2267.000
1241.837	2507.000
1241.981	2350.000
1242.126	2558.000
1242.270	2357.000
1242.415	2587.000
1242.559	2245.000
1242.703	2567.000
1242.848	2346.000
1242.992	2545.000
1243.136	2364.000
1243.281	2625.000
1243.425	2393.000
1243.570	2597.000
1243.714	2367.000
1243.858	2631.000
1244.002	2376.000
1244.147	2576.000
1244.291	2453.000
1244.435	2645.000
1244.580	2377.000
1244.724	2591.000
1244.868	2415.000
1245.012	2640.000
1245.157	2433.000
1245.301	2644.000
1245.445	2388.000
1245.589	2642.000
1245.733	2448.000
1245.878	2641.000
1246.022	2482.000
1246.166	2698.000
1246.310	2441.000
1246.454	2599.000
1246.598	2404.000
1246.742	2597.000
1246.886	2386.000
1247.031	2638.000
1247.175	2520.000
1247.319	2664.000
1247.463	2364.000
1247.607	2622.000
1247.751	2461.000
1247.895	2544.000
1248.039	2315.000
1248.183	2596.000
1248.327	2342.000
1248.471	2520.000
1248.615	2338.000
1248.759	2555.000
1248.903	2332.000
1249.047	2527.000
1249.191	2335.000
1249.335	2567.000
1249.479	2363.000
1249.623	2548.000
1249.766	2364.000
1249.910	2580.000
1250.054	2332.000
1250.198	2611.000
1250.342	2381.000
1250.486	2550.000
1250.630	2385.000
1250.773	2600.000
1250.917	2299.000
1251.061	2547.000
1251.205	2407.000
1251.349	2544.000
1251.492	2339.000
1251.636	2514.000
1251.780	2329.000
1251.924	2547.000
1252.067	2348.000
1252.211	2586.000
1252.355	2447.000
1252.499	2623.000
1252.642	2429.000
1252.786	2644.000
1252.930	2305.000
1253.073	2687.000
1253.217	2451.000
1253.361	2669.000
1253.504	2461.000
1253.648	2746.000
1253.791	2500.000
1253.935	2702.000
1254.079	2602.000
1254.222	2619.000
1254.366	2464.000
1254.509	2761.000
1254.653	2534.000
1254.796	2716.000
1254.940	2505.000
1255.083	2772.000
1255.227	2602.000
1255.370	2776.000
1255.514	2513.000
1255.657	2764.000
1255.801	2566.000
1255.944	2728.000
1256.088	2525.000
1256.231	2801.000
1256.375	2520.000
1256.518	2672.000
1256.661	2568.000
1256.805	2717.000
1256.948	2523.000
1257.092	2828.000
1257.235	2533.000
1257.378	2644.000
1257.522	2549.000
1257.665	2767.000
1257.808	2544.000
1257.952	2672.000
1258.095	2454.000
1258.238	2743.000
1258.382	2476.000
1258.525	2659.000
1258.668	2447.000
1258.811	2680.000
1258.955	2453.000
1259.098	2642.000
1259.241	2467.000
1259.384	2617.000
1259.527	2396.000
1259.671	2629.000
1259.814	2364.000
1259.957	2554.000
1260.100	2416.000
1260.243	2546.000
1260.386	2271.000
1260.530	2577.000
1260.673	2292.000
1260.816	2528.000
1260.959	2307.000
1261.102	2553.000
1261.245	2320.000
1261.388	2489.000
1261.531	2337.000
1261.674	2424.000
1261.817	2282.000
1261.960	2492.000
1262.103	2380.000
1262.246	2419.000
1262.389	2292.000
1262.532	2425.000
1262.675	2288.000
1262.818	2485.000
1262.961	2216.000
1263.104	2359.000
1263.247	2237.000
1263.390	2411.000
1263.533	2216.000
1263.676	2436.000
1263.819	2127.000
1263.962	2439.000
1264.104	2110.000
1264.247	2387.000
1264.390	2127.000
1264.533	2433.000
1264.676	2176.000
1264.819	2464.000
1264.961	2098.000
1265.104	2451.000
1265.247	2161.000
1265.390	2372.000
1265.533	2180.000
1265.675	2363.000
1265.818	2150.000
1265.961	2312.000
1266.103	2155.000
1266.246	2413.000
1266.389	2093.000
1266.532	2372.000
1266.674	2130.000
1266.817	2371.000
1266.960	2247.000
1267.102	2430.000
1267.245	2232.000
1267.388	2367.000
1267.530	2111.000
1267.673	2448.000
1267.815	2102.000
1267.958	2392.000
1268.101	2240.000
1268.243	2383.000
1268.386	2260.000
1268.528	2360.000
1268.671	2095.000
1268.813	2356.000
1268.956	2255.000
1269.098	2473.000
1269.241	2239.000
1269.383	2431.000
1269.526	2174.000
1269.668	2472.000
1269.811	2259.000
1269.953	2445.000
1270.096	2164.000
1270.238	2507.000
1270.381	2298.000
1270.523	2446.000
1270.665	2244.000
1270.808	2472.000
1270.950	2211.000
1271.092	2494.000
1271.235	2302.000
1271.377	2404.000
1271.520	2178.000
1271.662	2488.000
1271.804	2259.000
1271.946	2561.000
1272.089	2272.000
1272.231	2540.000
1272.373	2282.000
1272.516	2484.000
1272.658	2304.000
1272.800	2490.000
1272.942	2265.000
1273.085	2524.000
1273.227	2282.000
1273.369	2476.000
1273.511	2287.000
1273.653	2518.000
1273.796	2272.000
1273.938	2492.000
1274.080	2251.000
1274.222	2390.000
1274.364	2196.000
1274.506	2475.000
1274.648	2166.000
1274.790	2386.000
1274.933	2173.000
1275.075	2352.000
1275.217	2146.000
1275.359	2347.000
1275.501	2189.000
1275.643	2386.000
1275.785	2188.000
1275.927	2400.000
1276.069	2219.000
1276.211	2371.000
1276.353	2160.000
1276.495	2420.000
1276.637	2224.000
1276.779	2378.000
1276.921	2153.000
1277.063	2431.000
1277.205	2142.000
1277.347	2352.000
1277.488	2121.000
1277.630	2357.000
1277.772	2183.000
1277.914	2388.000
1278.056	2127.000
1278.198	2339.000
1278.340	2126.000
1278.481	2317.000
1278.623	2208.000
1278.765	2324.000
1278.907	2087.000
1279.049	2361.000
1279.190	2063.000
1279.332	2393.000
1279.474	2214.000
1279.616	2312.000
1279.758	2123.000
1279.899	2317.000
1280.041	2183.000
1280.183	2371.000
1280.324	2162.000
1280.466	2398.000
1280.608	2132.000
1280.749	2367.000
1280.891	2170.000
1281.033	2373.000
1281.174	2151.000
1281.316	2371.000
1281.458	2175.000
1281.599	2399.000
1281.741	2147.000
1281.882	2267.000
1282.024	2093.000
1282.166	2377.000
1282.307	2082.000
1282.449	2353.000
1282.590	2154.000
1282.732	2365.000
1282.873	2116.000
1283.015	2345.000
1283.156	2127.000
1283.298	2404.000
1283.439	2025.000
1283.581	2396.000
1283.722	2137.000
1283.864	2340.000
1284.005	2179.000
1284.146	2384.000
1284.288	2157.000
1284.429	2314.000
1284.571	2101.000
1284.712	2360.000
1284.853	2164.000
1284.995	2330.000
1285.136	2085.000
1285.277	2359.000
1285.419	2271.000
1285.560	2362.000
1285.701	2145.000
1285.843	2391.000
1285.984	2109.000
1286.125	2320.000
1286.267	2112.000
1286.408	2367.000
1286.549	2104.000
1286.690	2451.000
1286.831	2122.000
1286.973	2393.000
1287.114	2138.000
1287.255	2367.000
1287.396	2163.000
1287.537	2364.000
1287.679	2068.000
1287.820	2320.000
1287.961	2119.000
1288.102	2386.000
1288.243	2169.000
1288.384	2346.000
1288.525	2057.000
1288.667	2337.000
1288.808	2138.000
1288.949	2335.000
1289.090	2121.000
1289.231	2336.000
1289.372	2072.000
1289.513	2350.000
1289.654	2080.000
1289.795	2392.000
1289.936	2136.000
1290.077	2404.000
1290.218	2122.000
1290.359	2336.000
1290.500	2103.000
1290.641	2314.000
1290.782	2160.000
1290.923	2446.000
1291.064	2109.000
1291.204	2371.000
1291.345	2054.000
1291.486	2330.000
1291.627	2151.000
1291.768	2366.000
1291.909	2135.000
1292.050	2330.000
1292.191	2214.000
1292.331	2297.000
1292.472	2147.000
1292.613	2384.000
1292.754	2084.000
1292.895	2354.000
1293.035	2091.000
1293.176	2394.000
1293.317	2177.000
1293.458	2277.000
1293.598	2142.000
1293.739	2363.000
1293.880	2134.000
1294.021	2306.000
1294.161	2058.000
1294.302	2330.000
1294.443	2189.000
1294.583	2380.000
1294.724	2173.000
1294.865	2414.000
1295.005	2136.000
1295.146	2362.000
1295.286	2165.000
1295.427	2324.000
1295.568	2069.000
1295.708	2329.000
1295.849	2214.000
1295.989	2392.000
1296.130	2100.000
1296.270	2395.000
1296.411	2134.000
1296.551	2375.000
1296.692	2085.000
1296.832	2361.000
1296.973	2116.000
1297.113	2283.000
1297.254	2102.000
1297.394	2307.000
1297.535	2229.000
1297.675	2339.000
1297.816	2116.000
1297.956	2365.000
1298.096	2164.000
1298.237	2360.000
1298.377	2130.000
1298.518	2378.000
1298.658	2132.000
1298.798	2317.000
1298.939	2136.000
1299.079	2380.000
1299.219	2166.000
1299.360	2327.000
1299.500	2130.000
1299.640	2316.000
1299.781	2117.000
1299.921	2280.000
1300.061	2085.000
1300.201	2398.000
1300.342	2187.000
1300.482	2327.000
1300.622	2132.000
1300.762	2353.000
1300.902	2152.000
1301.043	2336.000
1301.183	2109.000
1301.323	2333.000
1301.463	2100.000
1301.603	2326.000
1301.743	2149.000
1301.884	2362.000
1302.024	2107.000
1302.164	2313.000
1302.304	2113.000
1302.444	2370.000
1302.584	2142.000
1302.724	2345.000
1302.864	2172.000
1303.004	2340.000
1303.144	2069.000
1303.284	2344.000
1303.424	2234.000
1303.564	2416.000
1303.704	2176.000
1303.844	2349.000
1303.984	2223.000
1304.124	2306.000
1304.264	2107.000
1304.404	2393.000
1304.544	2170.000
1304.684	2352.000
1304.824	2128.000
1304.964	2364.000
1305.104	2135.000
1305.244	2402.000
1305.383	2199.000
1305.523	2431.000
1305.663	2110.000
1305.803	2396.000
1305.943	2184.000
1306.083	2428.000
1306.222	2156.000
1306.362	2434.000
1306.502	2139.000
1306.642	2386.000
1306.782	2205.000
1306.921	2345.000
1307.061	2184.000
1307.201	2459.000
1307.341	2163.000
1307.480	2388.000
1307.620	2206.000
1307.760	2398.000
1307.899	2213.000
1308.039	2426.000
1308.179	2235.000
1308.318	2359.000
1308.458	2210.000
1308.598	2403.000
1308.737	2262.000
1308.877	2396.000
1309.017	2219.000
1309.156	2408.000
1309.296	2241.000
1309.435	2470.000
1309.575	2219.000
1309.714	2390.000
1309.854	2279.000
1309.993	2440.000
1310.133	2235.000
1310.273	2510.000
1310.412	2270.000
1310.551	2462.000
1310.691	2289.000
1310.830	2449.000
1310.970	2283.000
1311.109	2436.000
1311.249	2230.000
1311.388	2490.000
1311.528	2273.000
1311.667	2424.000
1311.806	2291.000
1311.946	2471.000
1312.085	2221.000
1312.225	2392.000
1312.364	2209.000
1312.503	2491.000
1312.643	2231.000
1312.782	2420.000
1312.921	2244.000
1313.061	2501.000
1313.200	2339.000
1313.339	2439.000
1313.478	2235.000
1313.618	2410.000
1313.757	2175.000
1313.896	2473.000
1314.035	2182.000
1314.175	2442.000
1314.314	2183.000
1314.453	2349.000
1314.592	2253.000
1314.731	2393.000
1314.871	2189.000
1315.010	2399.000
1315.149	2236.000
1315.288	2418.000
1315.427	2215.000
1315.566	2390.000
1315.705	2164.000
1315.845	2332.000
1315.984	2170.000
1316.123	2412.000
1316.262	2226.000
1316.401	2423.000
1316.540	2284.000
1316.679	2396.000
1316.818	2199.000
1316.957	2474.000
1317.096	2195.000
1317.235	2401.000
1317.374	2195.000
1317.513	2363.000
1317.652	2247.000
1317.791	2377.000
1317.930	2243.000
1318.069	2342.000
1318.208	2233.000
1318.347	2331.000
1318.486	2275.000
1318.624	2424.000
1318.763	2256.000
1318.902	2447.000
1319.041	2262.000
1319.180	2493.000
1319.319	2227.000
1319.458	2393.000
1319.596	2255.000
1319.735	2427.000
1319.874	2272.000
1320.013	2401.000
1320.152	2259.000
1320.290	2375.000
1320.429	2269.000
1320.568	2462.000
1320.707	2295.000
1320.845	2440.000
1320.984	2242.000
1321.123	2392.000
1321.262	2246.000
1321.400	2411.000
1321.539	2268.000
1321.678	2499.000
1321.816	2274.000
1321.955	2519.000
1322.094	2267.000
1322.232	2442.000
1322.371	2263.000
1322.509	2450.000
1322.648	2211.000
1322.787	2486.000
1322.925	2270.000
1323.064	2519.000
1323.202	2319.000
1323.341	2525.000
1323.479	2256.000
1323.618	2516.000
1323.756	2259.000
1323.895	2432.000
1324.033	2284.000
1324.172	2506.000
1324.310	2200.000
1324.449	2538.000
1324.587	2313.000
1324.726	2511.000
1324.864	2239.000
1325.003	2450.000
1325.141	2269.000
1325.279	2493.000
1325.418	2277.000
1325.556	2487.000
1325.695	2300.000
1325.833	2478.000
1325.971	2299.000
1326.110	2416.000
1326.248	2246.000
1326.386	2488.000
1326.525	2221.000
1326.663	2468.000
1326.801	2196.000
1326.939	2431.000
1327.078	2176.000
1327.216	2436.000
1327.354	2186.000
1327.492	2481.000
1327.631	2279.000
1327.769	2440.000
1327.907	2171.000
1328.045	2402.000
1328.184	2204.000
1328.322	2379.000
1328.460	2230.000
1328.598	2397.000
1328.736	2223.000
1328.874	2395.000
1329.012	2234.000
1329.151	2417.000
1329.289	2247.000
1329.427	2423.000
1329.565	2205.000
1329.703	2445.000
1329.841	2215.000
1329.979	2407.000
1330.117	2186.000
1330.255	2389.000
1330.393	2144.000
1330.531	2429.000
1330.669	2256.000
1330.807	2359.000
1330.945	2255.000
1331.083	2532.000
1331.221	2167.000
1331.359	2444.000
1331.497	2252.000
1331.635	2398.000
1331.773	2218.000
1331.911	2354.000
1332.049	2192.000
1332.187	2385.000
1332.324	2234.000
1332.462	2411.000
1332.600	2216.000
1332.738	2368.000
1332.876	2175.000
1333.014	2462.000
1333.151	2225.000
1333.289	2380.000
1333.427	2258.000
1333.565	2400.000
1333.703	2228.000
1333.840	2407.000
1333.978	1968.000
1334.116	2344.000
1334.254	2169.000
1334.391	2315.000
1334.529	2070.000
1334.667	2344.000
1334.804	2114.000
1334.942	2371.000
1335.080	2213.000
1335.218	2355.000
1335.355	2200.000
1335.493	2326.000
1335.630	2175.000
1335.768	2369.000
1335.906	2187.000
1336.043	2378.000
1336.181	2118.000
1336.318	2387.000
1336.456	2122.000
1336.594	2322.000
1336.731	2167.000
1336.869	2330.000
1337.006	2180.000
1337.144	2379.000
1337.281	2169.000
1337.419	2403.000
1337.556	2105.000
1337.694	2467.000
1337.831	2209.000
1337.969	2313.000
1338.106	2241.000
1338.244	2336.000
1338.381	2146.000
1338.518	2310.000
1338.656	2089.000
1338.793	2320.000
1338.931	2112.000
1339.068	2430.000
1339.205	2177.000
1339.343	2371.000
1339.480	2166.000
1339.617	2276.000
1339.755	2130.000
1339.892	2339.000
1340.029	2049.000
1340.167	2357.000
1340.304	2087.000
1340.441	2314.000
1340.578	2104.000
1340.716	2340.000
1340.853	2211.000
1340.990	2347.000
1341.127	2109.000
1341.265	2417.000
1341.402	2071.000
1341.539	2343.000
1341.676	2146.000
1341.813	2386.000
1341.950	2131.000
1342.088	2419.000
1342.225	2834.000
1342.362	2375.000
1342.499	2172.000
1342.636	2336.000
1342.773	2153.000
1342.910	2318.000
1343.047	2065.000
1343.184	2299.000
1343.322	2217.000
1343.459	2404.000
1343.596	2186.000
1343.733	2301.000
1343.870	2114.000
1344.007	2316.000
1344.144	2212.000
1344.281	2379.000
1344.418	2158.000
1344.555	2293.000
1344.692	2101.000
1344.828	2337.000
1344.965	2161.000
1345.102	2344.000
1345.239	2156.000
1345.376	2359.000
1345.513	2198.000
1345.650	2322.000
1345.787	2094.000
1345.924	2311.000
1346.061	2103.000
1346.197	2384.000
1346.334	2124.000
1346.471	2346.000
1346.608	2099.000
1346.745	2378.000
1346.881	2133.000
1347.018	2420.000
1347.155	2153.000
1347.292	2375.000
1347.428	2104.000
1347.565	2358.000
1347.702	2091.000
1347.839	2388.000
1347.975	2108.000
1348.112	2414.000
1348.249	2164.000
1348.385	2337.000
1348.522	2151.000
1348.659	2399.000
1348.795	2094.000
1348.932	2378.000
1349.069	2197.000
1349.205	2334.000
1349.342	2110.000
1349.479	2360.000
1349.615	2122.000
1349.752	2338.000
1349.888	2151.000
1350.025	2335.000
1350.161	2175.000
1350.298	2320.000
1350.434	2176.000
1350.571	2331.000
1350.707	2177.000
1350.844	2409.000
1350.980	2117.000
1351.117	2349.000
1351.253	2086.000
1351.390	2322.000
1351.526	2227.000
1351.663	2402.000
1351.799	2155.000
1351.935	2337.000
1352.072	2210.000
1352.208	2384.000
1352.345	2182.000
1352.481	2431.000
1352.617	2198.000
1352.754	2423.000
1352.890	2189.000
1353.026	2354.000
1353.163	2152.000
1353.299	2377.000
1353.435	2180.000
1353.572	2285.000
1353.708	2220.000
1353.844	2420.000
1353.980	2242.000
1354.117	2355.000
1354.253	2153.000
1354.389	2285.000
1354.525	2215.000
1354.662	2438.000
