1479.780	2275.000
1479.930	2423.000
1480.080	2226.000
1480.230	2515.000
1480.380	2221.000
1480.530	2512.000
1480.681	2238.000
1480.831	2476.000
1480.981	2238.000
1481.130	2484.000
1481.280	2208.000
1481.430	2505.000
1481.580	2250.000
1481.730	2411.000
1481.880	2234.000
1482.030	2491.000
1482.180	2159.000
1482.330	2494.000
1482.480	2165.000
1482.629	2495.000
1482.779	2179.000
1482.929	2429.000
1483.079	2329.000
1483.228	2483.000
1483.378	2259.000
1483.528	2441.000
1483.678	2255.000
1483.827	2453.000
1483.977	2204.000
1484.127	2440.000
1484.276	2216.000
1484.426	2499.000
1484.576	2285.000
1484.725	2430.000
1484.875	2191.000
1485.024	2437.000
1485.174	2295.000
1485.323	2447.000
1485.473	2283.000
1485.622	2508.000
1485.772	2194.000
1485.921	2511.000
1486.071	2212.000
1486.220	2522.000
1486.370	2203.000
1486.519	2488.000
1486.668	2259.000
1486.818	2485.000
1486.967	2251.000
1487.116	2495.000
1487.266	2206.000
1487.415	2433.000
1487.564	2268.000
1487.713	2507.000
1487.863	2202.000
1488.012	2484.000
1488.161	2186.000
1488.310	2470.000
1488.460	2207.000
1488.609	2412.000
1488.758	2291.000
1488.907	2445.000
1489.056	2218.000
1489.205	2415.000
1489.354	2151.000
1489.503	2531.000
1489.652	2256.000
1489.801	2446.000
1489.950	2246.000
1490.099	2479.000
1490.248	2243.000
1490.397	2464.000
1490.546	2244.000
1490.695	2488.000
1490.844	2187.000
1490.993	2460.000
1491.142	2254.000
1491.291	2468.000
1491.440	2299.000
1491.589	2561.000
1491.737	2255.000
1491.886	2485.000
1492.035	2275.000
1492.184	2492.000
1492.333	2257.000
1492.481	2484.000
1492.630	2268.000
1492.779	2528.000
1492.928	2347.000
1493.076	2468.000
1493.225	2284.000
1493.374	2534.000
1493.522	2320.000
1493.671	2512.000
1493.819	2317.000
1493.968	2496.000
1494.117	2244.000
1494.265	2512.000
1494.414	2278.000
1494.562	2511.000
1494.711	2265.000
1494.859	2423.000
1495.008	2212.000
1495.156	2419.000
1495.304	2252.000
1495.453	2510.000
1495.601	2235.000
1495.750	2464.000
1495.898	2256.000
1496.046	2438.000
1496.195	2271.000
1496.343	2439.000
1496.491	2107.000
1496.640	2460.000
1496.788	2207.000
1496.936	2411.000
1497.084	2226.000
1497.233	2494.000
1497.381	2248.000
1497.529	2423.000
1497.677	2240.000
1497.825	2428.000
1497.974	2232.000
1498.122	2491.000
1498.270	2201.000
1498.418	2439.000
1498.566	2184.000
1498.714	2364.000
1498.862	2296.000
1499.010	2460.000
1499.158	2246.000
1499.306	2457.000
1499.454	2194.000
1499.602	2415.000
1499.750	2211.000
1499.898	2427.000
1500.046	2275.000
1500.194	2482.000
1500.342	2218.000
1500.490	2457.000
1500.637	2290.000
1500.785	2472.000
1500.933	2233.000
1501.081	2416.000
1501.229	2263.000
1501.376	2513.000
1501.524	2324.000
1501.672	2458.000
1501.820	2259.000
1501.967	2500.000
1502.115	2279.000
1502.263	2485.000
1502.410	2255.000
1502.558	2443.000
1502.706	2231.000
1502.853	2503.000
1503.001	2293.000
1503.148	2505.000
1503.296	2282.000
1503.444	2499.000
1503.591	2289.000
1503.739	2461.000
1503.886	2303.000
1504.034	2487.000
1504.181	2210.000
1504.329	2468.000
1504.476	2281.000
1504.623	2457.000
1504.771	2272.000
1504.918	2507.000
1505.066	2200.000
1505.213	2499.000
1505.360	2264.000
1505.508	2398.000
1505.655	2265.000
1505.802	2464.000
1505.949	2195.000
1506.097	2476.000
1506.244	2150.000
1506.391	2389.000
1506.538	2224.000
1506.685	2481.000
1506.833	2248.000
1506.980	2483.000
1507.127	2155.000
1507.274	2352.000
1507.421	2226.000
1507.568	2424.000
1507.715	2231.000
1507.862	2457.000
1508.009	2183.000
1508.156	2406.000
1508.304	2192.000
1508.451	2444.000
1508.597	2243.000
1508.744	2504.000
1508.891	2175.000
1509.038	2394.000
1509.185	2161.000
1509.332	2494.000
1509.479	2326.000
1509.626	2407.000
1509.773	2287.000
1509.920	2420.000
1510.066	2219.000
1510.213	2432.000
1510.360	2225.000
1510.507	2531.000
1510.653	2193.000
1510.800	2470.000
1510.947	2223.000
1511.094	2445.000
1511.240	2234.000
1511.387	2532.000
1511.534	2268.000
1511.680	2455.000
1511.827	2223.000
1511.974	2442.000
1512.120	2221.000
1512.267	2448.000
1512.413	2285.000
1512.560	2505.000
1512.706	2285.000
1512.853	2532.000
1512.999	2206.000
1513.146	2532.000
1513.292	2285.000
1513.439	2542.000
1513.585	2287.000
1513.732	2595.000
1513.878	2351.000
1514.024	2538.000
1514.171	2297.000
1514.317	2601.000
1514.463	2337.000
1514.610	2521.000
1514.756	2357.000
1514.902	2592.000
1515.049	2297.000
1515.195	2502.000
1515.341	2335.000
1515.487	2564.000
1515.633	2369.000
1515.780	2541.000
1515.926	2298.000
1516.072	2575.000
1516.218	2349.000
1516.364	2538.000
1516.510	2380.000
1516.656	2611.000
1516.802	2361.000
1516.948	2503.000
1517.095	2303.000
1517.241	2513.000
1517.387	2275.000
1517.533	2560.000
1517.679	2383.000
1517.824	2564.000
1517.970	2304.000
1518.116	2563.000
1518.262	2361.000
1518.408	2484.000
1518.554	2273.000
1518.700	2527.000
1518.846	2266.000
1518.992	2476.000
1519.137	2246.000
1519.283	2528.000
1519.429	2223.000
1519.575	2444.000
1519.720	2256.000
1519.866	2443.000
1520.012	2254.000
1520.158	2456.000
1520.303	2247.000
1520.449	2470.000
1520.595	2228.000
1520.740	2505.000
1520.886	2242.000
1521.031	2406.000
1521.177	2235.000
1521.323	2448.000
1521.468	2196.000
1521.614	2439.000
1521.759	2319.000
1521.905	2458.000
1522.050	2231.000
1522.196	2418.000
1522.341	2226.000
1522.487	2464.000
1522.632	2243.000
1522.777	2450.000
1522.923	2304.000
1523.068	2478.000
1523.214	2283.000
1523.359	2501.000
1523.504	2152.000
1523.649	2548.000
1523.795	2307.000
1523.940	2503.000
1524.085	2321.000
1524.231	2602.000
1524.376	2352.000
1524.521	2578.000
1524.666	2478.000
1524.811	2532.000
1524.957	2360.000
1525.102	2642.000
1525.247	2414.000
1525.392	2645.000
1525.537	2419.000
1525.682	2716.000
1525.827	2558.000
1525.972	2746.000
1526.117	2476.000
1526.262	2731.000
1526.407	2589.000
1526.552	2765.000
1526.697	2515.000
1526.842	2795.000
1526.987	2538.000
1527.132	2672.000
1527.277	2559.000
1527.422	2729.000
1527.567	2548.000
1527.712	2846.000
1527.856	2537.000
1528.001	2630.000
1528.146	2564.000
1528.291	2805.000
1528.436	2599.000
1528.580	2738.000
1528.725	2499.000
1528.870	2821.000
1529.015	2563.000
1529.159	2779.000
1529.304	2582.000
1529.449	2801.000
1529.593	2597.000
1529.738	2790.000
1529.882	2634.000
1530.027	2806.000
1530.172	2583.000
1530.316	2850.000
1530.461	2576.000
1530.605	2788.000
1530.750	2635.000
1530.894	2791.000
1531.039	2515.000
1531.183	2841.000
1531.328	2534.000
1531.472	2755.000
1531.617	2603.000
1531.761	2841.000
1531.905	2645.000
1532.050	2858.000
1532.194	2672.000
1532.338	2797.000
1532.483	2661.000
1532.627	2919.000
1532.771	2809.000
1532.916	2917.000
1533.060	2810.000
1533.204	3023.000
1533.348	2932.000
1533.492	3169.000
1533.637	2991.000
1533.781	3276.000
1533.925	3209.000
1534.069	3472.000
1534.213	3357.000
1534.357	3623.000
1534.501	3373.000
1534.646	3735.000
1534.790	3440.000
1534.934	3742.000
1535.078	3519.000
1535.222	3848.000
1535.366	3614.000
1535.510	3927.000
1535.654	3580.000
1535.798	3929.000
1535.942	3618.000
1536.085	3781.000
1536.229	3599.000
1536.373	3784.000
1536.517	3554.000
1536.661	3685.000
1536.805	3502.000
1536.949	3691.000
1537.092	3405.000
1537.236	3625.000
1537.380	3365.000
1537.524	3594.000
1537.667	3407.000
1537.811	3543.000
1537.955	3304.000
1538.099	3421.000
1538.242	3119.000
1538.386	3377.000
1538.530	3017.000
1538.673	3263.000
1538.817	3036.000
1538.960	3150.000
1539.104	2979.000
1539.247	3005.000
1539.391	2732.000
1539.535	2960.000
1539.678	2773.000
1539.822	3004.000
1539.965	2675.000
1540.108	2883.000
1540.252	2588.000
1540.395	2839.000
1540.539	2633.000
1540.682	2739.000
1540.826	2498.000
1540.969	2770.000
1541.112	2552.000
1541.256	2680.000
1541.399	2460.000
1541.542	2691.000
1541.685	2417.000
1541.829	2673.000
1541.972	2471.000
1542.115	2575.000
1542.258	2343.000
1542.402	2646.000
1542.545	2424.000
1542.688	2730.000
1542.831	2410.000
1542.974	2711.000
1543.117	2473.000
1543.261	2693.000
1543.404	2536.000
1543.547	2762.000
1543.690	2532.000
1543.833	2754.000
1543.976	2582.000
1544.119	2790.000
1544.262	2595.000
1544.405	2852.000
1544.548	2629.000
1544.691	2863.000
1544.834	2612.000
1544.976	2769.000
1545.119	2588.000
1545.262	2875.000
1545.405	2576.000
1545.548	2812.000
1545.691	2601.000
1545.834	2793.000
1545.976	2588.000
1546.119	2799.000
1546.262	2670.000
1546.405	2883.000
1546.547	2739.000
1546.690	3013.000
1546.833	2819.000
1546.976	2995.000
1547.118	2780.000
1547.261	3046.000
1547.403	2819.000
1547.546	2987.000
1547.689	2780.000
1547.831	3037.000
1547.974	2756.000
1548.116	2943.000
1548.259	2724.000
1548.401	2957.000
1548.544	2729.000
1548.686	2956.000
1548.829	2671.000
1548.971	2915.000
1549.114	2643.000
1549.256	2832.000
1549.399	2721.000
1549.541	2830.000
1549.683	2586.000
1549.826	2826.000
1549.968	2524.000
1550.110	2863.000
1550.253	2666.000
1550.395	2753.000
1550.537	2556.000
1550.680	2719.000
1550.822	2580.000
1550.964	2772.000
1551.106	2562.000
1551.248	2779.000
1551.391	2502.000
1551.533	2732.000
1551.675	2519.000
1551.817	2739.000
1551.959	2503.000
1552.101	2794.000
1552.243	2530.000
1552.385	2791.000
1552.528	2545.000
1552.670	2660.000
1552.812	2481.000
1552.954	2806.000
1553.096	2499.000
1553.238	2805.000
1553.379	2600.000
1553.521	2800.000
1553.663	2604.000
1553.805	2815.000
1553.947	2606.000
1554.089	2912.000
1554.231	2513.000
1554.373	2946.000
1554.515	2651.000
1554.656	2883.000
1554.798	2727.000
1554.940	2927.000
1555.082	2721.000
1555.223	2888.000
1555.365	2676.000
1555.507	2935.000
1555.649	2723.000
1555.790	2916.000
1555.932	2646.000
1556.074	2922.000
1556.215	2803.000
1556.357	2890.000
1556.498	2661.000
1556.640	2906.000
1556.782	2591.000
1556.923	2841.000
1557.065	2549.000
1557.206	2809.000
1557.348	2520.000
1557.489	2866.000
1557.631	2519.000
1557.772	2770.000
1557.913	2497.000
1558.055	2742.000
1558.196	2502.000
1558.338	2727.000
1558.479	2389.000
1558.620	2622.000
1558.762	2393.000
1558.903	2652.000
1559.044	2423.000
1559.186	2596.000
1559.327	2274.000
1559.468	2589.000
1559.609	2340.000
1559.751	2517.000
1559.892	2298.000
1560.033	2527.000
1560.174	2240.000
1560.315	2480.000
1560.457	2219.000
1560.598	2528.000
1560.739	2270.000
1560.880	2557.000
1561.021	2241.000
1561.162	2470.000
1561.303	2197.000
1561.444	2440.000
1561.585	2249.000
1561.726	2536.000
1561.867	2195.000
1562.008	2455.000
1562.149	2132.000
1562.290	2453.000
1562.431	2247.000
1562.572	2448.000
1562.713	2210.000
1562.853	2395.000
1562.994	2311.000
1563.135	2395.000
1563.276	2237.000
1563.417	2462.000
1563.558	2183.000
1563.698	2447.000
1563.839	2201.000
1563.980	2499.000
1564.121	2277.000
1564.261	2356.000
1564.402	2222.000
1564.543	2467.000
1564.683	2223.000
1564.824	2369.000
1564.965	2145.000
1565.105	2429.000
1565.246	2288.000
1565.386	2465.000
1565.527	2250.000
1565.667	2532.000
1565.808	2227.000
1565.948	2480.000
1566.089	2247.000
1566.229	2440.000
1566.370	2148.000
1566.510	2428.000
1566.651	2281.000
1566.791	2476.000
1566.932	2193.000
1567.072	2486.000
1567.212	2232.000
1567.353	2472.000
1567.493	2163.000
1567.633	2454.000
1567.774	2197.000
1567.914	2392.000
1568.054	2172.000
1568.194	2402.000
1568.335	2298.000
1568.475	2434.000
1568.615	2193.000
1568.755	2434.000
1568.895	2255.000
1569.036	2425.000
1569.176	2220.000
1569.316	2468.000
1569.456	2235.000
1569.596	2440.000
1569.736	2218.000
1569.876	2484.000
1570.016	2227.000
1570.156	2426.000
1570.296	2212.000
1570.436	2415.000
1570.576	2195.000
1570.716	2371.000
1570.856	2169.000
1570.996	2471.000
1571.136	2274.000
1571.276	2388.000
1571.416	2244.000
1571.556	2452.000
1571.695	2214.000
1571.835	2397.000
1571.975	2190.000
1572.115	2425.000
1572.255	2195.000
1572.394	2404.000
1572.534	2241.000
1572.674	2461.000
1572.814	2224.000
1572.953	2407.000
1573.093	2208.000
1573.233	2468.000
1573.372	2229.000
1573.512	2445.000
1573.652	2285.000
1573.791	2434.000
1573.931	2150.000
1574.070	2455.000
1574.210	2308.000
1574.349	2531.000
1574.489	2269.000
1574.628	2452.000
1574.768	2294.000
1574.907	2422.000
1575.047	2232.000
1575.186	2486.000
1575.326	2262.000
1575.465	2477.000
1575.605	2250.000
1575.744	2468.000
1575.883	2208.000
1576.023	2502.000
1576.162	2282.000
1576.301	2536.000
1576.441	2201.000
1576.580	2509.000
1576.719	2240.000
1576.858	2506.000
1576.998	2251.000
1577.137	2524.000
1577.276	2248.000
1577.415	2475.000
1577.554	2263.000
1577.693	2445.000
1577.833	2251.000
1577.972	2529.000
1578.111	2247.000
1578.250	2476.000
1578.389	2261.000
1578.528	2464.000
1578.667	2294.000
1578.806	2525.000
1578.945	2290.000
1579.084	2411.000
1579.223	2236.000
1579.362	2476.000
1579.501	2303.000
1579.640	2447.000
1579.779	2271.000
1579.918	2442.000
1580.057	2285.000
1580.195	2546.000
1580.334	2242.000
1580.473	2438.000
1580.612	2294.000
1580.751	2462.000
1580.889	2265.000
1581.028	2530.000
1581.167	2253.000
1581.306	2465.000
1581.444	2277.000
1581.583	2451.000
1581.722	2227.000
1581.860	2443.000
1581.999	2194.000
1582.138	2474.000
1582.276	2244.000
1582.415	2408.000
1582.553	2245.000
1582.692	2446.000
1582.831	2194.000
1582.969	2361.000
1583.108	2157.000
1583.246	2454.000
1583.385	2194.000
1583.523	2388.000
1583.662	2205.000
1583.800	2466.000
1583.938	2261.000
1584.077	2419.000
1584.215	2184.000
1584.354	2385.000
1584.492	2140.000
1584.630	2417.000
1584.769	2130.000
1584.907	2409.000
1585.045	2132.000
1585.183	2308.000
1585.322	2210.000
1585.460	2349.000
1585.598	2142.000
1585.736	2358.000
1585.875	2173.000
1586.013	2402.000
1586.151	2154.000
1586.289	2332.000
1586.427	2130.000
1586.565	2323.000
1586.703	2121.000
1586.841	2380.000
1586.980	2160.000
1587.118	2343.000
1587.256	2209.000
1587.394	2348.000
1587.532	2119.000
1587.670	2437.000
1587.808	2139.000
1587.946	2340.000
1588.083	2148.000
1588.221	2293.000
1588.359	2159.000
1588.497	2313.000
1588.635	2151.000
1588.773	2270.000
1588.911	2158.000
1589.049	2260.000
1589.186	2175.000
1589.324	2339.000
1589.462	2148.000
1589.600	2370.000
1589.737	2159.000
1589.875	2369.000
1590.013	2126.000
1590.151	2316.000
1590.288	2155.000
1590.426	2340.000
1590.564	2175.000
1590.701	2306.000
1590.839	2163.000
1590.976	2312.000
1591.114	2180.000
1591.251	2379.000
1591.389	2196.000
1591.527	2323.000
1591.664	2139.000
1591.802	2270.000
1591.939	2123.000
1592.076	2304.000
1592.214	2129.000
1592.351	2371.000
1592.489	2130.000
1592.626	2365.000
1592.764	2125.000
1592.901	2306.000
1593.038	2104.000
1593.176	2304.000
1593.313	2085.000
1593.450	2377.000
1593.588	2110.000
1593.725	2371.000
1593.862	2171.000
1593.999	2393.000
1594.136	2097.000
1594.274	2365.000
1594.411	2124.000
1594.548	2317.000
1594.685	2119.000
1594.822	2366.000
1594.959	2093.000
1595.097	2377.000
1595.234	2165.000
1595.371	2385.000
1595.508	2097.000
1595.645	2308.000
1595.782	2127.000
1595.919	2357.000
1596.056	2105.000
1596.193	2365.000
1596.330	2173.000
1596.467	2370.000
1596.604	2174.000
1596.741	2282.000
1596.877	2128.000
1597.014	2368.000
1597.151	2106.000
1597.288	2365.000
1597.425	2088.000
1597.562	2343.000
1597.699	2078.000
1597.835	2361.000
1597.972	2083.000
1598.109	2377.000
1598.246	2183.000
1598.382	2360.000
1598.519	2083.000
1598.656	2331.000
1598.792	2121.000
1598.929	2299.000
1599.066	2131.000
1599.202	2351.000
1599.339	2174.000
1599.475	2346.000
1599.612	2144.000
1599.749	2372.000
1599.885	2180.000
1600.022	2335.000
1600.158	2107.000
1600.295	2396.000
1600.431	2135.000
1600.568	2336.000
1600.704	2118.000
1600.840	2315.000
1600.977	2071.000
1601.113	2374.000
1601.250	2177.000
1601.386	2289.000
1601.522	2197.000
1601.659	2467.000
1601.795	2110.000
1601.931	2363.000
1602.068	2183.000
1602.204	2349.000
1602.340	2115.000
1602.476	2295.000
1602.612	2129.000
1602.749	2288.000
1602.885	2136.000
1603.021	2332.000
1603.157	2151.000
1603.293	2329.000
1603.429	2119.000
1603.566	2406.000
1603.702	2162.000
1603.838	2329.000
1603.974	2213.000
1604.110	2336.000
1604.246	2148.000
1604.382	2356.000
1604.518	1935.000
1604.654	2340.000
1604.790	2137.000
1604.926	2307.000
1605.062	2040.000
1605.197	2303.000
1605.333	2095.000
1605.469	2359.000
1605.605	2195.000
1605.741	2337.000
1605.877	2194.000
1606.013	2321.000
1606.148	2119.000
1606.284	2344.000
1606.420	2151.000
1606.556	2341.000
1606.691	2065.000
1606.827	2344.000
1606.963	2102.000
1607.098	2324.000
1607.234	2126.000
1607.370	2291.000
1607.505	2136.000
1607.641	2352.000
1607.777	2108.000
1607.912	2356.000
1608.048	2078.000
1608.183	2416.000
1608.319	2166.000
1608.454	2271.000
1608.590	2179.000
1608.725	2304.000
1608.861	2118.000
1608.996	2237.000
1609.132	2074.000
1609.267	2269.000
1609.403	2053.000
1609.538	2379.000
1609.673	2108.000
1609.809	2356.000
1609.944	2106.000
1610.079	2248.000
1610.215	2087.000
1610.350	2293.000
1610.485	2017.000
1610.620	2292.000
1610.756	2012.000
1610.891	2268.000
1611.026	2055.000
1611.161	2281.000
1611.297	2177.000
1611.432	2285.000
1611.567	2060.000
1611.702	2380.000
1611.837	2033.000
1611.972	2304.000
1612.107	2111.000
1612.242	2330.000
1612.377	2110.000
1612.512	2404.000
1612.647	2773.000
1612.782	2340.000
1612.917	2102.000
1613.052	2295.000
1613.187	2117.000
1613.322	2292.000
1613.457	2004.000
1613.592	2260.000
1613.727	2197.000
1613.862	2380.000
1613.997	2170.000
1614.132	2267.000
1614.266	2079.000
1614.401	2299.000
1614.536	2152.000
1614.671	2358.000
1614.805	2090.000
1614.940	2289.000
1615.075	2085.000
1615.210	2352.000
1615.344	2134.000
1615.479	2356.000
1615.614	2141.000
1615.748	2328.000
1615.883	2148.000
1616.018	2306.000
1616.152	2072.000
1616.287	2261.000
1616.421	2055.000
1616.556	2365.000
1616.690	2092.000
1616.825	2328.000
1616.959	2064.000
1617.094	2364.000
1617.228	2133.000
1617.363	2380.000
1617.497	2127.000
1617.632	2346.000
1617.766	2051.000
1617.900	2350.000
1618.035	2073.000
1618.169	2349.000
1618.303	2075.000
1618.438	2365.000
1618.572	2108.000
1618.706	2308.000
1618.841	2098.000
1618.975	2392.000
1619.109	2052.000
1619.243	2315.000
1619.378	2139.000
1619.512	2308.000
1619.646	2094.000
1619.780	2340.000
1619.914	2080.000
1620.048	2318.000
1620.182	2117.000
1620.317	2298.000
1620.451	2100.000
1620.585	2269.000
1620.719	2130.000
1620.853	2290.000
1620.987	2142.000
1621.121	2368.000
1621.255	2038.000
1621.389	2315.000
1621.523	2052.000
1621.657	2277.000
1621.790	2169.000
1621.924	2380.000
1622.058	2103.000
1622.192	2279.000
1622.326	2144.000
1622.460	2349.000
1622.594	2120.000
1622.727	2391.000
1622.861	2152.000
1622.995	2370.000
1623.129	2127.000
1623.262	2327.000
1623.396	2111.000
1623.530	2334.000
1623.664	2131.000
1623.797	2214.000
1623.931	2142.000
1624.064	2340.000
1624.198	2185.000
1624.332	2317.000
1624.465	2108.000
1624.599	2236.000
1624.732	2172.000
1624.866	2377.000
