1349.911	2209.000
1350.059	2364.000
1350.208	2175.000
1350.356	2464.000
1350.505	2175.000
1350.653	2461.000
1350.801	2164.000
1350.949	2431.000
1351.098	2201.000
1351.246	2425.000
1351.394	2147.000
1351.543	2460.000
1351.691	2193.000
1351.839	2378.000
1351.987	2180.000
1352.135	2476.000
1352.284	2120.000
1352.432	2479.000
1352.580	2129.000
1352.728	2469.000
1352.876	2134.000
1353.024	2351.000
1353.172	2279.000
1353.320	2430.000
1353.469	2228.000
1353.617	2406.000
1353.765	2197.000
1353.913	2380.000
1354.061	2181.000
1354.209	2386.000
1354.357	2190.000
1354.505	2462.000
1354.653	2240.000
1354.801	2406.000
1354.948	2171.000
1355.096	2408.000
1355.244	2266.000
1355.392	2398.000
1355.540	2232.000
1355.688	2442.000
1355.836	2152.000
1355.984	2464.000
1356.132	2159.000
1356.279	2497.000
1356.427	2152.000
1356.575	2440.000
1356.723	2242.000
1356.870	2388.000
1357.018	2184.000
1357.166	2431.000
1357.314	2151.000
1357.461	2401.000
1357.609	2245.000
1357.757	2445.000
1357.904	2151.000
1358.052	2445.000
1358.200	2163.000
1358.347	2429.000
1358.495	2148.000
1358.643	2369.000
1358.790	2233.000
1358.938	2375.000
1359.085	2170.000
1359.233	2348.000
1359.380	2104.000
1359.528	2443.000
1359.675	2192.000
1359.823	2392.000
1359.970	2144.000
1360.118	2388.000
1360.265	2174.000
1360.413	2416.000
1360.560	2178.000
1360.708	2415.000
1360.855	2098.000
1361.002	2373.000
1361.150	2164.000
1361.297	2371.000
1361.445	2195.000
1361.592	2456.000
1361.739	2174.000
1361.887	2386.000
1362.034	2199.000
1362.181	2398.000
1362.328	2171.000
1362.476	2359.000
1362.623	2125.000
1362.770	2380.000
1362.917	2183.000
1363.065	2354.000
1363.212	2147.000
1363.359	2395.000
1363.506	2190.000
1363.653	2399.000
1363.800	2192.000
1363.947	2375.000
1364.095	2129.000
1364.242	2372.000
1364.389	2157.000
1364.536	2386.000
1364.683	2147.000
1364.830	2326.000
1364.977	2122.000
1365.124	2315.000
1365.271	2149.000
1365.418	2417.000
1365.565	2155.000
1365.712	2365.000
1365.859	2154.000
1366.006	2333.000
1366.153	2182.000
1366.300	2368.000
1366.447	2025.000
1366.593	2380.000
1366.740	2137.000
1366.887	2334.000
1367.034	2155.000
1367.181	2397.000
1367.328	2175.000
1367.474	2346.000
1367.621	2154.000
1367.768	2340.000
1367.915	2151.000
1368.062	2407.000
1368.208	2123.000
1368.355	2378.000
1368.502	2096.000
1368.648	2286.000
1368.795	2201.000
1368.942	2366.000
1369.088	2164.000
1369.235	2368.000
1369.382	2118.000
1369.528	2294.000
1369.675	2115.000
1369.821	2331.000
1369.968	2163.000
1370.115	2370.000
1370.261	2096.000
1370.408	2356.000
1370.554	2180.000
1370.701	2390.000
1370.847	2117.000
1370.994	2301.000
1371.140	2152.000
1371.287	2379.000
1371.433	2190.000
1371.579	2312.000
1371.726	2142.000
1371.872	2378.000
1372.019	2154.000
1372.165	2359.000
1372.311	2131.000
1372.458	2304.000
1372.604	2119.000
1372.750	2368.000
1372.897	2162.000
1373.043	2385.000
1373.189	2139.000
1373.336	2387.000
1373.482	2163.000
1373.628	2328.000
1373.774	2165.000
1373.921	2356.000
1374.067	2098.000
1374.213	2343.000
1374.359	2152.000
1374.505	2350.000
1374.651	2199.000
1374.798	2399.000
1374.944	2087.000
1375.090	2357.000
1375.236	2173.000
1375.382	2291.000
1375.528	2165.000
1375.674	2366.000
1375.820	2123.000
1375.966	2348.000
1376.112	2071.000
1376.258	2286.000
1376.404	2140.000
1376.550	2368.000
1376.696	2171.000
1376.842	2384.000
1376.988	2075.000
1377.134	2249.000
1377.280	2146.000
1377.426	2342.000
1377.572	2180.000
1377.717	2407.000
1377.863	2118.000
1378.009	2328.000
1378.155	2116.000
1378.301	2378.000
1378.447	2170.000
1378.592	2433.000
1378.738	2117.000
1378.884	2321.000
1379.030	2069.000
1379.175	2403.000
1379.321	2224.000
1379.467	2310.000
1379.613	2173.000
1379.758	2320.000
1379.904	2119.000
1380.050	2336.000
1380.195	2117.000
1380.341	2421.000
1380.486	2089.000
1380.632	2373.000
1380.778	2110.000
1380.923	2347.000
1381.069	2114.000
1381.214	2408.000
1381.360	2131.000
1381.505	2346.000
1381.651	2070.000
1381.796	2302.000
1381.942	2076.000
1382.087	2309.000
1382.233	2145.000
1382.378	2360.000
1382.524	2136.000
1382.669	2373.000
1382.814	2030.000
1382.960	2361.000
1383.105	2106.000
1383.251	2339.000
1383.396	2096.000
1383.541	2403.000
1383.687	2147.000
1383.832	2352.000
1383.977	2107.000
1384.122	2380.000
1384.268	2107.000
1384.413	2304.000
1384.558	2121.000
1384.703	2379.000
1384.849	2082.000
1384.994	2311.000
1385.139	2119.000
1385.284	2335.000
1385.429	2144.000
1385.575	2333.000
1385.720	2063.000
1385.865	2362.000
1386.010	2152.000
1386.155	2326.000
1386.300	2144.000
1386.445	2381.000
1386.590	2156.000
1386.735	2301.000
1386.880	2087.000
1387.025	2338.000
1387.170	2090.000
1387.315	2378.000
1387.460	2202.000
1387.605	2373.000
1387.750	2091.000
1387.895	2406.000
1388.040	2238.000
1388.185	2332.000
1388.330	2115.000
1388.475	2382.000
1388.620	2132.000
1388.764	2330.000
1388.909	2087.000
1389.054	2378.000
1389.199	2139.000
1389.344	2325.000
1389.489	2123.000
1389.633	2318.000
1389.778	2149.000
1389.923	2350.000
1390.068	2137.000
1390.212	2375.000
1390.357	2131.000
1390.502	2422.000
1390.646	2153.000
1390.791	2331.000
1390.936	2157.000
1391.080	2405.000
1391.225	2069.000
1391.370	2349.000
1391.514	2230.000
1391.659	2338.000
1391.803	2140.000
1391.948	2328.000
1392.092	2121.000
1392.237	2322.000
1392.381	2146.000
1392.526	2342.000
1392.670	2168.000
1392.815	2359.000
1392.959	2124.000
1393.104	2371.000
1393.248	2000.000
1393.393	2375.000
1393.537	2133.000
1393.682	2328.000
1393.826	2102.000
1393.970	2389.000
1394.115	2119.000
1394.259	2327.000
1394.403	2210.000
1394.548	2246.000
1394.692	2077.000
1394.836	2317.000
1394.981	2112.000
1395.125	2320.000
1395.269	2103.000
1395.413	2367.000
1395.558	2205.000
1395.702	2363.000
1395.846	2100.000
1395.990	2350.000
1396.134	2174.000
1396.278	2340.000
1396.423	2100.000
1396.567	2406.000
1396.711	2145.000
1396.855	2267.000
1396.999	2140.000
1397.143	2297.000
1397.287	2137.000
1397.431	2432.000
1397.575	2121.000
1397.719	2244.000
1397.863	2119.000
1398.007	2364.000
1398.151	2182.000
1398.295	2317.000
1398.439	2043.000
1398.583	2350.000
1398.727	2106.000
1398.871	2321.000
1399.015	2106.000
1399.159	2359.000
1399.303	2140.000
1399.447	2326.000
1399.590	2194.000
1399.734	2351.000
1399.878	2130.000
1400.022	2383.000
1400.166	2102.000
1400.310	2283.000
1400.453	2169.000
1400.597	2345.000
1400.741	2060.000
1400.885	2351.000
1401.028	2039.000
1401.172	2297.000
1401.316	2098.000
1401.459	2341.000
1401.603	2134.000
1401.747	2319.000
1401.890	2155.000
1402.034	2246.000
1402.178	2105.000
1402.321	2313.000
1402.465	2214.000
1402.608	2257.000
1402.752	2125.000
1402.895	2309.000
1403.039	2157.000
1403.182	2341.000
1403.326	2081.000
1403.469	2281.000
1403.613	2114.000
1403.756	2304.000
1403.900	2130.000
1404.043	2338.000
1404.187	2038.000
1404.330	2372.000
1404.474	2044.000
1404.617	2337.000
1404.760	2081.000
1404.904	2373.000
1405.047	2114.000
1405.190	2425.000
1405.334	2063.000
1405.477	2406.000
1405.620	2112.000
1405.764	2309.000
1405.907	2141.000
1406.050	2329.000
1406.193	2133.000
1406.336	2305.000
1406.480	2128.000
1406.623	2362.000
1406.766	2070.000
1406.909	2315.000
1407.052	2092.000
1407.196	2334.000
1407.339	2215.000
1407.482	2386.000
1407.625	2187.000
1407.768	2317.000
1407.911	2071.000
1408.054	2386.000
1408.197	2074.000
1408.340	2347.000
1408.483	2153.000
1408.626	2323.000
1408.769	2220.000
1408.912	2254.000
1409.055	2033.000
1409.198	2258.000
1409.341	2147.000
1409.484	2402.000
1409.627	2120.000
1409.770	2353.000
1409.913	2076.000
1410.056	2356.000
1410.199	2159.000
1410.341	2337.000
1410.484	2057.000
1410.627	2399.000
1410.770	2161.000
1410.913	2342.000
1411.055	2113.000
1411.198	2334.000
1411.341	2092.000
1411.484	2367.000
1411.626	2170.000
1411.769	2281.000
1411.912	2047.000
1412.055	2335.000
1412.197	2130.000
1412.340	2388.000
1412.483	2092.000
1412.625	2385.000
1412.768	2122.000
1412.910	2311.000
1413.053	2147.000
1413.196	2321.000
1413.338	2123.000
1413.481	2357.000
1413.623	2151.000
1413.766	2347.000
1413.908	2159.000
1414.051	2392.000
1414.193	2161.000
1414.336	2382.000
1414.478	2116.000
1414.621	2304.000
1414.763	2100.000
1414.906	2372.000
1415.048	2091.000
1415.190	2325.000
1415.333	2108.000
1415.475	2301.000
1415.618	2118.000
1415.760	2298.000
1415.902	2143.000
1416.044	2320.000
1416.187	2119.000
1416.329	2345.000
1416.471	2184.000
1416.614	2329.000
1416.756	2088.000
1416.898	2369.000
1417.040	2190.000
1417.183	2329.000
1417.325	2116.000
1417.467	2379.000
1417.609	2119.000
1417.751	2298.000
1417.893	2095.000
1418.036	2329.000
1418.178	2140.000
1418.320	2378.000
1418.462	2101.000
1418.604	2320.000
1418.746	2124.000
1418.888	2294.000
1419.030	2193.000
1419.172	2318.000
1419.314	2086.000
1419.456	2330.000
1419.598	2054.000
1419.740	2376.000
1419.882	2192.000
1420.024	2276.000
1420.166	2114.000
1420.308	2292.000
1420.450	2160.000
1420.592	2360.000
1420.733	2168.000
1420.875	2360.000
1421.017	2103.000
1421.159	2360.000
1421.301	2173.000
1421.443	2352.000
1421.584	2140.000
1421.726	2378.000
1421.868	2186.000
1422.010	2383.000
1422.152	2154.000
1422.293	2240.000
1422.435	2070.000
1422.577	2364.000
1422.718	2056.000
1422.860	2318.000
1423.002	2120.000
1423.143	2336.000
1423.285	2130.000
1423.427	2300.000
1423.568	2128.000
1423.710	2375.000
1423.851	2004.000
1423.993	2379.000
1424.135	2113.000
1424.276	2295.000
1424.418	2157.000
1424.559	2375.000
1424.701	2136.000
1424.842	2310.000
1424.984	2096.000
1425.125	2322.000
1425.267	2133.000
1425.408	2315.000
1425.549	2061.000
1425.691	2335.000
1425.832	2257.000
1425.974	2349.000
1426.115	2150.000
1426.256	2386.000
1426.398	2077.000
1426.539	2302.000
1426.680	2088.000
1426.822	2349.000
1426.963	2091.000
1427.104	2411.000
1427.245	2099.000
1427.387	2381.000
1427.528	2138.000
1427.669	2365.000
1427.810	2139.000
1427.952	2358.000
1428.093	2048.000
1428.234	2295.000
1428.375	2107.000
1428.516	2354.000
1428.657	2167.000
1428.798	2337.000
1428.940	2040.000
1429.081	2348.000
1429.222	2125.000
1429.363	2308.000
1429.504	2113.000
1429.645	2352.000
1429.786	2081.000
1429.927	2321.000
1430.068	2041.000
1430.209	2367.000
1430.350	2124.000
1430.491	2403.000
1430.632	2105.000
1430.773	2318.000
1430.914	2066.000
1431.054	2287.000
1431.195	2147.000
1431.336	2427.000
1431.477	2103.000
1431.618	2340.000
1431.759	2023.000
1431.900	2323.000
1432.040	2108.000
1432.181	2331.000
1432.322	2099.000
1432.463	2295.000
1432.603	2187.000
1432.744	2305.000
1432.885	2104.000
1433.026	2351.000
1433.166	2072.000
1433.307	2320.000
1433.448	2057.000
1433.588	2406.000
1433.729	2167.000
1433.870	2247.000
1434.010	2087.000
1434.151	2324.000
1434.292	2091.000
1434.432	2234.000
1434.573	2016.000
1434.713	2299.000
1434.854	2178.000
1434.994	2322.000
1435.135	2153.000
1435.275	2418.000
1435.416	2135.000
1435.556	2320.000
1435.697	2099.000
1435.837	2304.000
1435.978	2025.000
1436.118	2305.000
1436.258	2175.000
1436.399	2337.000
1436.539	2067.000
1436.680	2350.000
1436.820	2112.000
1436.960	2341.000
1437.101	2045.000
1437.241	2312.000
1437.381	2079.000
1437.522	2253.000
1437.662	2054.000
1437.802	2277.000
1437.942	2183.000
1438.083	2295.000
1438.223	2088.000
1438.363	2314.000
1438.503	2137.000
1438.643	2313.000
1438.784	2092.000
1438.924	2340.000
1439.064	2123.000
1439.204	2306.000
1439.344	2094.000
1439.484	2342.000
1439.624	2103.000
1439.764	2284.000
1439.904	2107.000
1440.044	2288.000
1440.184	2078.000
1440.324	2253.000
1440.464	2044.000
1440.604	2354.000
1440.744	2154.000
1440.884	2287.000
1441.024	2072.000
1441.164	2297.000
1441.304	2090.000
1441.444	2289.000
1441.584	2082.000
1441.724	2284.000
1441.864	2047.000
1442.004	2299.000
1442.144	2108.000
1442.283	2321.000
1442.423	2057.000
1442.563	2270.000
1442.703	2040.000
1442.843	2321.000
1442.982	2108.000
1443.122	2268.000
1443.262	2113.000
1443.402	2283.000
1443.541	1994.000
1443.681	2264.000
1443.821	2134.000
1443.960	2363.000
1444.100	2107.000
1444.240	2276.000
1444.379	2124.000
1444.519	2245.000
1444.659	2053.000
1444.798	2324.000
1444.938	2101.000
1445.077	2293.000
1445.217	2056.000
1445.356	2301.000
1445.496	2023.000
1445.635	2326.000
1445.775	2113.000
1445.914	2333.000
1446.054	2047.000
1446.193	2325.000
1446.333	2071.000
1446.472	2313.000
1446.612	2063.000
1446.751	2331.000
1446.890	2047.000
1447.030	2281.000
1447.169	2073.000
1447.309	2258.000
1447.448	2054.000
1447.587	2336.000
1447.727	2083.000
1447.866	2272.000
1448.005	2093.000
1448.144	2267.000
1448.284	2089.000
1448.423	2314.000
1448.562	2097.000
1448.701	2230.000
1448.841	2060.000
1448.980	2269.000
1449.119	2133.000
1449.258	2262.000
1449.397	2101.000
1449.536	2268.000
1449.676	2119.000
1449.815	2353.000
1449.954	2081.000
1450.093	2250.000
1450.232	2141.000
1450.371	2299.000
1450.510	2103.000
1450.649	2352.000
1450.788	2132.000
1450.927	2335.000
1451.066	2133.000
1451.205	2331.000
1451.344	2128.000
1451.483	2308.000
1451.622	2081.000
1451.761	2352.000
1451.900	2135.000
1452.039	2252.000
1452.178	2140.000
1452.316	2333.000
1452.455	2083.000
1452.594	2270.000
1452.733	2033.000
1452.872	2367.000
1453.011	2109.000
1453.149	2296.000
1453.288	2133.000
1453.427	2369.000
1453.566	2220.000
1453.704	2332.000
1453.843	2112.000
1453.982	2291.000
1454.121	2087.000
1454.259	2362.000
1454.398	2081.000
1454.537	2349.000
1454.675	2097.000
1454.814	2240.000
1454.952	2143.000
1455.091	2280.000
1455.230	2083.000
1455.368	2300.000
1455.507	2101.000
1455.645	2348.000
1455.784	2096.000
1455.922	2269.000
1456.061	2071.000
1456.199	2258.000
1456.338	2083.000
1456.476	2311.000
1456.615	2124.000
1456.753	2277.000
1456.892	2158.000
1457.030	2287.000
1457.169	2097.000
1457.307	2372.000
1457.445	2117.000
1457.584	2303.000
1457.722	2093.000
1457.860	2248.000
1457.999	2096.000
1458.137	2270.000
1458.275	2102.000
1458.414	2239.000
1458.552	2114.000
1458.690	2238.000
1458.828	2121.000
1458.967	2302.000
1459.105	2122.000
1459.243	2316.000
1459.381	2110.000
1459.519	2336.000
1459.658	2110.000
1459.796	2302.000
1459.934	2104.000
1460.072	2284.000
1460.210	2147.000
1460.348	2277.000
1460.486	2106.000
1460.624	2254.000
1460.762	2121.000
1460.900	2313.000
1461.038	2153.000
1461.176	2316.000
1461.314	2078.000
1461.452	2241.000
1461.590	2093.000
1461.728	2270.000
1461.866	2102.000
1462.004	2352.000
1462.142	2114.000
1462.280	2299.000
1462.418	2088.000
1462.556	2274.000
1462.694	2083.000
1462.832	2255.000
1462.970	2028.000
1463.107	2320.000
1463.245	2081.000
1463.383	2338.000
1463.521	2138.000
1463.659	2346.000
1463.796	2072.000
1463.934	2321.000
1464.072	2077.000
1464.210	2277.000
1464.347	2082.000
1464.485	2326.000
1464.623	2051.000
1464.760	2337.000
1464.898	2110.000
1465.036	2333.000
1465.173	2048.000
1465.311	2281.000
1465.448	2087.000
1465.586	2311.000
1465.724	2087.000
1465.861	2317.000
1465.999	2133.000
1466.136	2347.000
1466.274	2130.000
1466.411	2270.000
1466.549	2127.000
1466.686	2322.000
1466.824	2095.000
1466.961	2330.000
1467.099	2054.000
1467.236	2330.000
1467.374	2063.000
1467.511	2316.000
1467.648	2051.000
1467.786	2360.000
1467.923	2149.000
1468.060	2344.000
1468.198	2051.000
1468.335	2301.000
1468.472	2101.000
1468.610	2262.000
1468.747	2106.000
1468.884	2315.000
1469.021	2147.000
1469.159	2287.000
1469.296	2120.000
1469.433	2328.000
1469.570	2145.000
1469.708	2331.000
1469.845	2078.000
1469.982	2363.000
1470.119	2094.000
1470.256	2301.000
1470.393	2097.000
1470.530	2301.000
1470.668	2027.000
1470.805	2319.000
1470.942	2154.000
1471.079	2248.000
1471.216	2145.000
1471.353	2406.000
1471.490	2054.000
1471.627	2330.000
1471.764	2126.000
1471.901	2302.000
1472.038	2108.000
1472.175	2259.000
1472.312	2088.000
1472.449	2269.000
1472.586	2141.000
1472.722	2288.000
1472.859	2124.000
1472.996	2299.000
1473.133	2083.000
1473.270	2366.000
1473.407	2157.000
1473.544	2315.000
1473.680	2210.000
1473.817	2306.000
1473.954	2158.000
1474.091	2334.000
1474.227	1904.000
1474.364	2292.000
1474.501	2128.000
1474.638	2281.000
1474.774	2046.000
1474.911	2306.000
1475.048	2068.000
1475.184	2331.000
1475.321	2177.000
1475.458	2331.000
1475.594	2159.000
1475.731	2290.000
1475.867	2105.000
1476.004	2333.000
1476.140	2151.000
1476.277	2303.000
1476.414	2040.000
1476.550	2351.000
1476.687	2074.000
1476.823	2276.000
1476.960	2131.000
1477.096	2265.000
1477.233	2110.000
1477.369	2338.000
1477.505	2109.000
1477.642	2333.000
1477.778	2060.000
1477.915	2398.000
1478.051	2160.000
1478.187	2269.000
1478.324	2149.000
1478.460	2286.000
1478.596	2101.000
1478.733	2225.000
1478.869	2039.000
1479.005	2273.000
1479.142	2071.000
1479.278	2369.000
1479.414	2120.000
1479.550	2326.000
1479.686	2076.000
1479.823	2247.000
1479.959	2063.000
1480.095	2260.000
1480.231	1981.000
1480.367	2271.000
1480.503	2015.000
1480.640	2239.000
1480.776	2040.000
1480.912	2247.000
1481.048	2166.000
1481.184	2270.000
1481.320	2054.000
1481.456	2362.000
1481.592	2009.000
1481.728	2293.000
1481.864	2113.000
1482.000	2331.000
1482.136	2072.000
1482.272	2376.000
1482.408	2784.000
1482.544	2344.000
1482.680	2123.000
1482.816	2309.000
1482.952	2135.000
1483.088	2268.000
1483.223	2013.000
1483.359	2256.000
1483.495	2186.000
1483.631	2354.000
1483.767	2151.000
1483.903	2260.000
1484.038	2073.000
1484.174	2271.000
1484.310	2144.000
1484.446	2347.000
1484.581	2106.000
1484.717	2268.000
1484.853	2073.000
1484.988	2326.000
1485.124	2106.000
1485.260	2313.000
1485.395	2129.000
1485.531	2309.000
1485.667	2139.000
1485.802	2295.000
1485.938	2043.000
1486.074	2286.000
1486.209	2052.000
1486.345	2357.000
1486.480	2070.000
1486.616	2344.000
1486.751	2088.000
1486.887	2359.000
1487.022	2101.000
1487.158	2369.000
1487.293	2107.000
1487.429	2322.000
1487.564	2022.000
1487.700	2301.000
1487.835	2036.000
1487.970	2338.000
1488.106	2062.000
1488.241	2345.000
1488.377	2109.000
1488.512	2303.000
1488.647	2103.000
1488.783	2361.000
1488.918	2027.000
1489.053	2299.000
1489.188	2150.000
1489.324	2265.000
1489.459	2069.000
1489.594	2319.000
1489.729	2061.000
1489.865	2278.000
1490.000	2118.000
1490.135	2251.000
1490.270	2123.000
1490.405	2285.000
1490.541	2107.000
1490.676	2273.000
1490.811	2108.000
1490.946	2356.000
1491.081	2043.000
1491.216	2299.000
1491.351	2056.000
1491.486	2280.000
1491.621	2169.000
1491.756	2331.000
1491.891	2107.000
1492.026	2308.000
1492.161	2117.000
1492.296	2346.000
1492.431	2142.000
1492.566	2376.000
1492.701	2113.000
1492.836	2378.000
1492.971	2110.000
1493.106	2282.000
1493.241	2113.000
1493.376	2324.000
1493.510	2116.000
1493.645	2211.000
1493.780	2156.000
1493.915	2325.000
1494.050	2172.000
1494.184	2305.000
1494.319	2104.000
1494.454	2227.000
1494.589	2167.000
1494.723	2362.000
