1209.954	2362.000
1210.101	2524.000
1210.248	2320.000
1210.394	2628.000
1210.541	2361.000
1210.688	2608.000
1210.834	2352.000
1210.981	2581.000
1211.127	2364.000
1211.274	2591.000
1211.421	2302.000
1211.567	2608.000
1211.714	2365.000
1211.860	2527.000
1212.007	2316.000
1212.154	2634.000
1212.300	2263.000
1212.447	2613.000
1212.593	2274.000
1212.740	2617.000
1212.886	2282.000
1213.033	2496.000
1213.179	2415.000
1213.326	2566.000
1213.472	2399.000
1213.619	2553.000
1213.765	2381.000
1213.912	2560.000
1214.058	2367.000
1214.204	2544.000
1214.351	2328.000
1214.497	2631.000
1214.644	2380.000
1214.790	2564.000
1214.936	2303.000
1215.083	2574.000
1215.229	2414.000
1215.375	2543.000
1215.522	2403.000
1215.668	2608.000
1215.814	2328.000
1215.961	2601.000
1216.107	2324.000
1216.253	2600.000
1216.399	2294.000
1216.546	2580.000
1216.692	2363.000
1216.838	2532.000
1216.984	2343.000
1217.130	2596.000
1217.277	2323.000
1217.423	2554.000
1217.569	2365.000
1217.715	2559.000
1217.861	2291.000
1218.008	2593.000
1218.154	2300.000
1218.300	2569.000
1218.446	2304.000
1218.592	2526.000
1218.738	2354.000
1218.884	2512.000
1219.030	2304.000
1219.176	2503.000
1219.322	2260.000
1219.468	2568.000
1219.614	2347.000
1219.760	2523.000
1219.907	2310.000
1220.053	2532.000
1220.199	2327.000
1220.344	2533.000
1220.490	2339.000
1220.636	2538.000
1220.782	2241.000
1220.928	2545.000
1221.074	2297.000
1221.220	2502.000
1221.366	2335.000
1221.512	2585.000
1221.658	2312.000
1221.804	2527.000
1221.950	2311.000
1222.095	2535.000
1222.241	2298.000
1222.387	2497.000
1222.533	2275.000
1222.679	2497.000
1222.825	2340.000
1222.970	2485.000
1223.116	2298.000
1223.262	2535.000
1223.408	2347.000
1223.554	2524.000
1223.699	2333.000
1223.845	2519.000
1223.991	2257.000
1224.136	2518.000
1224.282	2316.000
1224.428	2530.000
1224.574	2278.000
1224.719	2461.000
1224.865	2267.000
1225.011	2443.000
1225.156	2271.000
1225.302	2532.000
1225.447	2285.000
1225.593	2480.000
1225.739	2259.000
1225.884	2463.000
1226.030	2287.000
1226.175	2502.000
1226.321	2150.000
1226.467	2514.000
1226.612	2272.000
1226.758	2457.000
1226.903	2271.000
1227.049	2522.000
1227.194	2303.000
1227.340	2468.000
1227.485	2263.000
1227.631	2428.000
1227.776	2272.000
1227.921	2547.000
1228.067	2248.000
1228.212	2501.000
1228.358	2250.000
1228.503	2423.000
1228.649	2342.000
1228.794	2500.000
1228.939	2287.000
1229.085	2483.000
1229.230	2248.000
1229.375	2435.000
1229.521	2267.000
1229.666	2465.000
1229.811	2284.000
1229.957	2487.000
1230.102	2213.000
1230.247	2473.000
1230.393	2309.000
1230.538	2489.000
1230.683	2248.000
1230.828	2420.000
1230.974	2282.000
1231.119	2547.000
1231.264	2307.000
1231.409	2461.000
1231.554	2267.000
1231.700	2499.000
1231.845	2264.000
1231.990	2483.000
1232.135	2244.000
1232.280	2428.000
1232.425	2250.000
1232.570	2505.000
1232.716	2245.000
1232.861	2508.000
1233.006	2252.000
1233.151	2505.000
1233.296	2267.000
1233.441	2450.000
1233.586	2272.000
1233.731	2488.000
1233.876	2211.000
1234.021	2466.000
1234.166	2305.000
1234.311	2475.000
1234.456	2281.000
1234.601	2499.000
1234.746	2175.000
1234.891	2483.000
1235.036	2269.000
1235.181	2401.000
1235.326	2301.000
1235.471	2483.000
1235.616	2211.000
1235.760	2474.000
1235.905	2160.000
1236.050	2423.000
1236.195	2239.000
1236.340	2463.000
1236.485	2279.000
1236.630	2493.000
1236.774	2185.000
1236.919	2373.000
1237.064	2262.000
1237.209	2442.000
1237.354	2276.000
1237.498	2516.000
1237.643	2235.000
1237.788	2430.000
1237.933	2183.000
1238.077	2456.000
1238.222	2247.000
1238.367	2519.000
1238.512	2181.000
1238.656	2419.000
1238.801	2159.000
1238.946	2513.000
1239.090	2328.000
1239.235	2395.000
1239.379	2284.000
1239.524	2423.000
1239.669	2215.000
1239.813	2448.000
1239.958	2234.000
1240.103	2506.000
1240.247	2160.000
1240.392	2438.000
1240.536	2235.000
1240.681	2439.000
1240.825	2206.000
1240.970	2520.000
1241.114	2233.000
1241.259	2443.000
1241.403	2167.000
1241.548	2419.000
1241.692	2188.000
1241.837	2394.000
1241.981	2240.000
1242.126	2460.000
1242.270	2238.000
1242.415	2444.000
1242.559	2117.000
1242.703	2459.000
1242.848	2195.000
1242.992	2450.000
1243.136	2203.000
1243.281	2490.000
1243.425	2242.000
1243.570	2449.000
1243.714	2184.000
1243.858	2466.000
1244.002	2195.000
1244.147	2395.000
1244.291	2229.000
1244.435	2480.000
1244.580	2180.000
1244.724	2396.000
1244.868	2218.000
1245.012	2424.000
1245.157	2215.000
1245.301	2430.000
1245.445	2178.000
1245.589	2459.000
1245.733	2239.000
1245.878	2437.000
1246.022	2254.000
1246.166	2500.000
1246.310	2238.000
1246.454	2389.000
1246.598	2189.000
1246.742	2428.000
1246.886	2195.000
1247.031	2458.000
1247.175	2296.000
1247.319	2461.000
1247.463	2189.000
1247.607	2492.000
1247.751	2305.000
1247.895	2416.000
1248.039	2177.000
1248.183	2442.000
1248.327	2206.000
1248.471	2417.000
1248.615	2192.000
1248.759	2447.000
1248.903	2187.000
1249.047	2420.000
1249.191	2199.000
1249.335	2425.000
1249.479	2227.000
1249.623	2410.000
1249.766	2216.000
1249.910	2440.000
1250.054	2213.000
1250.198	2517.000
1250.342	2209.000
1250.486	2405.000
1250.630	2239.000
1250.773	2451.000
1250.917	2167.000
1251.061	2418.000
1251.205	2288.000
1251.349	2430.000
1251.492	2210.000
1251.636	2389.000
1251.780	2184.000
1251.924	2422.000
1252.067	2194.000
1252.211	2397.000
1252.355	2226.000
1252.499	2443.000
1252.642	2195.000
1252.786	2413.000
1252.930	2085.000
1253.073	2473.000
1253.217	2188.000
1253.361	2387.000
1253.504	2189.000
1253.648	2448.000
1253.791	2173.000
1253.935	2391.000
1254.079	2269.000
1254.222	2298.000
1254.366	2145.000
1254.509	2407.000
1254.653	2174.000
1254.796	2386.000
1254.940	2174.000
1255.083	2438.000
1255.227	2278.000
1255.370	2429.000
1255.514	2173.000
1255.657	2428.000
1255.801	2223.000
1255.944	2425.000
1256.088	2172.000
1256.231	2460.000
1256.375	2190.000
1256.518	2344.000
1256.661	2208.000
1256.805	2387.000
1256.948	2203.000
1257.092	2487.000
1257.235	2179.000
1257.378	2327.000
1257.522	2188.000
1257.665	2431.000
1257.808	2250.000
1257.952	2370.000
1258.095	2133.000
1258.238	2415.000
1258.382	2192.000
1258.525	2384.000
1258.668	2195.000
1258.811	2431.000
1258.955	2195.000
1259.098	2402.000
1259.241	2234.000
1259.384	2443.000
1259.527	2194.000
1259.671	2439.000
1259.814	2158.000
1259.957	2359.000
1260.100	2233.000
1260.243	2402.000
1260.386	2105.000
1260.530	2413.000
1260.673	2117.000
1260.816	2338.000
1260.959	2181.000
1261.102	2401.000
1261.245	2193.000
1261.388	2364.000
1261.531	2172.000
1261.674	2297.000
1261.817	2162.000
1261.960	2396.000
1262.103	2281.000
1262.246	2323.000
1262.389	2196.000
1262.532	2375.000
1262.675	2186.000
1262.818	2419.000
1262.961	2134.000
1263.104	2338.000
1263.247	2192.000
1263.390	2376.000
1263.533	2196.000
1263.676	2403.000
1263.819	2119.000
1263.962	2422.000
1264.104	2103.000
1264.247	2397.000
1264.390	2135.000
1264.533	2396.000
1264.676	2175.000
1264.819	2473.000
1264.961	2154.000
1265.104	2502.000
1265.247	2164.000
1265.390	2375.000
1265.533	2204.000
1265.675	2379.000
1265.818	2171.000
1265.961	2319.000
1266.103	2191.000
1266.246	2402.000
1266.389	2129.000
1266.532	2379.000
1266.674	2159.000
1266.817	2398.000
1266.960	2242.000
1267.102	2425.000
1267.245	2229.000
1267.388	2365.000
1267.530	2125.000
1267.673	2445.000
1267.815	2119.000
1267.958	2402.000
1268.101	2209.000
1268.243	2376.000
1268.386	2251.000
1268.528	2327.000
1268.671	2101.000
1268.813	2322.000
1268.956	2206.000
1269.098	2451.000
1269.241	2195.000
1269.383	2373.000
1269.526	2114.000
1269.668	2403.000
1269.811	2180.000
1269.953	2366.000
1270.096	2118.000
1270.238	2421.000
1270.381	2211.000
1270.523	2396.000
1270.665	2149.000
1270.808	2385.000
1270.950	2155.000
1271.092	2398.000
1271.235	2214.000
1271.377	2331.000
1271.520	2114.000
1271.662	2398.000
1271.804	2171.000
1271.946	2473.000
1272.089	2161.000
1272.231	2422.000
1272.373	2175.000
1272.516	2363.000
1272.658	2185.000
1272.800	2428.000
1272.942	2156.000
1273.085	2417.000
1273.227	2187.000
1273.369	2370.000
1273.511	2197.000
1273.653	2436.000
1273.796	2195.000
1273.938	2417.000
1274.080	2194.000
1274.222	2342.000
1274.364	2130.000
1274.506	2434.000
1274.648	2132.000
1274.790	2364.000
1274.933	2149.000
1275.075	2353.000
1275.217	2136.000
1275.359	2349.000
1275.501	2198.000
1275.643	2371.000
1275.785	2170.000
1275.927	2423.000
1276.069	2227.000
1276.211	2381.000
1276.353	2154.000
1276.495	2435.000
1276.637	2223.000
1276.779	2380.000
1276.921	2158.000
1277.063	2438.000
1277.205	2175.000
1277.347	2352.000
1277.488	2162.000
1277.630	2394.000
1277.772	2185.000
1277.914	2396.000
1278.056	2168.000
1278.198	2360.000
1278.340	2136.000
1278.481	2347.000
1278.623	2213.000
1278.765	2334.000
1278.907	2127.000
1279.049	2374.000
1279.190	2079.000
1279.332	2421.000
1279.474	2249.000
1279.616	2334.000
1279.758	2134.000
1279.899	2338.000
1280.041	2192.000
1280.183	2402.000
1280.324	2187.000
1280.466	2420.000
1280.608	2160.000
1280.749	2384.000
1280.891	2198.000
1281.033	2422.000
1281.174	2148.000
1281.316	2442.000
1281.458	2203.000
1281.599	2443.000
1281.741	2174.000
1281.882	2302.000
1282.024	2104.000
1282.166	2403.000
1282.307	2121.000
1282.449	2363.000
1282.590	2178.000
1282.732	2365.000
1282.873	2159.000
1283.015	2357.000
1283.156	2161.000
1283.298	2434.000
1283.439	2057.000
1283.581	2415.000
1283.722	2162.000
1283.864	2351.000
1284.005	2204.000
1284.146	2423.000
1284.288	2159.000
1284.429	2359.000
1284.571	2147.000
1284.712	2370.000
1284.853	2173.000
1284.995	2378.000
1285.136	2121.000
1285.277	2374.000
1285.419	2278.000
1285.560	2407.000
1285.701	2172.000
1285.843	2438.000
1285.984	2118.000
1286.125	2365.000
1286.267	2118.000
1286.408	2401.000
1286.549	2111.000
1286.690	2490.000
1286.831	2162.000
1286.973	2423.000
1287.114	2157.000
1287.255	2403.000
1287.396	2203.000
1287.537	2425.000
1287.679	2088.000
1287.820	2357.000
1287.961	2129.000
1288.102	2388.000
1288.243	2204.000
1288.384	2366.000
1288.525	2070.000
1288.667	2385.000
1288.808	2179.000
1288.949	2354.000
1289.090	2158.000
1289.231	2386.000
1289.372	2101.000
1289.513	2362.000
1289.654	2102.000
1289.795	2411.000
1289.936	2154.000
1290.077	2455.000
1290.218	2148.000
1290.359	2373.000
1290.500	2129.000
1290.641	2331.000
1290.782	2185.000
1290.923	2481.000
1291.064	2148.000
1291.204	2395.000
1291.345	2104.000
1291.486	2377.000
1291.627	2165.000
1291.768	2391.000
1291.909	2136.000
1292.050	2344.000
1292.191	2252.000
1292.331	2327.000
1292.472	2152.000
1292.613	2412.000
1292.754	2115.000
1292.895	2388.000
1293.035	2117.000
1293.176	2427.000
1293.317	2204.000
1293.458	2288.000
1293.598	2155.000
1293.739	2391.000
1293.880	2147.000
1294.021	2289.000
1294.161	2065.000
1294.302	2370.000
1294.443	2227.000
1294.583	2363.000
1294.724	2177.000
1294.865	2432.000
1295.005	2154.000
1295.146	2351.000
1295.286	2150.000
1295.427	2336.000
1295.568	2069.000
1295.708	2305.000
1295.849	2204.000
1295.989	2393.000
1296.130	2107.000
1296.270	2404.000
1296.411	2131.000
1296.551	2395.000
1296.692	2059.000
1296.832	2354.000
1296.973	2120.000
1297.113	2312.000
1297.254	2106.000
1297.394	2312.000
1297.535	2220.000
1297.675	2344.000
1297.816	2122.000
1297.956	2349.000
1298.096	2162.000
1298.237	2345.000
1298.377	2148.000
1298.518	2392.000
1298.658	2154.000
1298.798	2322.000
1298.939	2137.000
1299.079	2414.000
1299.219	2154.000
1299.360	2359.000
1299.500	2127.000
1299.640	2318.000
1299.781	2131.000
1299.921	2291.000
1300.061	2068.000
1300.201	2390.000
1300.342	2205.000
1300.482	2318.000
1300.622	2135.000
1300.762	2351.000
1300.902	2110.000
1301.043	2325.000
1301.183	2107.000
1301.323	2305.000
1301.463	2089.000
1301.603	2321.000
1301.743	2133.000
1301.884	2364.000
1302.024	2103.000
1302.164	2315.000
1302.304	2111.000
1302.444	2362.000
1302.584	2144.000
1302.724	2331.000
1302.864	2175.000
1303.004	2325.000
1303.144	2053.000
1303.284	2316.000
1303.424	2173.000
1303.564	2405.000
1303.704	2124.000
1303.844	2303.000
1303.984	2166.000
1304.124	2278.000
1304.264	2081.000
1304.404	2342.000
1304.544	2136.000
1304.684	2320.000
1304.824	2101.000
1304.964	2298.000
1305.104	2095.000
1305.244	2362.000
1305.383	2142.000
1305.523	2354.000
1305.663	2070.000
1305.803	2379.000
1305.943	2119.000
1306.083	2362.000
1306.222	2124.000
1306.362	2366.000
1306.502	2095.000
1306.642	2327.000
1306.782	2130.000
1306.921	2323.000
1307.061	2097.000
1307.201	2398.000
1307.341	2107.000
1307.480	2307.000
1307.620	2112.000
1307.760	2315.000
1307.899	2127.000
1308.039	2367.000
1308.179	2133.000
1308.318	2270.000
1308.458	2097.000
1308.598	2302.000
1308.737	2167.000
1308.877	2310.000
1309.017	2137.000
1309.156	2306.000
1309.296	2161.000
1309.435	2393.000
1309.575	2114.000
1309.714	2297.000
1309.854	2174.000
1309.993	2366.000
1310.133	2121.000
1310.273	2408.000
1310.412	2180.000
1310.551	2356.000
1310.691	2186.000
1310.830	2366.000
1310.970	2165.000
1311.109	2342.000
1311.249	2125.000
1311.388	2383.000
1311.528	2158.000
1311.667	2308.000
1311.806	2181.000
1311.946	2377.000
1312.085	2142.000
1312.225	2292.000
1312.364	2107.000
1312.503	2388.000
1312.643	2145.000
1312.782	2323.000
1312.921	2177.000
1313.061	2435.000
1313.200	2240.000
1313.339	2353.000
1313.478	2157.000
1313.618	2333.000
1313.757	2113.000
1313.896	2411.000
1314.035	2130.000
1314.175	2400.000
1314.314	2111.000
1314.453	2273.000
1314.592	2188.000
1314.731	2337.000
1314.871	2126.000
1315.010	2330.000
1315.149	2154.000
1315.288	2373.000
1315.427	2136.000
1315.566	2320.000
1315.705	2109.000
1315.845	2301.000
1315.984	2105.000
1316.123	2356.000
1316.262	2125.000
1316.401	2319.000
1316.540	2192.000
1316.679	2327.000
1316.818	2138.000
1316.957	2409.000
1317.096	2134.000
1317.235	2342.000
1317.374	2143.000
1317.513	2275.000
1317.652	2139.000
1317.791	2300.000
1317.930	2169.000
1318.069	2265.000
1318.208	2176.000
1318.347	2255.000
1318.486	2165.000
1318.624	2341.000
1318.763	2177.000
1318.902	2368.000
1319.041	2157.000
1319.180	2377.000
1319.319	2133.000
1319.458	2331.000
1319.596	2176.000
1319.735	2327.000
1319.874	2164.000
1320.013	2287.000
1320.152	2163.000
1320.290	2287.000
1320.429	2154.000
1320.568	2352.000
1320.707	2211.000
1320.845	2329.000
1320.984	2120.000
1321.123	2284.000
1321.262	2120.000
1321.400	2293.000
1321.539	2143.000
1321.678	2379.000
1321.816	2132.000
1321.955	2360.000
1322.094	2118.000
1322.232	2300.000
1322.371	2119.000
1322.509	2288.000
1322.648	2074.000
1322.787	2351.000
1322.925	2108.000
1323.064	2373.000
1323.202	2165.000
1323.341	2398.000
1323.479	2094.000
1323.618	2363.000
1323.756	2136.000
1323.895	2294.000
1324.033	2118.000
1324.172	2391.000
1324.310	2104.000
1324.449	2385.000
1324.587	2140.000
1324.726	2384.000
1324.864	2107.000
1325.003	2340.000
1325.141	2142.000
1325.279	2364.000
1325.418	2148.000
1325.556	2365.000
1325.695	2201.000
1325.833	2366.000
1325.971	2180.000
1326.110	2310.000
1326.248	2129.000
1326.386	2385.000
1326.525	2130.000
1326.663	2377.000
1326.801	2100.000
1326.939	2350.000
1327.078	2119.000
1327.216	2381.000
1327.354	2098.000
1327.492	2396.000
1327.631	2168.000
1327.769	2357.000
1327.907	2109.000
1328.045	2330.000
1328.184	2126.000
1328.322	2305.000
1328.460	2152.000
1328.598	2348.000
1328.736	2181.000
1328.874	2329.000
1329.012	2150.000
1329.151	2359.000
1329.289	2194.000
1329.427	2341.000
1329.565	2130.000
1329.703	2375.000
1329.841	2133.000
1329.979	2359.000
1330.117	2152.000
1330.255	2309.000
1330.393	2085.000
1330.531	2386.000
1330.669	2188.000
1330.807	2312.000
1330.945	2189.000
1331.083	2457.000
1331.221	2110.000
1331.359	2396.000
1331.497	2191.000
1331.635	2347.000
1331.773	2146.000
1331.911	2297.000
1332.049	2141.000
1332.187	2296.000
1332.324	2139.000
1332.462	2365.000
1332.600	2160.000
1332.738	2359.000
1332.876	2110.000
1333.014	2418.000
1333.151	2186.000
1333.289	2369.000
1333.427	2230.000
1333.565	2339.000
1333.703	2159.000
1333.840	2358.000
1333.978	1952.000
1334.116	2347.000
1334.254	2143.000
1334.391	2322.000
1334.529	2072.000
1334.667	2334.000
1334.804	2104.000
1334.942	2329.000
1335.080	2209.000
1335.218	2346.000
1335.355	2193.000
1335.493	2320.000
1335.630	2129.000
1335.768	2378.000
1335.906	2181.000
1336.043	2344.000
1336.181	2099.000
1336.318	2358.000
1336.456	2117.000
1336.594	2319.000
1336.731	2152.000
1336.869	2315.000
1337.006	2129.000
1337.144	2392.000
1337.281	2126.000
1337.419	2395.000
1337.556	2091.000
1337.694	2437.000
1337.831	2188.000
1337.969	2296.000
1338.106	2211.000
1338.244	2295.000
1338.381	2125.000
1338.518	2273.000
1338.656	2088.000
1338.793	2309.000
1338.931	2103.000
1339.068	2390.000
1339.205	2142.000
1339.343	2376.000
1339.480	2113.000
1339.617	2283.000
1339.755	2130.000
1339.892	2291.000
1340.029	2054.000
1340.167	2295.000
1340.304	2039.000
1340.441	2306.000
1340.578	2097.000
1340.716	2302.000
1340.853	2183.000
1340.990	2305.000
1341.127	2087.000
1341.265	2395.000
1341.402	2049.000
1341.539	2324.000
1341.676	2153.000
1341.813	2356.000
1341.950	2110.000
1342.088	2429.000
1342.225	2859.000
1342.362	2367.000
1342.499	2155.000
1342.636	2333.000
1342.773	2172.000
1342.910	2325.000
1343.047	2035.000
1343.184	2286.000
1343.322	2227.000
1343.459	2377.000
1343.596	2188.000
1343.733	2300.000
1343.870	2104.000
1344.007	2325.000
1344.144	2184.000
1344.281	2413.000
1344.418	2131.000
1344.555	2302.000
1344.692	2110.000
1344.828	2354.000
1344.965	2181.000
1345.102	2371.000
1345.239	2158.000
1345.376	2361.000
1345.513	2173.000
1345.650	2309.000
1345.787	2107.000
1345.924	2283.000
1346.061	2075.000
1346.197	2388.000
1346.334	2129.000
1346.471	2369.000
1346.608	2099.000
1346.745	2403.000
1346.881	2127.000
1347.018	2401.000
1347.155	2156.000
1347.292	2361.000
1347.428	2045.000
1347.565	2357.000
1347.702	2075.000
1347.839	2369.000
1347.975	2113.000
1348.112	2383.000
1348.249	2138.000
1348.385	2325.000
1348.522	2136.000
1348.659	2413.000
1348.795	2054.000
1348.932	2348.000
1349.069	2181.000
1349.205	2304.000
1349.342	2093.000
1349.479	2372.000
1349.615	2109.000
1349.752	2324.000
1349.888	2128.000
1350.025	2323.000
1350.161	2147.000
1350.298	2320.000
1350.434	2158.000
1350.571	2331.000
1350.707	2166.000
1350.844	2409.000
1350.980	2067.000
1351.117	2360.000
1351.253	2092.000
1351.390	2318.000
1351.526	2198.000
1351.663	2389.000
1351.799	2136.000
1351.935	2345.000
1352.072	2176.000
1352.208	2373.000
1352.345	2168.000
1352.481	2419.000
1352.617	2185.000
1352.754	2397.000
1352.890	2136.000
1353.026	2324.000
1353.163	2131.000
1353.299	2345.000
1353.435	2148.000
1353.572	2255.000
1353.708	2193.000
1353.844	2355.000
1353.980	2210.000
1354.117	2334.000
1354.253	2126.000
1354.389	2247.000
1354.525	2188.000
1354.662	2401.000
