969.812	8936.000
969.956	6250.000
970.101	8997.000
970.245	6408.000
970.389	9024.000
970.533	6412.000
970.678	9073.000
970.822	6466.000
970.966	9179.000
971.110	6517.000
971.255	9179.000
971.399	6538.000
971.543	9253.000
971.687	6518.000
971.831	9324.000
971.976	6730.000
972.120	9377.000
972.264	6758.000
972.408	9519.000
972.552	6794.000
972.697	9547.000
972.841	6764.000
972.985	9763.000
973.129	6834.000
973.273	9716.000
973.417	6884.000
973.562	9869.000
973.706	6992.000
973.850	9908.000
973.994	7019.000
974.138	9994.000
974.282	7152.000
974.426	10179.000
974.570	7170.000
974.715	10114.000
974.859	7156.000
975.003	10273.000
975.147	7235.000
975.291	10320.000
975.435	7306.000
975.579	10301.000
975.723	7369.000
975.867	10401.000
976.011	7456.000
976.155	10482.000
976.299	7499.000
976.444	10684.000
976.588	7481.000
976.732	10694.000
976.876	7569.000
977.020	10732.000
977.164	7638.000
977.308	10925.000
977.452	7805.000
977.596	11012.000
977.740	7899.000
977.884	11094.000
978.028	7893.000
978.172	11074.000
978.316	7888.000
978.460	11241.000
978.604	7946.000
978.748	11274.000
978.892	7998.000
979.036	11258.000
979.180	8168.000
979.323	11445.000
979.467	8147.000
979.611	11503.000
979.755	8296.000
979.899	11722.000
980.043	8398.000
980.187	11861.000
980.331	8463.000
980.475	11785.000
980.619	8468.000
980.763	11845.000
980.907	8552.000
981.050	12135.000
981.194	8779.000
981.338	12268.000
981.482	8814.000
981.626	12445.000
981.770	8915.000
981.914	12409.000
982.058	8923.000
982.201	12390.000
982.345	8909.000
982.489	12419.000
982.633	9048.000
982.777	12565.000
982.921	9207.000
983.064	12859.000
983.208	9250.000
983.352	12954.000
983.496	9388.000
983.640	13049.000
983.783	9507.000
983.927	13237.000
984.071	9613.000
984.215	13186.000
984.359	9558.000
984.502	13235.000
984.646	9601.000
984.790	13367.000
984.934	9787.000
985.077	13431.000
985.221	9928.000
985.365	13599.000
985.509	9975.000
985.652	13799.000
985.796	10154.000
985.940	13745.000
986.084	10212.000
986.227	13996.000
986.371	10267.000
986.515	14021.000
986.658	10321.000
986.802	14071.000
986.946	10462.000
987.089	14216.000
987.233	10587.000
987.377	14437.000
987.520	10797.000
987.664	14569.000
987.808	10837.000
987.951	14656.000
988.095	10868.000
988.239	14844.000
988.382	11067.000
988.526	14956.000
988.670	11140.000
988.813	15036.000
988.957	11199.000
989.100	15066.000
989.244	11283.000
989.388	15195.000
989.531	11394.000
989.675	15221.000
989.818	11499.000
989.962	15382.000
990.106	11594.000
990.249	15411.000
990.393	11617.000
990.536	15473.000
990.680	11717.000
990.823	15600.000
990.967	11775.000
991.110	15464.000
991.254	11858.000
991.398	15596.000
991.541	11828.000
991.685	15438.000
991.828	11702.000
991.972	15382.000
992.115	11977.000
992.259	15811.000
992.402	12275.000
992.546	16049.000
992.689	12427.000
992.833	16211.000
992.976	12456.000
993.120	16182.000
993.263	12510.000
993.406	16216.000
993.550	12730.000
993.693	16624.000
993.837	12877.000
993.980	16774.000
994.124	13078.000
994.267	16769.000
994.411	13121.000
994.554	16898.000
994.697	13162.000
994.841	16989.000
994.984	13343.000
995.128	17066.000
995.271	13455.000
995.414	17035.000
995.558	13477.000
995.701	17178.000
995.845	13574.000
995.988	17246.000
996.131	13694.000
996.275	17303.000
996.418	13803.000
996.561	17417.000
996.705	13938.000
996.848	17638.000
996.991	14088.000
997.135	17577.000
997.278	14105.000
997.421	17636.000
997.565	14229.000
997.708	17822.000
997.851	14383.000
997.995	17779.000
998.138	14301.000
998.281	17713.000
998.424	14529.000
998.568	18090.000
998.711	14591.000
998.854	18069.000
998.998	14708.000
999.141	18204.000
999.284	14826.000
999.427	18291.000
999.571	14990.000
999.714	18349.000
999.857	15023.000
1000.000	18382.000
1000.143	15066.000
1000.287	18486.000
1000.430	15266.000
1000.573	18550.000
1000.716	15298.000
1000.860	18492.000
1001.003	15260.000
1001.146	18433.000
1001.289	15357.000
1001.432	18511.000
1001.575	15343.000
1001.719	18393.000
1001.862	15446.000
1002.005	18522.000
1002.148	15561.000
1002.291	18586.000
1002.434	15620.000
1002.578	18683.000
1002.721	15782.000
1002.864	18771.000
1003.007	15853.000
1003.150	18890.000
1003.293	15952.000
1003.436	18882.000
1003.579	15959.000
1003.723	18926.000
1003.866	16042.000
1004.009	18769.000
1004.152	15874.000
1004.295	18882.000
1004.438	16061.000
1004.581	18913.000
1004.724	16170.000
1004.867	19065.000
1005.010	16217.000
1005.153	19095.000
1005.296	16414.000
1005.439	19299.000
1005.582	16507.000
1005.725	19282.000
1005.868	16532.000
1006.012	19238.000
1006.155	16474.000
1006.298	19150.000
1006.441	16565.000
1006.584	19363.000
1006.727	16545.000
1006.870	19255.000
1007.013	16605.000
1007.156	19220.000
1007.298	16485.000
1007.441	19159.000
1007.584	16730.000
1007.727	19348.000
1007.870	16836.000
1008.013	19380.000
1008.156	16911.000
1008.299	19376.000
1008.442	16853.000
1008.585	19436.000
1008.728	16891.000
1008.871	19462.000
1009.014	16864.000
1009.157	19404.000
1009.300	16960.000
1009.443	19322.000
1009.585	16962.000
1009.728	19327.000
1009.871	16882.000
1010.014	19323.000
1010.157	16920.000
1010.300	19235.000
1010.443	17008.000
1010.586	19511.000
1010.728	17188.000
1010.871	19468.000
1011.014	17123.000
1011.157	19483.000
1011.300	17121.000
1011.443	19405.000
1011.585	17169.000
1011.728	19490.000
1011.871	17234.000
1012.014	19485.000
1012.157	17328.000
1012.300	19329.000
1012.442	17407.000
1012.585	19403.000
1012.728	17363.000
1012.871	19459.000
1013.013	17343.000
1013.156	19399.000
1013.299	17255.000
1013.442	19492.000
1013.585	17268.000
1013.727	19373.000
1013.870	17498.000
1014.013	19468.000
1014.156	17469.000
1014.298	19386.000
1014.441	17621.000
1014.584	19506.000
1014.726	17567.000
1014.869	19380.000
1015.012	17550.000
1015.155	19399.000
1015.297	17508.000
1015.440	19315.000
1015.583	17539.000
1015.725	19334.000
1015.868	17428.000
1016.011	19421.000
1016.153	17495.000
1016.296	19352.000
1016.439	17549.000
1016.581	19183.000
1016.724	17337.000
1016.867	19178.000
1017.009	17519.000
1017.152	19181.000
1017.295	17331.000
1017.437	19070.000
1017.580	17430.000
1017.722	19048.000
1017.865	17327.000
1018.008	18992.000
1018.150	17326.000
1018.293	18977.000
1018.435	17442.000
1018.578	18938.000
1018.721	17392.000
1018.863	18905.000
1019.006	17340.000
1019.148	18847.000
1019.291	17271.000
1019.433	18851.000
1019.576	17273.000
1019.718	18720.000
1019.861	17327.000
1020.003	18613.000
1020.146	17263.000
1020.289	18760.000
1020.431	17339.000
1020.574	18738.000
1020.716	17323.000
1020.859	18729.000
1021.001	17244.000
1021.144	18600.000
1021.286	17288.000
1021.429	18699.000
1021.571	17169.000
1021.713	18543.000
1021.856	17190.000
1021.998	18569.000
1022.141	17227.000
1022.283	18406.000
1022.426	17055.000
1022.568	18386.000
1022.711	17083.000
1022.853	18254.000
1022.996	17018.000
1023.138	18144.000
1023.280	17139.000
1023.423	18203.000
1023.565	17455.000
1023.708	18571.000
1023.850	17631.000
1023.992	18699.000
1024.135	17881.000
1024.277	18375.000
1024.420	18945.000
1024.562	18536.000
1024.704	16780.000
1024.847	17626.000
1024.989	16443.000
1025.131	17463.000
1025.274	16306.000
1025.416	17364.000
1025.558	16331.000
1025.701	17208.000
1025.843	16273.000
1025.985	17227.000
1026.128	16228.000
1026.270	17248.000
1026.412	16167.000
1026.555	17133.000
1026.697	16122.000
1026.839	16953.000
1026.982	16137.000
1027.124	16805.000
1027.266	16117.000
1027.408	16921.000
1027.551	15977.000
1027.693	16843.000
1027.835	15915.000
1027.977	16606.000
1028.120	15827.000
1028.262	16631.000
1028.404	15885.000
1028.546	16498.000
1028.689	15628.000
1028.831	16302.000
1028.973	15524.000
1029.115	16234.000
1029.257	15412.000
1029.400	16021.000
1029.542	15352.000
1029.684	15979.000
1029.826	15216.000
1029.968	15831.000
1030.111	15138.000
1030.253	15647.000
1030.395	15035.000
1030.537	15664.000
1030.679	14840.000
1030.821	15355.000
1030.964	14792.000
1031.106	15382.000
1031.248	14881.000
1031.390	15321.000
1031.532	14793.000
1031.674	15246.000
1031.816	14647.000
1031.958	15168.000
1032.101	14611.000
1032.243	15103.000
1032.385	14548.000
1032.527	15055.000
1032.669	14524.000
1032.811	14980.000
1032.953	14488.000
1033.095	14918.000
1033.237	14368.000
1033.379	14775.000
1033.521	14182.000
1033.663	14634.000
1033.805	14184.000
1033.948	14476.000
1034.090	14003.000
1034.232	14381.000
1034.374	13857.000
1034.516	14257.000
1034.658	13711.000
1034.800	14076.000
1034.942	13645.000
1035.084	14018.000
1035.226	13540.000
1035.368	13873.000
1035.510	13346.000
1035.652	13719.000
1035.794	13330.000
1035.936	13631.000
1036.078	13190.000
1036.220	13509.000
1036.362	13110.000
1036.503	13373.000
1036.645	12989.000
1036.787	13266.000
1036.929	12927.000
1037.071	13133.000
1037.213	12789.000
1037.355	13030.000
1037.497	12682.000
1037.639	12901.000
1037.781	12541.000
1037.923	12924.000
1038.065	12463.000
1038.207	12688.000
1038.348	12366.000
1038.490	12517.000
1038.632	12344.000
1038.774	12571.000
1038.916	12199.000
1039.058	12351.000
1039.200	11992.000
1039.342	12274.000
1039.483	11983.000
1039.625	12192.000
1039.767	11922.000
1039.909	12070.000
1040.051	11831.000
1040.193	12005.000
1040.334	11798.000
1040.476	11875.000
1040.618	11780.000
1040.760	11896.000
1040.902	11702.000
1041.043	11869.000
1041.185	11523.000
1041.327	11691.000
1041.469	11633.000
1041.611	11662.000
1041.752	11484.000
1041.894	11625.000
1042.036	11472.000
1042.178	11559.000
1042.319	11403.000
1042.461	11486.000
1042.603	11372.000
1042.745	11273.000
1042.886	11284.000
1043.028	11264.000
1043.170	11164.000
1043.311	11187.000
1043.453	11057.000
1043.595	11046.000
1043.737	10879.000
1043.878	10891.000
1044.020	10751.000
1044.162	10806.000
1044.303	10667.000
1044.445	10603.000
1044.587	10481.000
1044.728	10682.000
1044.870	10456.000
1045.012	10465.000
1045.153	10335.000
1045.295	10258.000
1045.437	10192.000
1045.578	10174.000
1045.720	10107.000
1045.861	10054.000
1046.003	10164.000
1046.145	10052.000
1046.286	10027.000
1046.428	9997.000
1046.569	9925.000
1046.711	9899.000
1046.853	9914.000
1046.994	9782.000
1047.136	9747.000
1047.277	9772.000
1047.419	9793.000
1047.561	9764.000
1047.702	9696.000
1047.844	9590.000
1047.985	9621.000
1048.127	9657.000
1048.268	9560.000
1048.410	9540.000
1048.551	9530.000
1048.693	9415.000
1048.834	9483.000
1048.976	9381.000
1049.117	9477.000
1049.259	9396.000
1049.400	9482.000
1049.542	9353.000
1049.683	9293.000
1049.825	9282.000
1049.966	9242.000
1050.108	9272.000
1050.249	9368.000
1050.391	9224.000
1050.532	9256.000
1050.674	9143.000
1050.815	9245.000
1050.957	9238.000
1051.098	9232.000
1051.239	9151.000
1051.381	9254.000
1051.522	9270.000
1051.664	9148.000
1051.805	9145.000
1051.947	9237.000
1052.088	9080.000
1052.229	9191.000
1052.371	9079.000
1052.512	9216.000
1052.654	9123.000
1052.795	9083.000
1052.936	9020.000
1053.078	9111.000
1053.219	9013.000
1053.360	8967.000
1053.502	8857.000
1053.643	8986.000
1053.784	8951.000
1053.926	8939.000
1054.067	8886.000
1054.208	8952.000
1054.350	8757.000
1054.491	8823.000
1054.632	8678.000
1054.774	8739.000
1054.915	8572.000
1055.056	8650.000
1055.198	8655.000
1055.339	8662.000
1055.480	8550.000
1055.622	8591.000
1055.763	8472.000
1055.904	8529.000
1056.045	8371.000
1056.187	8451.000
1056.328	8360.000
1056.469	8349.000
1056.610	8257.000
1056.752	8377.000
1056.893	8356.000
1057.034	8335.000
1057.175	8235.000
1057.316	8277.000
1057.458	8199.000
1057.599	8278.000
1057.740	8130.000
1057.881	8235.000
1058.023	8073.000
1058.164	8141.000
1058.305	8000.000
1058.446	8146.000
1058.587	7957.000
1058.728	7994.000
1058.870	7893.000
1059.011	7923.000
1059.152	7786.000
1059.293	7870.000
1059.434	7720.000
1059.575	7880.000
1059.716	7775.000
1059.858	7809.000
1059.999	7659.000
1060.140	7791.000
1060.281	7623.000
1060.422	7739.000
1060.563	7560.000
1060.704	7687.000
1060.845	7528.000
1060.986	7661.000
1061.128	7546.000
1061.269	7708.000
1061.410	7517.000
1061.551	7593.000
1061.692	7467.000
1061.833	7672.000
1061.974	7465.000
1062.115	7593.000
1062.256	7495.000
1062.397	7596.000
1062.538	7369.000
1062.679	7607.000
1062.820	7505.000
1062.961	7678.000
1063.102	7525.000
1063.243	7571.000
1063.384	7545.000
1063.525	7591.000
1063.666	7474.000
1063.807	7620.000
1063.948	7507.000
1064.089	7614.000
1064.230	7461.000
1064.371	7571.000
1064.512	7444.000
1064.653	7626.000
1064.794	7468.000
1064.935	7567.000
1065.076	7334.000
1065.217	7525.000
1065.358	7328.000
1065.499	7475.000
1065.640	7252.000
1065.781	7455.000
1065.922	7186.000
1066.062	7270.000
1066.203	7161.000
1066.344	7231.000
1066.485	7030.000
1066.626	7258.000
1066.767	7056.000
1066.908	7079.000
1067.049	7009.000
1067.190	7073.000
1067.330	6967.000
1067.471	7086.000
1067.612	6969.000
1067.753	7026.000
1067.894	6882.000
1068.035	7059.000
1068.176	6951.000
1068.316	7013.000
1068.457	6929.000
1068.598	7023.000
1068.739	6944.000
1068.880	7103.000
1069.020	6879.000
1069.161	6981.000
1069.302	6896.000
1069.443	6971.000
1069.584	6862.000
1069.724	6977.000
1069.865	6826.000
1070.006	6949.000
1070.147	6802.000
1070.287	6913.000
1070.428	6751.000
1070.569	6863.000
1070.710	6715.000
1070.850	6866.000
1070.991	6714.000
1071.132	6749.000
1071.273	6687.000
1071.413	6813.000
1071.554	6627.000
1071.695	6627.000
1071.836	6531.000
1071.976	6765.000
1072.117	6543.000
1072.258	6685.000
1072.398	6551.000
1072.539	6716.000
1072.680	6674.000
1072.820	6651.000
1072.961	6496.000
1073.102	6591.000
1073.242	6423.000
1073.383	6723.000
1073.524	6419.000
1073.664	6658.000
1073.805	6460.000
1073.946	6525.000
1074.086	6517.000
1074.227	6603.000
1074.367	6462.000
1074.508	6598.000
1074.649	6525.000
1074.789	6698.000
1074.930	6496.000
1075.070	6638.000
1075.211	6513.000
1075.352	6583.000
1075.492	6512.000
1075.633	6694.000
1075.773	6549.000
1075.914	6637.000
1076.054	6551.000
1076.195	6604.000
1076.335	6444.000
1076.476	6715.000
1076.617	6463.000
1076.757	6563.000
1076.898	6421.000
1077.038	6487.000
1077.179	6391.000
1077.319	6502.000
1077.460	6380.000
1077.600	6404.000
1077.741	6333.000
1077.881	6375.000
1078.022	6343.000
1078.162	6446.000
1078.303	6287.000
1078.443	6432.000
1078.584	6329.000
1078.724	6476.000
1078.864	6262.000
1079.005	6363.000
1079.145	6285.000
1079.286	6357.000
1079.426	6262.000
1079.567	6318.000
1079.707	6227.000
1079.848	6288.000
1079.988	6223.000
1080.128	6279.000
1080.269	6227.000
1080.409	6248.000
1080.550	6120.000
1080.690	6181.000
1080.830	6089.000
1080.971	6158.000
1081.111	6097.000
1081.252	6245.000
1081.392	6060.000
1081.532	6215.000
1081.673	6047.000
1081.813	6150.000
1081.953	6024.000
1082.094	6153.000
1082.234	5973.000
1082.374	6206.000
1082.515	6049.000
1082.655	6239.000
1082.795	6044.000
1082.936	6271.000
1083.076	6060.000
1083.216	6242.000
1083.356	6040.000
1083.497	6187.000
1083.637	6021.000
1083.777	6270.000
1083.918	6043.000
1084.058	6258.000
1084.198	6104.000
1084.338	6285.000
1084.479	6041.000
1084.619	6267.000
1084.759	6131.000
1084.899	6206.000
1085.040	6109.000
1085.180	6243.000
1085.320	6131.000
1085.460	6240.000
1085.601	6117.000
1085.741	6188.000
1085.881	6072.000
1086.021	6211.000
1086.161	6043.000
1086.302	6153.000
1086.442	5979.000
1086.582	6179.000
1086.722	6046.000
1086.862	6346.000
1087.002	6044.000
1087.143	6156.000
1087.283	5971.000
1087.423	6072.000
1087.563	5852.000
1087.703	5984.000
1087.843	5849.000
1087.984	5987.000
1088.124	5874.000
1088.264	5981.000
1088.404	5882.000
1088.544	5943.000
1088.684	5826.000
1088.824	5974.000
1088.964	5846.000
1089.104	5902.000
1089.244	5738.000
1089.385	5943.000
1089.525	5706.000
1089.665	5889.000
1089.805	5707.000
1089.945	5868.000
1090.085	5631.000
1090.225	5930.000
1090.365	5732.000
1090.505	5810.000
1090.645	5744.000
1090.785	5918.000
1090.925	5605.000
1091.065	5824.000
1091.205	5659.000
1091.345	5752.000
1091.485	5621.000
1091.625	5710.000
1091.765	5569.000
1091.905	5670.000
1092.045	5593.000
1092.185	5688.000
1092.325	5536.000
1092.465	5654.000
1092.605	5520.000
1092.745	5657.000
1092.885	5538.000
1093.025	5611.000
1093.165	5506.000
1093.305	5585.000
1093.445	5457.000
1093.585	5560.000
1093.725	5036.000
1093.865	5545.000
1094.005	5379.000
1094.144	5459.000
1094.284	5331.000
1094.424	5529.000
1094.564	5360.000
1094.704	5574.000
1094.844	5472.000
1094.984	5532.000
1095.124	5430.000
1095.264	5535.000
1095.403	5387.000
1095.543	5563.000
1095.683	5398.000
1095.823	5520.000
1095.963	5299.000
1096.103	5562.000
1096.243	5343.000
1096.382	5505.000
1096.522	5345.000
1096.662	5483.000
1096.802	5345.000
1096.942	5498.000
1097.081	5294.000
1097.221	5525.000
1097.361	5235.000
1097.501	5540.000
1097.641	5363.000
1097.780	5362.000
1097.920	5298.000
1098.060	5364.000
1098.200	5204.000
1098.339	5326.000
1098.479	5194.000
1098.619	5319.000
1098.759	5148.000
1098.899	5397.000
1099.038	5180.000
1099.178	5339.000
1099.318	5087.000
1099.457	5253.000
1099.597	5088.000
1099.737	5271.000
1099.877	5002.000
1100.016	5272.000
1100.156	5014.000
1100.296	5239.000
1100.435	5042.000
1100.575	5277.000
1100.715	5160.000
1100.854	5325.000
1100.994	5102.000
1101.134	5394.000
1101.273	5082.000
1101.413	5456.000
1101.553	6143.000
1101.692	6238.000
1101.832	6088.000
1101.972	5711.000
1102.111	7235.000
1102.251	5942.000
1102.390	5775.000
1102.530	5803.000
1102.670	5469.000
1102.809	5602.000
1102.949	5374.000
1103.088	5423.000
1103.228	5244.000
1103.368	5347.000
1103.507	5122.000
1103.647	5220.000
1103.786	5014.000
1103.926	5166.000
1104.066	5041.000
1104.205	5222.000
1104.345	4978.000
1104.484	5127.000
1104.624	4878.000
1104.763	5125.000
1104.903	4929.000
1105.042	5088.000
1105.182	4865.000
1105.321	5070.000
1105.461	4891.000
1105.600	5009.000
1105.740	4835.000
1105.879	4978.000
1106.019	4818.000
1106.158	5110.000
1106.298	4838.000
1106.437	4996.000
1106.577	4825.000
1106.716	5112.000
1106.856	4852.000
1106.995	5107.000
1107.135	4790.000
1107.274	5033.000
1107.413	4728.000
1107.553	5046.000
1107.692	4747.000
1107.832	5007.000
1107.971	4754.000
1108.111	5001.000
1108.250	4805.000
1108.389	4938.000
1108.529	4783.000
1108.668	4984.000
1108.808	4704.000
1108.947	4991.000
1109.086	4816.000
1109.226	4907.000
1109.365	4754.000
1109.504	4989.000
1109.644	4770.000
1109.783	4950.000
1109.922	4822.000
1110.062	4955.000
1110.201	4807.000
1110.340	4943.000
1110.480	4846.000
1110.619	4947.000
1110.758	4841.000
1110.898	5037.000
1111.037	4737.000
1111.176	4935.000
1111.316	4691.000
1111.455	4861.000
1111.594	4779.000
1111.734	4893.000
1111.873	4669.000
1112.012	4786.000
1112.151	4666.000
1112.291	4834.000
1112.430	4640.000
1112.569	4896.000
1112.708	4672.000
1112.848	4885.000
1112.987	4657.000
1113.126	4851.000
1113.265	4685.000
1113.405	4967.000
1113.544	4746.000
1113.683	4836.000
1113.822	4818.000
1113.961	5015.000
1114.101	4845.000
1114.240	4951.000
1114.379	4783.000
1114.518	4890.000
1114.657	4841.000
1114.797	5001.000
