1109.929	22939.000
1110.074	20772.000
1110.220	23044.000
1110.366	20876.000
1110.511	23000.000
1110.657	20893.000
1110.802	22990.000
1110.948	20876.000
1111.094	23173.000
1111.239	21161.000
1111.385	23051.000
1111.530	20975.000
1111.676	23078.000
1111.821	21049.000
1111.967	23139.000
1112.112	21315.000
1112.258	23140.000
1112.403	21162.000
1112.549	23419.000
1112.694	21289.000
1112.840	23432.000
1112.985	21122.000
1113.131	23528.000
1113.276	21144.000
1113.421	23050.000
1113.567	21101.000
1113.712	23453.000
1113.858	21167.000
1114.003	23338.000
1114.149	21206.000
1114.294	23382.000
1114.439	21363.000
1114.585	23525.000
1114.730	21192.000
1114.875	23363.000
1115.021	21140.000
1115.166	23411.000
1115.311	21376.000
1115.457	23429.000
1115.602	21223.000
1115.747	23617.000
1115.893	21530.000
1116.038	23678.000
1116.183	21793.000
1116.329	23415.000
1116.474	21442.000
1116.619	23780.000
1116.764	21409.000
1116.910	23534.000
1117.055	21260.000
1117.200	23727.000
1117.345	21569.000
1117.490	23840.000
1117.636	21551.000
1117.781	23823.000
1117.926	21676.000
1118.071	23913.000
1118.216	21738.000
1118.362	23882.000
1118.507	21559.000
1118.652	24011.000
1118.797	21480.000
1118.942	23842.000
1119.087	21673.000
1119.232	24108.000
1119.377	21547.000
1119.523	24071.000
1119.668	21488.000
1119.813	24027.000
1119.958	21880.000
1120.103	24119.000
1120.248	21680.000
1120.393	24148.000
1120.538	21701.000
1120.683	24138.000
1120.828	21712.000
1120.973	24261.000
1121.118	21685.000
1121.263	24127.000
1121.408	21813.000
1121.553	24207.000
1121.698	21814.000
1121.843	24329.000
1121.988	21790.000
1122.133	24083.000
1122.278	21756.000
1122.423	24244.000
1122.568	21911.000
1122.713	24051.000
1122.858	22014.000
1123.002	24370.000
1123.147	21796.000
1123.292	24580.000
1123.437	22107.000
1123.582	24803.000
1123.727	22232.000
1123.872	24633.000
1124.017	22203.000
1124.161	25018.000
1124.306	22253.000
1124.451	24666.000
1124.596	22154.000
1124.741	24770.000
1124.885	22294.000
1125.030	24931.000
1125.175	22426.000
1125.320	24973.000
1125.465	22422.000
1125.609	24837.000
1125.754	22489.000
1125.899	25034.000
1126.044	22702.000
1126.188	25268.000
1126.333	22741.000
1126.478	25316.000
1126.622	22724.000
1126.767	25492.000
1126.912	22937.000
1127.056	25721.000
1127.201	23128.000
1127.346	25702.000
1127.490	23199.000
1127.635	25919.000
1127.780	23228.000
1127.924	25866.000
1128.069	23495.000
1128.214	25753.000
1128.358	23427.000
1128.503	26108.000
1128.647	23716.000
1128.792	26316.000
1128.937	23608.000
1129.081	26438.000
1129.226	23753.000
1129.370	26643.000
1129.515	23918.000
1129.659	26591.000
1129.804	24217.000
1129.948	26748.000
1130.093	24123.000
1130.237	26671.000
1130.382	24181.000
1130.526	26969.000
1130.671	24115.000
1130.815	27035.000
1130.960	24374.000
1131.104	27174.000
1131.249	24483.000
1131.393	26942.000
1131.537	24596.000
1131.682	27172.000
1131.826	24556.000
1131.971	26943.000
1132.115	24474.000
1132.260	27062.000
1132.404	24842.000
1132.548	27374.000
1132.693	24862.000
1132.837	27612.000
1132.981	24860.000
1133.126	27779.000
1133.270	24889.000
1133.414	27343.000
1133.559	25072.000
1133.703	27936.000
1133.847	25378.000
1133.992	27870.000
1134.136	25423.000
1134.280	28007.000
1134.424	25461.000
1134.569	27802.000
1134.713	25502.000
1134.857	28079.000
1135.001	25555.000
1135.146	28325.000
1135.290	25656.000
1135.434	28338.000
1135.578	25724.000
1135.722	28172.000
1135.867	25558.000
1136.011	28298.000
1136.155	25837.000
1136.299	28344.000
1136.443	25761.000
1136.587	28439.000
1136.732	25908.000
1136.876	28419.000
1137.020	25812.000
1137.164	28580.000
1137.308	26258.000
1137.452	28669.000
1137.596	26018.000
1137.740	28621.000
1137.884	26246.000
1138.028	28665.000
1138.172	26201.000
1138.316	28579.000
1138.461	26147.000
1138.605	28580.000
1138.749	26371.000
1138.893	28847.000
1139.037	26291.000
1139.181	28909.000
1139.325	26403.000
1139.469	28756.000
1139.613	26573.000
1139.757	28935.000
1139.900	26678.000
1140.044	28815.000
1140.188	26754.000
1140.332	29014.000
1140.476	26653.000
1140.620	28934.000
1140.764	26868.000
1140.908	29287.000
1141.052	26841.000
1141.196	28868.000
1141.340	26936.000
1141.484	28972.000
1141.627	26953.000
1141.771	29203.000
1141.915	27104.000
1142.059	29249.000
1142.203	27057.000
1142.347	29066.000
1142.490	27235.000
1142.634	29292.000
1142.778	27211.000
1142.922	29138.000
1143.066	27356.000
1143.209	29371.000
1143.353	27427.000
1143.497	29528.000
1143.641	27464.000
1143.784	29551.000
1143.928	27256.000
1144.072	29437.000
1144.216	27389.000
1144.359	29302.000
1144.503	27262.000
1144.647	29431.000
1144.790	27345.000
1144.934	29324.000
1145.078	27458.000
1145.221	29323.000
1145.365	27577.000
1145.509	29300.000
1145.652	27394.000
1145.796	29530.000
1145.940	27556.000
1146.083	29498.000
1146.227	27369.000
1146.370	29360.000
1146.514	27382.000
1146.657	29194.000
1146.801	27254.000
1146.945	29276.000
1147.088	27334.000
1147.232	29071.000
1147.375	27160.000
1147.519	29082.000
1147.662	27259.000
1147.806	28996.000
1147.949	27325.000
1148.093	29082.000
1148.236	27362.000
1148.380	28990.000
1148.523	27264.000
1148.667	28988.000
1148.810	27279.000
1148.954	29194.000
1149.097	27187.000
1149.241	28946.000
1149.384	27177.000
1149.527	28861.000
1149.671	27037.000
1149.814	28815.000
1149.958	27284.000
1150.101	28956.000
1150.244	27063.000
1150.388	28891.000
1150.531	27254.000
1150.674	28718.000
1150.818	27244.000
1150.961	29025.000
1151.104	27464.000
1151.248	28832.000
1151.391	27411.000
1151.534	29060.000
1151.678	27376.000
1151.821	28808.000
1151.964	27314.000
1152.108	29032.000
1152.251	27633.000
1152.394	28992.000
1152.537	27634.000
1152.681	28964.000
1152.824	27714.000
1152.967	29093.000
1153.110	27684.000
1153.253	28962.000
1153.397	27921.000
1153.540	29033.000
1153.683	27654.000
1153.826	29276.000
1153.969	27814.000
1154.113	29086.000
1154.256	27946.000
1154.399	29319.000
1154.542	28019.000
1154.685	29242.000
1154.828	28260.000
1154.971	29531.000
1155.114	28221.000
1155.258	29363.000
1155.401	28215.000
1155.544	29266.000
1155.687	28265.000
1155.830	29368.000
1155.973	28205.000
1156.116	29146.000
1156.259	28032.000
1156.402	29505.000
1156.545	28216.000
1156.688	29349.000
1156.831	28399.000
1156.974	29107.000
1157.117	28071.000
1157.260	29173.000
1157.403	28307.000
1157.546	29231.000
1157.689	27993.000
1157.832	28965.000
1157.975	28218.000
1158.118	28925.000
1158.261	27988.000
1158.404	28932.000
1158.547	28019.000
1158.689	28832.000
1158.832	27827.000
1158.975	28852.000
1159.118	28001.000
1159.261	28745.000
1159.404	27892.000
1159.547	28675.000
1159.690	27841.000
1159.832	28562.000
1159.975	27601.000
1160.118	28558.000
1160.261	27946.000
1160.404	28386.000
1160.546	27531.000
1160.689	28408.000
1160.832	27617.000
1160.975	28445.000
1161.118	27561.000
1161.260	28371.000
1161.403	27398.000
1161.546	28256.000
1161.689	27410.000
1161.831	28333.000
1161.974	27194.000
1162.117	28150.000
1162.259	27301.000
1162.402	28126.000
1162.545	27172.000
1162.687	28090.000
1162.830	27129.000
1162.973	28042.000
1163.115	26927.000
1163.258	27823.000
1163.401	27124.000
1163.543	28437.000
1163.686	28318.000
1163.829	30114.000
1163.971	29512.000
1164.114	31193.000
1164.256	30235.000
1164.399	33244.000
1164.541	30967.000
1164.684	32924.000
1164.827	35322.000
1164.969	31951.000
1165.112	31280.000
1165.254	27753.000
1165.397	26201.000
1165.539	26758.000
1165.682	25900.000
1165.824	26602.000
1165.967	25979.000
1166.109	26406.000
1166.252	25835.000
1166.394	26450.000
1166.537	26155.000
1166.679	26513.000
1166.822	26003.000
1166.964	26531.000
1167.106	26281.000
1167.249	26496.000
1167.391	26228.000
1167.534	25835.000
1167.676	26517.000
1167.818	26756.000
1167.961	26449.000
1168.103	26779.000
1168.246	26588.000
1168.388	26740.000
1168.530	26533.000
1168.673	27130.000
1168.815	27017.000
1168.957	26722.000
1169.100	26860.000
1169.242	26686.000
1169.384	26863.000
1169.526	26776.000
1169.669	26706.000
1169.811	26670.000
1169.953	26790.000
1170.095	26727.000
1170.238	26870.000
1170.380	26771.000
1170.522	27003.000
1170.664	26846.000
1170.807	26925.000
1170.949	26980.000
1171.091	26979.000
1171.233	26745.000
1171.375	26914.000
1171.518	26967.000
1171.660	27214.000
1171.802	26856.000
1171.944	27001.000
1172.086	26973.000
1172.228	26989.000
1172.371	26999.000
1172.513	26997.000
1172.655	27043.000
1172.797	26997.000
1172.939	27133.000
1173.081	27017.000
1173.223	27107.000
1173.365	27016.000
1173.507	27247.000
1173.649	26890.000
1173.791	26888.000
1173.933	26828.000
1174.075	26957.000
1174.217	26532.000
1174.359	26562.000
1174.501	26339.000
1174.643	26481.000
1174.785	25896.000
1174.927	26233.000
1175.069	25888.000
1175.211	25910.000
1175.353	25637.000
1175.495	25862.000
1175.637	25601.000
1175.779	25532.000
1175.921	24839.000
1176.063	25313.000
1176.205	24784.000
1176.347	24901.000
1176.489	24540.000
1176.631	24781.000
1176.772	24219.000
1176.914	24512.000
1177.056	24023.000
1177.198	24338.000
1177.340	23886.000
1177.482	24032.000
1177.624	23613.000
1177.765	23970.000
1177.907	23610.000
1178.049	23938.000
1178.191	23418.000
1178.333	23904.000
1178.474	23199.000
1178.616	23804.000
1178.758	23183.000
1178.900	23767.000
1179.041	23497.000
1179.183	23982.000
1179.325	23468.000
1179.467	23954.000
1179.608	23551.000
1179.750	24124.000
1179.892	23703.000
1180.033	24258.000
1180.175	24112.000
1180.317	24267.000
1180.458	24152.000
1180.600	24592.000
1180.742	24499.000
1180.883	24642.000
1181.025	24598.000
1181.167	25053.000
1181.308	24926.000
1181.450	25163.000
1181.591	24907.000
1181.733	25253.000
1181.875	25268.000
1182.016	25284.000
1182.158	25167.000
1182.299	25246.000
1182.441	25280.000
1182.582	25317.000
1182.724	25204.000
1182.866	25277.000
1183.007	25352.000
1183.149	25065.000
1183.290	25029.000
1183.432	25111.000
1183.573	24853.000
1183.715	24724.000
1183.856	24553.000
1183.998	24472.000
1184.139	24218.000
1184.280	23987.000
1184.422	23873.000
1184.563	23695.000
1184.705	23503.000
1184.846	23351.000
1184.988	23125.000
1185.129	23152.000
1185.270	22952.000
1185.412	22947.000
1185.553	22429.000
1185.694	22297.000
1185.836	22322.000
1185.977	22110.000
1186.119	21770.000
1186.260	21774.000
1186.401	21984.000
1186.543	21791.000
1186.684	21622.000
1186.825	21608.000
1186.966	21577.000
1187.108	21503.000
1187.249	21504.000
1187.390	21588.000
1187.532	21510.000
1187.673	21476.000
1187.814	21615.000
1187.955	21815.000
1188.097	21609.000
1188.238	21734.000
1188.379	21749.000
1188.520	22133.000
1188.661	22003.000
1188.803	22363.000
1188.944	22428.000
1189.085	22579.000
1189.226	22527.000
1189.367	22956.000
1189.508	23079.000
1189.650	23231.000
1189.791	23495.000
1189.932	23844.000
1190.073	23555.000
1190.214	23917.000
1190.355	23985.000
1190.496	24379.000
1190.637	24286.000
1190.778	24688.000
1190.919	24829.000
1191.061	24555.000
1191.202	24932.000
1191.343	25194.000
1191.484	25071.000
1191.625	25185.000
1191.766	25397.000
1191.907	25430.000
1192.048	25284.000
1192.189	25518.000
1192.330	25414.000
1192.471	25458.000
1192.612	25556.000
1192.753	25324.000
1192.894	25145.000
1193.035	25207.000
1193.175	25050.000
1193.316	24840.000
1193.457	24643.000
1193.598	24779.000
1193.739	24106.000
1193.880	24273.000
1194.021	23928.000
1194.162	24040.000
1194.303	23545.000
1194.444	23719.000
1194.584	23151.000
1194.725	23129.000
1194.866	22858.000
1195.007	22842.000
1195.148	22371.000
1195.289	22474.000
1195.429	22272.000
1195.570	22305.000
1195.711	22037.000
1195.852	22278.000
1195.993	21897.000
1196.133	22024.000
1196.274	21855.000
1196.415	21918.000
1196.556	22040.000
1196.696	22212.000
1196.837	21818.000
1196.978	22233.000
1197.119	22392.000
1197.259	22606.000
1197.400	22614.000
1197.541	22986.000
1197.681	22943.000
1197.822	23104.000
1197.963	23565.000
1198.103	23425.000
1198.244	23489.000
1198.385	23790.000
1198.525	23816.000
1198.666	23605.000
1198.807	23961.000
1198.947	23881.000
1199.088	23560.000
1199.228	23756.000
1199.369	23773.000
1199.509	23527.000
1199.650	23295.000
1199.791	23621.000
1199.931	23501.000
1200.072	23312.000
1200.212	23146.000
1200.353	23079.000
1200.493	22824.000
1200.634	22766.000
1200.774	22637.000
1200.915	22391.000
1201.055	22371.000
1201.196	22212.000
1201.336	22003.000
1201.477	21961.000
1201.617	21929.000
1201.758	21939.000
1201.898	21591.000
1202.039	21577.000
1202.179	21757.000
1202.319	21382.000
1202.460	21456.000
1202.600	21491.000
1202.741	21481.000
1202.881	21301.000
1203.021	21440.000
1203.162	21413.000
1203.302	21330.000
1203.442	21478.000
1203.583	21518.000
1203.723	21268.000
1203.863	21467.000
1204.004	21764.000
1204.144	21559.000
1204.284	21605.000
1204.425	21811.000
1204.565	21698.000
1204.705	21511.000
1204.845	22139.000
1204.986	22138.000
1205.126	21748.000
1205.266	22081.000
1205.406	22180.000
1205.547	21976.000
1205.687	22079.000
1205.827	22300.000
1205.967	21961.000
1206.108	22038.000
1206.248	22240.000
1206.388	21904.000
1206.528	21631.000
1206.668	21942.000
1206.808	21784.000
1206.949	21536.000
1207.089	21511.000
1207.229	21504.000
1207.369	21173.000
1207.509	21007.000
1207.649	21233.000
1207.789	20875.000
1207.929	20671.000
1208.070	20770.000
1208.210	20416.000
1208.350	20365.000
1208.490	20384.000
1208.630	20228.000
1208.770	20114.000
1208.910	20130.000
1209.050	20092.000
1209.190	20072.000
1209.330	19900.000
1209.470	19910.000
1209.610	19902.000
1209.750	19888.000
1209.890	19822.000
1210.030	19950.000
1210.170	19805.000
1210.310	19745.000
1210.450	19875.000
1210.590	19839.000
1210.730	19647.000
1210.870	19640.000
1211.009	19887.000
1211.149	19643.000
1211.289	19685.000
1211.429	19668.000
1211.569	19704.000
1211.709	19548.000
1211.849	19805.000
1211.989	19494.000
1212.128	19506.000
1212.268	19769.000
1212.408	19739.000
1212.548	19557.000
1212.688	19698.000
1212.828	19952.000
1212.967	20705.000
1213.107	19631.000
1213.247	19998.000
1213.387	19910.000
1213.527	19944.000
1213.666	20156.000
1213.806	20123.000
1213.946	20167.000
1214.086	20401.000
1214.225	20243.000
1214.365	20396.000
1214.505	20467.000
1214.644	20683.000
1214.784	20626.000
1214.924	20700.000
1215.064	20896.000
1215.203	20659.000
1215.343	20784.000
1215.483	21017.000
1215.622	20903.000
1215.762	20924.000
1215.901	20944.000
1216.041	21009.000
1216.181	20862.000
1216.320	20956.000
1216.460	20849.000
1216.599	20739.000
1216.739	21045.000
1216.879	20879.000
1217.018	20852.000
1217.158	20682.000
1217.297	20872.000
1217.437	20680.000
1217.576	20759.000
1217.716	20673.000
1217.855	20705.000
1217.995	20621.000
1218.134	20564.000
1218.274	20570.000
1218.413	20796.000
1218.553	20497.000
1218.692	20719.000
1218.832	20576.000
1218.971	20761.000
1219.111	20512.000
1219.250	20494.000
1219.390	20489.000
1219.529	20368.000
1219.669	20326.000
1219.808	20119.000
1219.947	20049.000
1220.087	19987.000
1220.226	19925.000
1220.365	19627.000
1220.505	19806.000
1220.644	19498.000
1220.784	19564.000
1220.923	19266.000
1221.062	19495.000
1221.202	19174.000
1221.341	19249.000
1221.480	19279.000
1221.619	19368.000
1221.759	19338.000
1221.898	19578.000
1222.037	19431.000
1222.177	19611.000
1222.316	19750.000
1222.455	19870.000
1222.594	19935.000
1222.734	20407.000
1222.873	20518.000
1223.012	20620.000
1223.151	20907.000
1223.290	21218.000
1223.430	21169.000
1223.569	21502.000
1223.708	21642.000
1223.847	21694.000
1223.986	22019.000
1224.126	22239.000
1224.265	22202.000
1224.404	22395.000
1224.543	22728.000
1224.682	22630.000
1224.821	22435.000
1224.960	22889.000
1225.099	22811.000
1225.239	22938.000
1225.378	22806.000
1225.517	23083.000
1225.656	22693.000
1225.795	22960.000
1225.934	22679.000
1226.073	22820.000
1226.212	22505.000
1226.351	22673.000
1226.490	22173.000
1226.629	22344.000
1226.768	22753.000
1226.907	23290.000
1227.046	22891.000
1227.185	22613.000
1227.324	22058.000
1227.463	22034.000
1227.602	21427.000
1227.741	21663.000
1227.880	21142.000
1228.019	21349.000
1228.158	21188.000
1228.297	21220.000
1228.435	20982.000
1228.574	21268.000
1228.713	20835.000
1228.852	20865.000
1228.991	20945.000
1229.130	21001.000
1229.269	20498.000
1229.408	20783.000
1229.546	20864.000
1229.685	20487.000
1229.824	20501.000
1229.963	20642.000
1230.102	20312.000
1230.241	20064.000
1230.379	20461.000
1230.518	20341.000
1230.657	19881.000
1230.796	20203.000
1230.934	20026.000
1231.073	19846.000
1231.212	19717.000
1231.351	20034.000
1231.489	19495.000
1231.628	19554.000
1231.767	19619.000
1231.906	19634.000
1232.044	19224.000
1232.183	19668.000
1232.322	19351.000
1232.460	19350.000
1232.599	19171.000
1232.738	19342.000
1232.876	19015.000
1233.015	19230.000
1233.154	19063.000
1233.292	19235.000
1233.431	18753.000
1233.569	18988.000
1233.708	18844.000
1233.847	16635.000
1233.985	18738.000
1234.124	19003.000
1234.262	18566.000
1234.401	18697.000
1234.539	18824.000
1234.678	18699.000
1234.816	18626.000
1234.955	18876.000
1235.094	18846.000
1235.232	18699.000
1235.371	18910.000
1235.509	18819.000
1235.648	18863.000
1235.786	18917.000
1235.924	19000.000
1236.063	18858.000
1236.201	18968.000
1236.340	18993.000
1236.478	18697.000
1236.617	18962.000
1236.755	18900.000
1236.894	18899.000
1237.032	18684.000
1237.170	18799.000
1237.309	18937.000
1237.447	18727.000
1237.586	18746.000
1237.724	18826.000
1237.862	18570.000
1238.001	18660.000
1238.139	18504.000
1238.277	18438.000
1238.416	18272.000
1238.554	18417.000
1238.692	18290.000
1238.831	18320.000
1238.969	18291.000
1239.107	18321.000
1239.245	18302.000
1239.384	18188.000
1239.522	18539.000
1239.660	18325.000
1239.798	18323.000
1239.937	18310.000
1240.075	18471.000
1240.213	18383.000
1240.351	18545.000
1240.490	18587.000
1240.628	18690.000
1240.766	18758.000
1240.904	18885.000
1241.042	18908.000
1241.180	19144.000
1241.319	19273.000
1241.457	20813.000
1241.595	24202.000
1241.733	25338.000
1241.871	24033.000
1242.009	21667.000
1242.147	29334.000
1242.285	22076.000
1242.424	21735.000
1242.562	21567.000
1242.700	21217.000
1242.838	20484.000
1242.976	19975.000
1243.114	19136.000
1243.252	18899.000
1243.390	18781.000
1243.528	18553.000
1243.666	18313.000
1243.804	18258.000
1243.942	18208.000
1244.080	18190.000
1244.218	18018.000
1244.356	17980.000
1244.494	18032.000
1244.632	17696.000
1244.770	17816.000
1244.908	17819.000
1245.046	17852.000
1245.184	17803.000
1245.322	17927.000
1245.460	17983.000
1245.597	18038.000
1245.735	18049.000
1245.873	17939.000
1246.011	18118.000
1246.149	18334.000
1246.287	18308.000
1246.425	18267.000
1246.563	18261.000
1246.700	18563.000
1246.838	18379.000
1246.976	18420.000
1247.114	18460.000
1247.252	18488.000
1247.390	18326.000
1247.527	18518.000
1247.665	18410.000
1247.803	18391.000
1247.941	18442.000
1248.078	18566.000
1248.216	18468.000
1248.354	18501.000
1248.492	18493.000
1248.629	18353.000
1248.767	18316.000
1248.905	18625.000
1249.042	18550.000
1249.180	18237.000
1249.318	18567.000
1249.456	18586.000
1249.593	18584.000
1249.731	18502.000
1249.869	18631.000
1250.006	18478.000
1250.144	18649.000
1250.281	18549.000
1250.419	18644.000
1250.557	18495.000
1250.694	18524.000
1250.832	18440.000
1250.970	18284.000
1251.107	18288.000
1251.245	18072.000
1251.382	18034.000
1251.520	18028.000
1251.657	18043.000
1251.795	17772.000
1251.932	17663.000
1252.070	17802.000
1252.207	17849.000
1252.345	17790.000
1252.483	17844.000
1252.620	17815.000
1252.757	18064.000
1252.895	18120.000
1253.032	18183.000
1253.170	18376.000
1253.307	18698.000
1253.445	18759.000
1253.582	18745.000
1253.720	19079.000
1253.857	19378.000
1253.995	19346.000
1254.132	19438.000
1254.269	19654.000
1254.407	19572.000
1254.544	19853.000
1254.681	19892.000
