1529.702	3399.000
1529.853	3519.000
1530.004	3367.000
1530.155	3602.000
1530.306	3379.000
1530.456	3603.000
1530.607	3343.000
1530.758	3555.000
1530.909	3334.000
1531.059	3546.000
1531.210	3305.000
1531.360	3611.000
1531.511	3385.000
1531.662	3521.000
1531.812	3326.000
1531.963	3625.000
1532.113	3289.000
1532.264	3590.000
1532.415	3302.000
1532.565	3625.000
1532.716	3315.000
1532.866	3516.000
1533.016	3467.000
1533.167	3569.000
1533.317	3397.000
1533.468	3543.000
1533.618	3413.000
1533.768	3547.000
1533.919	3375.000
1534.069	3532.000
1534.219	3378.000
1534.370	3614.000
1534.520	3395.000
1534.670	3545.000
1534.821	3351.000
1534.971	3568.000
1535.121	3437.000
1535.271	3568.000
1535.421	3422.000
1535.571	3592.000
1535.722	3360.000
1535.872	3581.000
1536.022	3335.000
1536.172	3617.000
1536.322	3351.000
1536.472	3565.000
1536.622	3395.000
1536.772	3552.000
1536.922	3385.000
1537.072	3578.000
1537.222	3332.000
1537.372	3528.000
1537.522	3403.000
1537.672	3609.000
1537.822	3326.000
1537.972	3547.000
1538.122	3345.000
1538.271	3559.000
1538.421	3329.000
1538.571	3519.000
1538.721	3403.000
1538.871	3512.000
1539.020	3342.000
1539.170	3498.000
1539.320	3270.000
1539.470	3574.000
1539.619	3382.000
1539.769	3526.000
1539.919	3308.000
1540.068	3526.000
1540.218	3335.000
1540.367	3538.000
1540.517	3366.000
1540.667	3513.000
1540.816	3268.000
1540.966	3511.000
1541.115	3301.000
1541.265	3475.000
1541.414	3340.000
1541.564	3575.000
1541.713	3295.000
1541.863	3515.000
1542.012	3333.000
1542.161	3510.000
1542.311	3293.000
1542.460	3496.000
1542.609	3291.000
1542.759	3476.000
1542.908	3336.000
1543.057	3466.000
1543.207	3297.000
1543.356	3523.000
1543.505	3348.000
1543.654	3516.000
1543.804	3341.000
1543.953	3475.000
1544.102	3268.000
1544.251	3494.000
1544.400	3301.000
1544.549	3540.000
1544.698	3302.000
1544.848	3453.000
1544.997	3291.000
1545.146	3460.000
1545.295	3325.000
1545.444	3558.000
1545.593	3277.000
1545.742	3535.000
1545.891	3323.000
1546.040	3507.000
1546.189	3328.000
1546.337	3488.000
1546.486	3224.000
1546.635	3561.000
1546.784	3280.000
1546.933	3527.000
1547.082	3389.000
1547.231	3554.000
1547.379	3323.000
1547.528	3436.000
1547.677	3283.000
1547.826	3460.000
1547.974	3288.000
1548.123	3523.000
1548.272	3273.000
1548.420	3475.000
1548.569	3221.000
1548.718	3390.000
1548.866	3368.000
1549.015	3507.000
1549.163	3325.000
1549.312	3486.000
1549.461	3277.000
1549.609	3438.000
1549.758	3266.000
1549.906	3453.000
1550.055	3323.000
1550.203	3491.000
1550.352	3281.000
1550.500	3467.000
1550.648	3300.000
1550.797	3479.000
1550.945	3291.000
1551.093	3403.000
1551.242	3290.000
1551.390	3503.000
1551.538	3336.000
1551.687	3443.000
1551.835	3291.000
1551.983	3490.000
1552.131	3320.000
1552.280	3460.000
1552.428	3263.000
1552.576	3421.000
1552.724	3229.000
1552.872	3475.000
1553.021	3328.000
1553.169	3491.000
1553.317	3290.000
1553.465	3515.000
1553.613	3378.000
1553.761	3475.000
1553.909	3522.000
1554.057	3560.000
1554.205	3311.000
1554.353	3480.000
1554.501	3369.000
1554.649	3492.000
1554.797	3341.000
1554.945	3536.000
1555.093	3225.000
1555.240	3511.000
1555.388	3283.000
1555.536	3394.000
1555.684	3315.000
1555.832	3491.000
1555.980	3225.000
1556.127	3475.000
1556.275	3185.000
1556.423	3396.000
1556.571	3277.000
1556.718	3489.000
1556.866	3282.000
1557.014	3489.000
1557.161	3187.000
1557.309	3380.000
1557.456	3268.000
1557.604	3421.000
1557.752	3316.000
1557.899	3511.000
1558.047	3244.000
1558.194	3425.000
1558.342	3209.000
1558.489	3459.000
1558.637	3260.000
1558.784	3508.000
1558.932	3220.000
1559.079	3430.000
1559.227	3187.000
1559.374	3507.000
1559.521	3349.000
1559.669	3391.000
1559.816	3313.000
1559.963	3419.000
1560.111	3221.000
1560.258	3447.000
1560.405	3245.000
1560.552	3515.000
1560.700	3196.000
1560.847	3455.000
1560.994	3226.000
1561.141	3437.000
1561.288	3215.000
1561.436	3497.000
1561.583	3233.000
1561.730	3428.000
1561.877	3187.000
1562.024	3439.000
1562.171	3190.000
1562.318	3406.000
1562.465	3257.000
1562.612	3458.000
1562.759	3244.000
1562.906	3462.000
1563.053	3137.000
1563.200	3486.000
1563.347	3193.000
1563.494	3454.000
1563.641	3215.000
1563.788	3506.000
1563.934	3260.000
1564.081	3452.000
1564.228	3236.000
1564.375	3458.000
1564.522	3237.000
1564.668	3411.000
1564.815	3249.000
1564.962	3477.000
1565.109	3217.000
1565.255	3405.000
1565.402	3249.000
1565.549	3446.000
1565.695	3272.000
1565.842	3451.000
1565.988	3201.000
1566.135	3460.000
1566.282	3237.000
1566.428	3462.000
1566.575	3282.000
1566.721	3499.000
1566.868	3278.000
1567.014	3390.000
1567.161	3225.000
1567.307	3414.000
1567.454	3198.000
1567.600	3481.000
1567.746	3357.000
1567.893	3491.000
1568.039	3222.000
1568.186	3526.000
1568.332	3367.000
1568.478	3417.000
1568.625	3217.000
1568.771	3495.000
1568.917	3260.000
1569.063	3471.000
1569.210	3250.000
1569.356	3479.000
1569.502	3231.000
1569.648	3444.000
1569.794	3263.000
1569.940	3453.000
1570.087	3277.000
1570.233	3461.000
1570.379	3276.000
1570.525	3460.000
1570.671	3250.000
1570.817	3545.000
1570.963	3270.000
1571.109	3429.000
1571.255	3285.000
1571.401	3491.000
1571.547	3228.000
1571.693	3458.000
1571.839	3337.000
1571.985	3469.000
1572.130	3283.000
1572.276	3416.000
1572.422	3248.000
1572.568	3452.000
1572.714	3261.000
1572.860	3451.000
1573.005	3293.000
1573.151	3467.000
1573.297	3264.000
1573.443	3444.000
1573.588	3127.000
1573.734	3510.000
1573.880	3241.000
1574.025	3464.000
1574.171	3241.000
1574.317	3479.000
1574.462	3246.000
1574.608	3417.000
1574.753	3325.000
1574.899	3382.000
1575.045	3200.000
1575.190	3456.000
1575.336	3255.000
1575.481	3438.000
1575.626	3227.000
1575.772	3477.000
1575.917	3344.000
1576.063	3507.000
1576.208	3223.000
1576.354	3469.000
1576.499	3300.000
1576.644	3473.000
1576.790	3208.000
1576.935	3497.000
1577.080	3254.000
1577.225	3373.000
1577.371	3300.000
1577.516	3437.000
1577.661	3246.000
1577.806	3555.000
1577.952	3219.000
1578.097	3341.000
1578.242	3230.000
1578.387	3475.000
1578.532	3290.000
1578.677	3386.000
1578.822	3170.000
1578.967	3475.000
1579.113	3249.000
1579.258	3419.000
1579.403	3206.000
1579.548	3472.000
1579.693	3283.000
1579.838	3441.000
1579.982	3300.000
1580.127	3467.000
1580.272	3258.000
1580.417	3503.000
1580.562	3235.000
1580.707	3398.000
1580.852	3286.000
1580.997	3433.000
1581.141	3177.000
1581.286	3478.000
1581.431	3157.000
1581.576	3379.000
1581.720	3225.000
1581.865	3434.000
1582.010	3246.000
1582.155	3426.000
1582.299	3263.000
1582.444	3350.000
1582.589	3207.000
1582.733	3420.000
1582.878	3322.000
1583.022	3377.000
1583.167	3339.000
1583.311	3504.000
1583.456	3297.000
1583.601	3501.000
1583.745	3257.000
1583.890	3395.000
1584.034	3271.000
1584.178	3471.000
1584.323	3280.000
1584.467	3457.000
1584.612	3212.000
1584.756	3495.000
1584.900	3210.000
1585.045	3440.000
1585.189	3201.000
1585.333	3459.000
1585.478	3235.000
1585.622	3517.000
1585.766	3181.000
1585.910	3536.000
1586.055	3208.000
1586.199	3459.000
1586.343	3241.000
1586.487	3431.000
1586.631	3248.000
1586.775	3381.000
1586.920	3229.000
1587.064	3443.000
1587.208	3199.000
1587.352	3408.000
1587.496	3223.000
1587.640	3431.000
1587.784	3327.000
1587.928	3480.000
1588.072	3273.000
1588.216	3422.000
1588.360	3192.000
1588.504	3490.000
1588.648	3112.000
1588.792	3448.000
1588.935	3262.000
1589.079	3435.000
1589.223	3282.000
1589.367	3381.000
1589.511	3151.000
1589.655	3363.000
1589.798	3259.000
1589.942	3522.000
1590.086	3245.000
1590.230	3425.000
1590.373	3162.000
1590.517	3474.000
1590.661	3230.000
1590.804	3394.000
1590.948	3170.000
1591.091	3478.000
1591.235	3279.000
1591.379	3425.000
1591.522	3218.000
1591.666	3440.000
1591.809	3227.000
1591.953	3471.000
1592.096	3288.000
1592.240	3352.000
1592.383	3158.000
1592.527	3441.000
1592.670	3236.000
1592.814	3520.000
1592.957	3201.000
1593.100	3464.000
1593.244	3221.000
1593.387	3431.000
1593.530	3257.000
1593.674	3424.000
1593.817	3239.000
1593.960	3454.000
1594.103	3226.000
1594.247	3411.000
1594.390	3251.000
1594.533	3502.000
1594.676	3264.000
1594.819	3504.000
1594.963	3235.000
1595.106	3374.000
1595.249	3178.000
1595.392	3476.000
1595.535	3214.000
1595.678	3399.000
1595.821	3207.000
1595.964	3406.000
1596.107	3203.000
1596.250	3421.000
1596.393	3267.000
1596.536	3483.000
1596.679	3288.000
1596.822	3502.000
1596.965	3310.000
1597.108	3456.000
1597.251	3233.000
1597.393	3440.000
1597.536	3284.000
1597.679	3424.000
1597.822	3190.000
1597.965	3471.000
1598.107	3218.000
1598.250	3387.000
1598.393	3214.000
1598.536	3430.000
1598.678	3229.000
1598.821	3461.000
1598.964	3202.000
1599.106	3418.000
1599.249	3202.000
1599.392	3387.000
1599.534	3314.000
1599.677	3397.000
1599.819	3183.000
1599.962	3413.000
1600.104	3186.000
1600.247	3467.000
1600.389	3309.000
1600.532	3363.000
1600.674	3201.000
1600.817	3370.000
1600.959	3242.000
1601.102	3443.000
1601.244	3271.000
1601.386	3496.000
1601.529	3203.000
1601.671	3435.000
1601.813	3241.000
1601.956	3475.000
1602.098	3195.000
1602.240	3455.000
1602.382	3261.000
1602.525	3474.000
1602.667	3243.000
1602.809	3326.000
1602.951	3177.000
1603.093	3440.000
1603.236	3172.000
1603.378	3388.000
1603.520	3204.000
1603.662	3406.000
1603.804	3206.000
1603.946	3392.000
1604.088	3210.000
1604.230	3453.000
1604.372	3112.000
1604.514	3475.000
1604.656	3223.000
1604.798	3391.000
1604.940	3256.000
1605.082	3461.000
1605.224	3226.000
1605.366	3402.000
1605.507	3161.000
1605.649	3409.000
1605.791	3217.000
1605.933	3395.000
1606.075	3168.000
1606.217	3389.000
1606.358	3346.000
1606.500	3437.000
1606.642	3225.000
1606.783	3460.000
1606.925	3179.000
1607.067	3404.000
1607.209	3169.000
1607.350	3430.000
1607.492	3165.000
1607.633	3533.000
1607.775	3214.000
1607.917	3474.000
1608.058	3211.000
1608.200	3443.000
1608.341	3254.000
1608.483	3463.000
1608.624	3204.000
1608.766	3442.000
1608.907	3252.000
1609.049	3512.000
1609.190	3365.000
1609.331	3462.000
1609.473	3156.000
1609.614	3482.000
1609.755	3347.000
1609.897	3472.000
1610.038	3421.000
1610.179	3502.000
1610.321	3159.000
1610.462	3400.000
1610.603	3137.000
1610.744	3432.000
1610.886	3217.000
1611.027	3479.000
1611.168	3193.000
1611.309	3390.000
1611.450	3162.000
1611.591	3381.000
1611.732	3223.000
1611.874	3470.000
1612.015	3175.000
1612.156	3436.000
1612.297	3117.000
1612.438	3406.000
1612.579	3199.000
1612.720	3412.000
1612.861	3185.000
1613.002	3378.000
1613.143	3272.000
1613.283	3339.000
1613.424	3200.000
1613.565	3430.000
1613.706	3149.000
1613.847	3395.000
1613.988	3138.000
1614.129	3440.000
1614.269	3224.000
1614.410	3313.000
1614.551	3179.000
1614.692	3393.000
1614.832	3172.000
1614.973	3326.000
1615.114	3092.000
1615.254	3375.000
1615.395	3234.000
1615.536	3422.000
1615.676	3194.000
1615.817	3464.000
1615.958	3202.000
1616.098	3390.000
1616.239	3179.000
1616.379	3365.000
1616.520	3104.000
1616.660	3365.000
1616.801	3244.000
1616.941	3407.000
1617.082	3171.000
1617.222	3414.000
1617.362	3160.000
1617.503	3417.000
1617.643	3113.000
1617.784	3398.000
1617.924	3128.000
1618.064	3322.000
1618.205	3123.000
1618.345	3331.000
1618.485	3241.000
1618.625	3346.000
1618.766	3135.000
1618.906	3382.000
1619.046	3195.000
1619.186	3387.000
1619.326	3154.000
1619.467	3382.000
1619.607	3174.000
1619.747	3343.000
1619.887	3136.000
1620.027	3399.000
1620.167	3152.000
1620.307	3325.000
1620.447	3139.000
1620.587	3318.000
1620.727	3130.000
1620.867	3285.000
1621.007	3109.000
1621.147	3388.000
1621.287	3235.000
1621.427	3303.000
1621.567	3151.000
1621.707	3351.000
1621.847	3155.000
1621.986	3318.000
1622.126	3102.000
1622.266	3331.000
1622.406	3096.000
1622.546	3326.000
1622.685	3131.000
1622.825	3362.000
1622.965	3117.000
1623.105	3328.000
1623.244	3084.000
1623.384	3350.000
1623.524	3125.000
1623.663	3324.000
1623.803	3180.000
1623.942	3323.000
1624.082	3091.000
1624.222	3322.000
1624.361	3208.000
1624.501	3395.000
1624.640	3149.000
1624.780	3304.000
1624.919	3178.000
1625.059	3306.000
1625.198	3116.000
1625.337	3340.000
1625.477	3158.000
1625.616	3319.000
1625.756	3088.000
1625.895	3304.000
1626.034	3096.000
1626.174	3361.000
1626.313	3154.000
1626.452	3373.000
1626.591	3083.000
1626.731	3378.000
1626.870	3112.000
1627.009	3379.000
1627.148	3108.000
1627.288	3395.000
1627.427	3101.000
1627.566	3330.000
1627.705	3136.000
1627.844	3303.000
1627.983	3117.000
1628.122	3404.000
1628.261	3124.000
1628.400	3310.000
1628.539	3171.000
1628.678	3298.000
1628.817	3153.000
1628.956	3370.000
1629.095	3133.000
1629.234	3283.000
1629.373	3119.000
1629.512	3331.000
1629.651	3187.000
1629.790	3292.000
1629.929	3173.000
1630.068	3305.000
1630.206	3161.000
1630.345	3407.000
1630.484	3162.000
1630.623	3299.000
1630.762	3233.000
1630.900	3366.000
1631.039	3137.000
1631.178	3392.000
1631.316	3175.000
1631.455	3361.000
1631.594	3195.000
1631.732	3378.000
1631.871	3165.000
1632.010	3320.000
1632.148	3129.000
1632.287	3377.000
1632.425	3192.000
1632.564	3317.000
1632.702	3216.000
1632.841	3379.000
1632.979	3155.000
1633.118	3276.000
1633.256	3107.000
1633.395	3402.000
1633.533	3157.000
1633.671	3342.000
1633.810	3180.000
1633.948	3433.000
1634.086	3348.000
1634.225	3386.000
1634.363	3173.000
1634.501	3351.000
1634.640	3138.000
1634.778	3409.000
1634.916	3144.000
1635.054	3400.000
1635.192	3157.000
1635.331	3269.000
1635.469	3213.000
1635.607	3349.000
1635.745	3132.000
1635.883	3344.000
1636.021	3155.000
1636.159	3413.000
1636.297	3158.000
1636.435	3343.000
1636.573	3139.000
1636.711	3300.000
1636.849	3163.000
1636.987	3379.000
1637.125	3160.000
1637.263	3331.000
1637.401	3295.000
1637.539	3451.000
1637.677	3234.000
1637.815	3613.000
1637.953	3497.000
1638.091	3961.000
1638.228	4084.000
1638.366	3607.000
1638.504	3299.000
1638.642	3385.000
1638.779	3174.000
1638.917	3297.000
1639.055	3148.000
1639.193	3276.000
1639.330	3165.000
1639.468	3339.000
1639.606	3153.000
1639.743	3354.000
1639.881	3159.000
1640.018	3370.000
1640.156	3149.000
1640.294	3300.000
1640.431	3161.000
1640.569	3320.000
1640.706	3196.000
1640.844	3327.000
1640.981	3160.000
1641.119	3280.000
1641.256	3169.000
1641.393	3377.000
1641.531	3205.000
1641.668	3355.000
1641.806	3155.000
1641.943	3296.000
1642.080	3150.000
1642.218	3309.000
1642.355	3143.000
1642.492	3383.000
1642.629	3150.000
1642.767	3389.000
1642.904	3142.000
1643.041	3315.000
1643.178	3173.000
1643.315	3320.000
1643.453	3106.000
1643.590	3372.000
1643.727	3155.000
1643.864	3379.000
1644.001	3203.000
1644.138	3399.000
1644.275	3136.000
1644.412	3411.000
1644.549	3183.000
1644.686	3367.000
1644.823	3166.000
1644.960	3406.000
1645.097	3149.000
1645.234	3402.000
1645.371	3178.000
1645.508	3424.000
1645.645	3131.000
1645.782	3379.000
1645.918	3157.000
1646.055	3379.000
1646.192	3199.000
1646.329	3388.000
1646.466	3214.000
1646.602	3416.000
1646.739	3242.000
1646.876	3330.000
1647.013	3179.000
1647.149	3414.000
1647.286	3151.000
1647.423	3397.000
1647.559	3149.000
1647.696	3398.000
1647.833	3162.000
1647.969	3393.000
1648.106	3147.000
1648.242	3440.000
1648.379	3252.000
1648.515	3399.000
1648.652	3115.000
1648.788	3351.000
1648.925	3172.000
1649.061	3340.000
1649.198	3194.000
1649.334	3363.000
1649.470	3225.000
1649.607	3380.000
1649.743	3178.000
1649.879	3407.000
1650.016	3219.000
1650.152	3398.000
1650.288	3185.000
1650.425	3423.000
1650.561	3179.000
1650.697	3372.000
1650.833	3164.000
1650.970	3346.000
1651.106	3117.000
1651.242	3387.000
1651.378	3229.000
1651.514	3303.000
1651.650	3232.000
1651.787	3471.000
1651.923	3144.000
1652.059	3410.000
1652.195	3232.000
1652.331	3371.000
1652.467	3161.000
1652.603	3324.000
1652.739	3160.000
1652.875	3345.000
1653.011	3175.000
1653.147	3372.000
1653.282	3169.000
1653.418	3378.000
1653.554	3158.000
1653.690	3450.000
1653.826	3214.000
1653.962	3401.000
1654.098	3249.000
1654.233	3386.000
1654.369	3204.000
1654.505	3409.000
1654.641	2847.000
1654.776	3337.000
1654.912	3179.000
1655.048	3310.000
1655.183	3098.000
1655.319	3338.000
1655.455	3155.000
1655.590	3381.000
1655.726	3243.000
1655.862	3350.000
1655.997	3188.000
1656.133	3339.000
1656.268	3172.000
1656.404	3394.000
1656.539	3218.000
1656.675	3373.000
1656.810	3129.000
1656.946	3374.000
1657.081	3120.000
1657.216	3342.000
1657.352	3199.000
1657.487	3307.000
1657.623	3172.000
1657.758	3375.000
1657.893	3104.000
1658.029	3381.000
1658.164	3130.000
1658.299	3461.000
1658.434	3198.000
1658.570	3326.000
1658.705	3204.000
1658.840	3326.000
1658.975	3152.000
1659.110	3281.000
1659.245	3092.000
1659.381	3262.000
1659.516	3113.000
1659.651	3404.000
1659.786	3164.000
1659.921	3350.000
1660.056	3110.000
1660.191	3280.000
1660.326	3123.000
1660.461	3305.000
1660.596	3044.000
1660.731	3289.000
1660.866	3068.000
1661.001	3270.000
1661.136	3072.000
1661.271	3288.000
1661.406	3203.000
1661.540	3315.000
1661.675	3078.000
1661.810	3403.000
1661.945	3048.000
1662.080	3338.000
1662.214	3138.000
1662.349	3356.000
1662.484	3109.000
1662.619	3448.000
1662.753	4774.000
1662.888	3372.000
1663.023	3155.000
1663.157	3330.000
1663.292	3160.000
1663.427	3294.000
1663.561	3049.000
1663.696	3302.000
1663.830	3229.000
1663.965	3393.000
1664.099	3179.000
1664.234	3315.000
1664.368	3116.000
1664.503	3325.000
1664.637	3204.000
1664.772	3400.000
1664.906	3145.000
1665.041	3318.000
1665.175	3131.000
1665.309	3377.000
1665.444	3188.000
1665.578	3374.000
1665.712	3181.000
1665.847	3376.000
1665.981	3153.000
1666.115	3365.000
1666.249	3100.000
1666.384	3311.000
1666.518	3097.000
1666.652	3404.000
1666.786	3144.000
1666.920	3336.000
1667.055	3143.000
1667.189	3402.000
1667.323	3173.000
1667.457	3392.000
1667.591	3151.000
1667.725	3347.000
1667.859	3057.000
1667.993	3374.000
1668.127	3087.000
1668.261	3399.000
1668.395	3123.000
1668.529	3399.000
1668.663	3191.000
1668.797	3441.000
1668.931	3252.000
1669.065	3584.000
1669.199	3261.000
1669.332	3634.000
1669.466	3459.000
1669.600	3640.000
1669.734	3262.000
1669.868	3716.000
1670.001	3689.000
1670.135	3647.000
1670.269	3286.000
1670.403	3350.000
1670.536	3199.000
1670.670	3334.000
1670.804	3164.000
1670.937	3351.000
1671.071	3211.000
1671.205	3427.000
1671.338	3142.000
1671.472	3329.000
1671.605	3090.000
1671.739	3323.000
1671.872	3218.000
1672.006	3395.000
1672.139	3183.000
1672.273	3323.000
1672.406	3206.000
1672.540	3387.000
1672.673	3198.000
1672.807	3427.000
1672.940	3185.000
1673.073	3411.000
1673.207	3175.000
1673.340	3347.000
1673.473	3165.000
1673.607	3385.000
1673.740	3193.000
1673.873	3268.000
1674.006	3231.000
1674.140	3402.000
1674.273	3235.000
1674.406	3332.000
1674.539	3149.000
1674.672	3280.000
1674.805	3225.000
1674.939	3433.000
