1349.911	2261.000
1350.059	2382.000
1350.208	2194.000
1350.356	2509.000
1350.505	2223.000
1350.653	2485.000
1350.801	2201.000
1350.949	2449.000
1351.098	2208.000
1351.246	2460.000
1351.394	2160.000
1351.543	2487.000
1351.691	2238.000
1351.839	2429.000
1351.987	2186.000
1352.135	2506.000
1352.284	2154.000
1352.432	2515.000
1352.580	2162.000
1352.728	2483.000
1352.876	2160.000
1353.024	2391.000
1353.172	2316.000
1353.320	2434.000
1353.469	2283.000
1353.617	2429.000
1353.765	2241.000
1353.913	2424.000
1354.061	2210.000
1354.209	2420.000
1354.357	2210.000
1354.505	2485.000
1354.653	2264.000
1354.801	2451.000
1354.948	2192.000
1355.096	2433.000
1355.244	2267.000
1355.392	2418.000
1355.540	2241.000
1355.688	2483.000
1355.836	2192.000
1355.984	2478.000
1356.132	2186.000
1356.279	2493.000
1356.427	2201.000
1356.575	2446.000
1356.723	2238.000
1356.870	2413.000
1357.018	2216.000
1357.166	2456.000
1357.314	2161.000
1357.461	2413.000
1357.609	2225.000
1357.757	2485.000
1357.904	2160.000
1358.052	2443.000
1358.200	2156.000
1358.347	2456.000
1358.495	2173.000
1358.643	2387.000
1358.790	2256.000
1358.938	2392.000
1359.085	2193.000
1359.233	2376.000
1359.380	2156.000
1359.528	2467.000
1359.675	2213.000
1359.823	2399.000
1359.970	2186.000
1360.118	2404.000
1360.265	2196.000
1360.413	2413.000
1360.560	2218.000
1360.708	2408.000
1360.855	2135.000
1361.002	2400.000
1361.150	2187.000
1361.297	2382.000
1361.445	2193.000
1361.592	2480.000
1361.739	2161.000
1361.887	2390.000
1362.034	2175.000
1362.181	2427.000
1362.328	2186.000
1362.476	2375.000
1362.623	2161.000
1362.770	2403.000
1362.917	2205.000
1363.065	2382.000
1363.212	2180.000
1363.359	2441.000
1363.506	2246.000
1363.653	2417.000
1363.800	2202.000
1363.947	2403.000
1364.095	2147.000
1364.242	2423.000
1364.389	2171.000
1364.536	2450.000
1364.683	2174.000
1364.830	2340.000
1364.977	2151.000
1365.124	2354.000
1365.271	2192.000
1365.418	2460.000
1365.565	2180.000
1365.712	2392.000
1365.859	2195.000
1366.006	2382.000
1366.153	2232.000
1366.300	2412.000
1366.447	2067.000
1366.593	2407.000
1366.740	2176.000
1366.887	2369.000
1367.034	2188.000
1367.181	2457.000
1367.328	2230.000
1367.474	2405.000
1367.621	2200.000
1367.768	2343.000
1367.915	2207.000
1368.062	2473.000
1368.208	2156.000
1368.355	2414.000
1368.502	2150.000
1368.648	2309.000
1368.795	2255.000
1368.942	2417.000
1369.088	2196.000
1369.235	2423.000
1369.382	2172.000
1369.528	2339.000
1369.675	2141.000
1369.821	2366.000
1369.968	2200.000
1370.115	2365.000
1370.261	2140.000
1370.408	2387.000
1370.554	2217.000
1370.701	2395.000
1370.847	2128.000
1370.994	2315.000
1371.140	2174.000
1371.287	2400.000
1371.433	2195.000
1371.579	2344.000
1371.726	2156.000
1371.872	2393.000
1372.019	2194.000
1372.165	2356.000
1372.311	2111.000
1372.458	2309.000
1372.604	2124.000
1372.750	2409.000
1372.897	2172.000
1373.043	2411.000
1373.189	2153.000
1373.336	2405.000
1373.482	2163.000
1373.628	2324.000
1373.774	2155.000
1373.921	2378.000
1374.067	2094.000
1374.213	2351.000
1374.359	2187.000
1374.505	2337.000
1374.651	2181.000
1374.798	2414.000
1374.944	2085.000
1375.090	2379.000
1375.236	2144.000
1375.382	2298.000
1375.528	2166.000
1375.674	2376.000
1375.820	2108.000
1375.966	2374.000
1376.112	2073.000
1376.258	2310.000
1376.404	2149.000
1376.550	2369.000
1376.696	2158.000
1376.842	2394.000
1376.988	2058.000
1377.134	2281.000
1377.280	2151.000
1377.426	2337.000
1377.572	2171.000
1377.717	2417.000
1377.863	2120.000
1378.009	2326.000
1378.155	2102.000
1378.301	2378.000
1378.447	2152.000
1378.592	2425.000
1378.738	2090.000
1378.884	2325.000
1379.030	2057.000
1379.175	2414.000
1379.321	2218.000
1379.467	2302.000
1379.613	2212.000
1379.758	2335.000
1379.904	2108.000
1380.050	2361.000
1380.195	2152.000
1380.341	2404.000
1380.486	2087.000
1380.632	2384.000
1380.778	2102.000
1380.923	2337.000
1381.069	2117.000
1381.214	2422.000
1381.360	2153.000
1381.505	2353.000
1381.651	2073.000
1381.796	2344.000
1381.942	2099.000
1382.087	2320.000
1382.233	2139.000
1382.378	2354.000
1382.524	2135.000
1382.669	2373.000
1382.814	2040.000
1382.960	2368.000
1383.105	2089.000
1383.251	2353.000
1383.396	2120.000
1383.541	2403.000
1383.687	2143.000
1383.832	2353.000
1383.977	2109.000
1384.122	2376.000
1384.268	2123.000
1384.413	2305.000
1384.558	2142.000
1384.703	2381.000
1384.849	2066.000
1384.994	2305.000
1385.139	2124.000
1385.284	2320.000
1385.429	2152.000
1385.575	2318.000
1385.720	2073.000
1385.865	2360.000
1386.010	2142.000
1386.155	2360.000
1386.300	2182.000
1386.445	2399.000
1386.590	2141.000
1386.735	2308.000
1386.880	2098.000
1387.025	2326.000
1387.170	2091.000
1387.315	2381.000
1387.460	2196.000
1387.605	2397.000
1387.750	2119.000
1387.895	2422.000
1388.040	2220.000
1388.185	2318.000
1388.330	2106.000
1388.475	2386.000
1388.620	2153.000
1388.764	2353.000
1388.909	2115.000
1389.054	2408.000
1389.199	2119.000
1389.344	2328.000
1389.489	2137.000
1389.633	2345.000
1389.778	2138.000
1389.923	2341.000
1390.068	2159.000
1390.212	2377.000
1390.357	2156.000
1390.502	2425.000
1390.646	2163.000
1390.791	2332.000
1390.936	2137.000
1391.080	2361.000
1391.225	2106.000
1391.370	2368.000
1391.514	2185.000
1391.659	2343.000
1391.803	2129.000
1391.948	2308.000
1392.092	2104.000
1392.237	2326.000
1392.381	2133.000
1392.526	2364.000
1392.670	2177.000
1392.815	2363.000
1392.959	2128.000
1393.104	2353.000
1393.248	1998.000
1393.393	2386.000
1393.537	2125.000
1393.682	2346.000
1393.826	2117.000
1393.970	2373.000
1394.115	2101.000
1394.259	2347.000
1394.403	2204.000
1394.548	2275.000
1394.692	2059.000
1394.836	2362.000
1394.981	2111.000
1395.125	2319.000
1395.269	2108.000
1395.413	2408.000
1395.558	2207.000
1395.702	2351.000
1395.846	2115.000
1395.990	2350.000
1396.134	2174.000
1396.278	2368.000
1396.423	2089.000
1396.567	2393.000
1396.711	2112.000
1396.855	2279.000
1396.999	2164.000
1397.143	2331.000
1397.287	2119.000
1397.431	2431.000
1397.575	2130.000
1397.719	2240.000
1397.863	2149.000
1398.007	2379.000
1398.151	2167.000
1398.295	2303.000
1398.439	2066.000
1398.583	2385.000
1398.727	2127.000
1398.871	2334.000
1399.015	2090.000
1399.159	2360.000
1399.303	2150.000
1399.447	2351.000
1399.590	2190.000
1399.734	2375.000
1399.878	2136.000
1400.022	2416.000
1400.166	2111.000
1400.310	2307.000
1400.453	2174.000
1400.597	2337.000
1400.741	2046.000
1400.885	2362.000
1401.028	2062.000
1401.172	2288.000
1401.316	2125.000
1401.459	2348.000
1401.603	2137.000
1401.747	2322.000
1401.890	2121.000
1402.034	2253.000
1402.178	2104.000
1402.321	2348.000
1402.465	2228.000
1402.608	2288.000
1402.752	2146.000
1402.895	2287.000
1403.039	2159.000
1403.182	2359.000
1403.326	2093.000
1403.469	2263.000
1403.613	2119.000
1403.756	2314.000
1403.900	2131.000
1404.043	2354.000
1404.187	2076.000
1404.330	2387.000
1404.474	2059.000
1404.617	2339.000
1404.760	2088.000
1404.904	2379.000
1405.047	2149.000
1405.190	2446.000
1405.334	2104.000
1405.477	2422.000
1405.620	2132.000
1405.764	2343.000
1405.907	2131.000
1406.050	2320.000
1406.193	2122.000
1406.336	2307.000
1406.480	2108.000
1406.623	2359.000
1406.766	2083.000
1406.909	2329.000
1407.052	2128.000
1407.196	2332.000
1407.339	2211.000
1407.482	2393.000
1407.625	2206.000
1407.768	2329.000
1407.911	2073.000
1408.054	2396.000
1408.197	2092.000
1408.340	2362.000
1408.483	2164.000
1408.626	2345.000
1408.769	2216.000
1408.912	2279.000
1409.055	2046.000
1409.198	2300.000
1409.341	2163.000
1409.484	2392.000
1409.627	2123.000
1409.770	2327.000
1409.913	2070.000
1410.056	2381.000
1410.199	2145.000
1410.341	2343.000
1410.484	2075.000
1410.627	2385.000
1410.770	2191.000
1410.913	2333.000
1411.055	2128.000
1411.198	2345.000
1411.341	2096.000
1411.484	2378.000
1411.626	2188.000
1411.769	2274.000
1411.912	2068.000
1412.055	2352.000
1412.197	2140.000
1412.340	2392.000
1412.483	2069.000
1412.625	2403.000
1412.768	2135.000
1412.910	2323.000
1413.053	2142.000
1413.196	2354.000
1413.338	2145.000
1413.481	2375.000
1413.623	2162.000
1413.766	2365.000
1413.908	2160.000
1414.051	2409.000
1414.193	2156.000
1414.336	2395.000
1414.478	2153.000
1414.621	2314.000
1414.763	2091.000
1414.906	2414.000
1415.048	2115.000
1415.190	2324.000
1415.333	2133.000
1415.475	2314.000
1415.618	2087.000
1415.760	2309.000
1415.902	2143.000
1416.044	2320.000
1416.187	2151.000
1416.329	2362.000
1416.471	2184.000
1416.614	2329.000
1416.756	2135.000
1416.898	2375.000
1417.040	2198.000
1417.183	2363.000
1417.325	2133.000
1417.467	2406.000
1417.609	2109.000
1417.751	2319.000
1417.893	2137.000
1418.036	2337.000
1418.178	2134.000
1418.320	2378.000
1418.462	2106.000
1418.604	2326.000
1418.746	2106.000
1418.888	2285.000
1419.030	2185.000
1419.172	2335.000
1419.314	2071.000
1419.456	2374.000
1419.598	2077.000
1419.740	2373.000
1419.882	2206.000
1420.024	2302.000
1420.166	2105.000
1420.308	2305.000
1420.450	2171.000
1420.592	2357.000
1420.733	2158.000
1420.875	2379.000
1421.017	2127.000
1421.159	2357.000
1421.301	2159.000
1421.443	2363.000
1421.584	2113.000
1421.726	2396.000
1421.868	2158.000
1422.010	2397.000
1422.152	2154.000
1422.293	2243.000
1422.435	2083.000
1422.577	2346.000
1422.718	2078.000
1422.860	2315.000
1423.002	2140.000
1423.143	2334.000
1423.285	2126.000
1423.427	2331.000
1423.568	2126.000
1423.710	2390.000
1423.851	2004.000
1423.993	2376.000
1424.135	2138.000
1424.276	2328.000
1424.418	2174.000
1424.559	2369.000
1424.701	2110.000
1424.842	2335.000
1424.984	2121.000
1425.125	2334.000
1425.267	2142.000
1425.408	2342.000
1425.549	2065.000
1425.691	2333.000
1425.832	2243.000
1425.974	2372.000
1426.115	2122.000
1426.256	2358.000
1426.398	2092.000
1426.539	2335.000
1426.680	2081.000
1426.822	2351.000
1426.963	2091.000
1427.104	2421.000
1427.245	2127.000
1427.387	2366.000
1427.528	2137.000
1427.669	2352.000
1427.810	2167.000
1427.952	2388.000
1428.093	2040.000
1428.234	2304.000
1428.375	2128.000
1428.516	2367.000
1428.657	2160.000
1428.798	2333.000
1428.940	2062.000
1429.081	2367.000
1429.222	2135.000
1429.363	2322.000
1429.504	2128.000
1429.645	2334.000
1429.786	2068.000
1429.927	2342.000
1430.068	2083.000
1430.209	2377.000
1430.350	2149.000
1430.491	2398.000
1430.632	2122.000
1430.773	2314.000
1430.914	2081.000
1431.054	2289.000
1431.195	2172.000
1431.336	2450.000
1431.477	2113.000
1431.618	2362.000
1431.759	2056.000
1431.900	2334.000
1432.040	2169.000
1432.181	2351.000
1432.322	2124.000
1432.463	2302.000
1432.603	2230.000
1432.744	2298.000
1432.885	2141.000
1433.026	2375.000
1433.166	2086.000
1433.307	2336.000
1433.448	2085.000
1433.588	2390.000
1433.729	2177.000
1433.870	2294.000
1434.010	2123.000
1434.151	2343.000
1434.292	2165.000
1434.432	2263.000
1434.573	2055.000
1434.713	2353.000
1434.854	2198.000
1434.994	2327.000
1435.135	2142.000
1435.275	2428.000
1435.416	2131.000
1435.556	2345.000
1435.697	2132.000
1435.837	2335.000
1435.978	2052.000
1436.118	2292.000
1436.258	2189.000
1436.399	2388.000
1436.539	2103.000
1436.680	2385.000
1436.820	2109.000
1436.960	2353.000
1437.101	2055.000
1437.241	2337.000
1437.381	2102.000
1437.522	2273.000
1437.662	2083.000
1437.802	2301.000
1437.942	2199.000
1438.083	2323.000
1438.223	2113.000
1438.363	2319.000
1438.503	2158.000
1438.643	2326.000
1438.784	2100.000
1438.924	2365.000
1439.064	2140.000
1439.204	2323.000
1439.344	2093.000
1439.484	2375.000
1439.624	2115.000
1439.764	2329.000
1439.904	2116.000
1440.044	2324.000
1440.184	2110.000
1440.324	2265.000
1440.464	2085.000
1440.604	2375.000
1440.744	2199.000
1440.884	2328.000
1441.024	2112.000
1441.164	2333.000
1441.304	2129.000
1441.444	2315.000
1441.584	2099.000
1441.724	2313.000
1441.864	2060.000
1442.004	2313.000
1442.144	2135.000
1442.283	2331.000
1442.423	2104.000
1442.563	2307.000
1442.703	2101.000
1442.843	2384.000
1442.982	2131.000
1443.122	2327.000
1443.262	2147.000
1443.402	2338.000
1443.541	2059.000
1443.681	2316.000
1443.821	2173.000
1443.960	2388.000
1444.100	2128.000
1444.240	2306.000
1444.379	2167.000
1444.519	2304.000
1444.659	2082.000
1444.798	2356.000
1444.938	2118.000
1445.077	2331.000
1445.217	2125.000
1445.356	2325.000
1445.496	2081.000
1445.635	2360.000
1445.775	2153.000
1445.914	2374.000
1446.054	2090.000
1446.193	2358.000
1446.333	2110.000
1446.472	2359.000
1446.612	2125.000
1446.751	2415.000
1446.890	2095.000
1447.030	2324.000
1447.169	2123.000
1447.309	2297.000
1447.448	2109.000
1447.587	2403.000
1447.727	2131.000
1447.866	2308.000
1448.005	2141.000
1448.144	2322.000
1448.284	2138.000
1448.423	2392.000
1448.562	2150.000
1448.701	2288.000
1448.841	2126.000
1448.980	2339.000
1449.119	2194.000
1449.258	2300.000
1449.397	2147.000
1449.536	2315.000
1449.676	2193.000
1449.815	2430.000
1449.954	2151.000
1450.093	2321.000
1450.232	2205.000
1450.371	2355.000
1450.510	2142.000
1450.649	2431.000
1450.788	2202.000
1450.927	2377.000
1451.066	2196.000
1451.205	2403.000
1451.344	2181.000
1451.483	2366.000
1451.622	2151.000
1451.761	2419.000
1451.900	2200.000
1452.039	2355.000
1452.178	2215.000
1452.316	2394.000
1452.455	2166.000
1452.594	2348.000
1452.733	2131.000
1452.872	2410.000
1453.011	2176.000
1453.149	2396.000
1453.288	2213.000
1453.427	2471.000
1453.566	2313.000
1453.704	2415.000
1453.843	2227.000
1453.982	2406.000
1454.121	2180.000
1454.259	2471.000
1454.398	2195.000
1454.537	2500.000
1454.675	2242.000
1454.814	2395.000
1454.952	2310.000
1455.091	2464.000
1455.230	2253.000
1455.368	2480.000
1455.507	2293.000
1455.645	2542.000
1455.784	2321.000
1455.922	2498.000
1456.061	2324.000
1456.199	2476.000
1456.338	2320.000
1456.476	2559.000
1456.615	2346.000
1456.753	2553.000
1456.892	2433.000
1457.030	2575.000
1457.169	2363.000
1457.307	2675.000
1457.445	2381.000
1457.584	2584.000
1457.722	2405.000
1457.860	2553.000
1457.999	2403.000
1458.137	2594.000
1458.275	2445.000
1458.414	2544.000
1458.552	2433.000
1458.690	2545.000
1458.828	2460.000
1458.967	2628.000
1459.105	2441.000
1459.243	2627.000
1459.381	2416.000
1459.519	2676.000
1459.658	2395.000
1459.796	2610.000
1459.934	2464.000
1460.072	2625.000
1460.210	2459.000
1460.348	2610.000
1460.486	2441.000
1460.624	2624.000
1460.762	2492.000
1460.900	2690.000
1461.038	2530.000
1461.176	2653.000
1461.314	2489.000
1461.452	2639.000
1461.590	2474.000
1461.728	2673.000
1461.866	2478.000
1462.004	2763.000
1462.142	2527.000
1462.280	2756.000
1462.418	2537.000
1462.556	2713.000
1462.694	2559.000
1462.832	2693.000
1462.970	2504.000
1463.107	2809.000
1463.245	2569.000
1463.383	2803.000
1463.521	2627.000
1463.659	2884.000
1463.796	2599.000
1463.934	2856.000
1464.072	2609.000
1464.210	2810.000
1464.347	2620.000
1464.485	2836.000
1464.623	2583.000
1464.760	2896.000
1464.898	2647.000
1465.036	2862.000
1465.173	2586.000
1465.311	2841.000
1465.448	2595.000
1465.586	2830.000
1465.724	2606.000
1465.861	2832.000
1465.999	2621.000
1466.136	2836.000
1466.274	2584.000
1466.411	2719.000
1466.549	2576.000
1466.686	2766.000
1466.824	2504.000
1466.961	2730.000
1467.099	2488.000
1467.236	2707.000
1467.374	2448.000
1467.511	2722.000
1467.648	2436.000
1467.786	2710.000
1467.923	2532.000
1468.060	2704.000
1468.198	2448.000
1468.335	2664.000
1468.472	2463.000
1468.610	2621.000
1468.747	2485.000
1468.884	2693.000
1469.021	2519.000
1469.159	2720.000
1469.296	2554.000
1469.433	2754.000
1469.570	2564.000
1469.708	2755.000
1469.845	2515.000
1469.982	2817.000
1470.119	2534.000
1470.256	2779.000
1470.393	2561.000
1470.530	2785.000
1470.668	2559.000
1470.805	2851.000
1470.942	2668.000
1471.079	2807.000
1471.216	2700.000
1471.353	2985.000
1471.490	2657.000
1471.627	2940.000
1471.764	2755.000
1471.901	2928.000
1472.038	2745.000
1472.175	2914.000
1472.312	2752.000
1472.449	2939.000
1472.586	2790.000
1472.722	3006.000
1472.859	2816.000
1472.996	2991.000
1473.133	2790.000
1473.270	3081.000
1473.407	2877.000
1473.544	3055.000
1473.680	2931.000
1473.817	3045.000
1473.954	2893.000
1474.091	3080.000
1474.227	2636.000
1474.364	3033.000
1474.501	2854.000
1474.638	3013.000
1474.774	2780.000
1474.911	3027.000
1475.048	2819.000
1475.184	3047.000
1475.321	2894.000
1475.458	3062.000
1475.594	2892.000
1475.731	3020.000
1475.867	2859.000
1476.004	3076.000
1476.140	2897.000
1476.277	3045.000
1476.414	2809.000
1476.550	3100.000
1476.687	2852.000
1476.823	3069.000
1476.960	2898.000
1477.096	3036.000
1477.233	2909.000
1477.369	3140.000
1477.505	2899.000
1477.642	3162.000
1477.778	2884.000
1477.915	3240.000
1478.051	2969.000
1478.187	3119.000
1478.324	3011.000
1478.460	3127.000
1478.596	2958.000
1478.733	3102.000
1478.869	2929.000
1479.005	3135.000
1479.142	2962.000
1479.278	3234.000
1479.414	2984.000
1479.550	3218.000
1479.686	2989.000
1479.823	3147.000
1479.959	2978.000
1480.095	3182.000
1480.231	2912.000
1480.367	3198.000
1480.503	2924.000
1480.640	3142.000
1480.776	2933.000
1480.912	3161.000
1481.048	3031.000
1481.184	3178.000
1481.320	2916.000
1481.456	3228.000
1481.592	2874.000
1481.728	3112.000
1481.864	2901.000
1482.000	3127.000
1482.136	2823.000
1482.272	3155.000
1482.408	3530.000
1482.544	3054.000
1482.680	2784.000
1482.816	2992.000
1482.952	2761.000
1483.088	2937.000
1483.223	2626.000
1483.359	2837.000
1483.495	2756.000
1483.631	2883.000
1483.767	2677.000
1483.903	2748.000
1484.038	2573.000
1484.174	2791.000
1484.310	2608.000
1484.446	2817.000
1484.581	2549.000
1484.717	2696.000
1484.853	2480.000
1484.988	2712.000
1485.124	2478.000
1485.260	2677.000
1485.395	2477.000
1485.531	2649.000
1485.667	2412.000
1485.802	2584.000
1485.938	2354.000
1486.074	2524.000
1486.209	2305.000
1486.345	2612.000
1486.480	2352.000
1486.616	2554.000
1486.751	2312.000
1486.887	2581.000
1487.022	2327.000
1487.158	2597.000
1487.293	2322.000
1487.429	2543.000
1487.564	2240.000
1487.700	2525.000
1487.835	2263.000
1487.970	2542.000
1488.106	2286.000
1488.241	2570.000
1488.377	2307.000
1488.512	2528.000
1488.647	2350.000
1488.783	2605.000
1488.918	2268.000
1489.053	2562.000
1489.188	2368.000
1489.324	2513.000
1489.459	2297.000
1489.594	2553.000
1489.729	2320.000
1489.865	2540.000
1490.000	2341.000
1490.135	2514.000
1490.270	2370.000
1490.405	2526.000
1490.541	2390.000
1490.676	2580.000
1490.811	2411.000
1490.946	2664.000
1491.081	2335.000
1491.216	2614.000
1491.351	2352.000
1491.486	2577.000
1491.621	2479.000
1491.756	2648.000
1491.891	2420.000
1492.026	2644.000
1492.161	2470.000
1492.296	2685.000
1492.431	2483.000
1492.566	2754.000
1492.701	2515.000
1492.836	2735.000
1492.971	2528.000
1493.106	2729.000
1493.241	2534.000
1493.376	2767.000
1493.510	2578.000
1493.645	2697.000
1493.780	2653.000
1493.915	2858.000
1494.050	2691.000
1494.184	2820.000
1494.319	2624.000
1494.454	2811.000
1494.589	2727.000
1494.723	2969.000
