1069.907	6243.000
1070.052	6249.000
1070.198	6275.000
1070.343	6435.000
1070.488	6371.000
1070.633	6474.000
1070.778	6412.000
1070.924	6479.000
1071.069	6524.000
1071.214	6555.000
1071.359	6503.000
1071.504	6651.000
1071.649	6656.000
1071.794	6636.000
1071.940	6681.000
1072.085	6826.000
1072.230	6723.000
1072.375	6878.000
1072.520	6789.000
1072.665	6904.000
1072.810	6845.000
1072.955	6877.000
1073.100	7068.000
1073.245	6987.000
1073.390	7097.000
1073.535	7026.000
1073.681	7084.000
1073.826	7036.000
1073.971	7084.000
1074.116	7090.000
1074.261	7166.000
1074.406	7160.000
1074.551	7235.000
1074.696	7159.000
1074.841	7160.000
1074.986	7151.000
1075.130	7247.000
1075.275	7133.000
1075.420	7231.000
1075.565	7191.000
1075.710	7134.000
1075.855	7132.000
1076.000	7077.000
1076.145	7104.000
1076.290	7042.000
1076.435	7002.000
1076.580	7023.000
1076.725	6890.000
1076.870	6934.000
1077.014	6847.000
1077.159	6795.000
1077.304	6742.000
1077.449	6754.000
1077.594	6677.000
1077.739	6609.000
1077.883	6570.000
1078.028	6460.000
1078.173	6452.000
1078.318	6296.000
1078.463	6247.000
1078.608	6261.000
1078.752	6147.000
1078.897	6046.000
1079.042	5969.000
1079.187	5855.000
1079.331	5911.000
1079.476	5803.000
1079.621	5728.000
1079.766	5620.000
1079.910	5607.000
1080.055	5482.000
1080.200	5458.000
1080.344	5349.000
1080.489	5366.000
1080.634	5146.000
1080.779	5176.000
1080.923	5011.000
1081.068	5047.000
1081.213	4935.000
1081.357	5030.000
1081.502	4779.000
1081.647	4821.000
1081.791	4717.000
1081.936	4743.000
1082.080	4568.000
1082.225	4644.000
1082.370	4474.000
1082.514	4569.000
1082.659	4420.000
1082.803	4479.000
1082.948	4323.000
1083.093	4469.000
1083.237	4315.000
1083.382	4364.000
1083.526	4213.000
1083.671	4312.000
1083.815	4111.000
1083.960	4234.000
1084.104	4075.000
1084.249	4209.000
1084.393	4005.000
1084.538	4077.000
1084.682	3951.000
1084.827	4024.000
1084.971	3893.000
1085.116	4091.000
1085.260	3843.000
1085.405	3992.000
1085.549	3824.000
1085.694	3929.000
1085.838	3814.000
1085.982	3931.000
1086.127	3628.000
1086.271	3878.000
1086.416	3671.000
1086.560	3822.000
1086.704	3684.000
1086.849	3849.000
1086.993	3665.000
1087.138	3770.000
1087.282	3625.000
1087.426	3735.000
1087.571	3591.000
1087.715	3767.000
1087.859	3542.000
1088.004	3729.000
1088.148	3496.000
1088.292	3605.000
1088.437	3597.000
1088.581	3670.000
1088.725	3506.000
1088.869	3653.000
1089.014	3468.000
1089.158	3583.000
1089.302	3431.000
1089.447	3607.000
1089.591	3454.000
1089.735	3606.000
1089.879	3396.000
1090.023	3603.000
1090.168	3477.000
1090.312	3595.000
1090.456	3392.000
1090.600	3522.000
1090.744	3427.000
1090.889	3613.000
1091.033	3475.000
1091.177	3554.000
1091.321	3412.000
1091.465	3588.000
1091.609	3417.000
1091.754	3579.000
1091.898	3383.000
1092.042	3531.000
1092.186	3370.000
1092.330	3592.000
1092.474	3395.000
1092.618	3583.000
1092.762	3388.000
1092.906	3579.000
1093.051	3425.000
1093.195	3574.000
1093.339	3431.000
1093.483	3591.000
1093.627	3375.000
1093.771	3569.000
1093.915	3465.000
1094.059	3573.000
1094.203	3455.000
1094.347	3621.000
1094.491	3387.000
1094.635	3593.000
1094.779	3442.000
1094.923	3543.000
1095.067	3450.000
1095.211	3578.000
1095.355	3344.000
1095.499	3588.000
1095.643	3347.000
1095.787	3518.000
1095.931	3387.000
1096.074	3564.000
1096.218	3408.000
1096.362	3587.000
1096.506	3313.000
1096.650	3440.000
1096.794	3358.000
1096.938	3496.000
1097.082	3356.000
1097.226	3547.000
1097.369	3337.000
1097.513	3461.000
1097.657	3290.000
1097.801	3506.000
1097.945	3341.000
1098.089	3553.000
1098.232	3291.000
1098.376	3462.000
1098.520	3238.000
1098.664	3568.000
1098.808	3433.000
1098.951	3456.000
1099.095	3360.000
1099.239	3456.000
1099.383	3264.000
1099.526	3447.000
1099.670	3282.000
1099.814	3517.000
1099.958	3216.000
1100.101	3430.000
1100.245	3218.000
1100.389	3436.000
1100.533	3198.000
1100.676	3490.000
1100.820	3243.000
1100.964	3396.000
1101.107	3198.000
1101.251	3375.000
1101.395	3185.000
1101.538	3357.000
1101.682	3234.000
1101.825	3404.000
1101.969	3209.000
1102.113	3394.000
1102.256	3105.000
1102.400	3388.000
1102.544	3150.000
1102.687	3325.000
1102.831	3148.000
1102.974	3410.000
1103.118	3185.000
1103.261	3366.000
1103.405	3151.000
1103.549	3384.000
1103.692	3150.000
1103.836	3331.000
1103.979	3203.000
1104.123	3391.000
1104.266	3171.000
1104.410	3322.000
1104.553	3210.000
1104.697	3420.000
1104.840	3266.000
1104.984	3429.000
1105.127	3190.000
1105.271	3463.000
1105.414	3273.000
1105.557	3436.000
1105.701	3343.000
1105.844	3509.000
1105.988	3300.000
1106.131	3440.000
1106.275	3276.000
1106.418	3496.000
1106.561	3291.000
1106.705	3542.000
1106.848	3427.000
1106.992	3569.000
1107.135	3314.000
1107.278	3592.000
1107.422	3427.000
1107.565	3517.000
1107.708	3322.000
1107.852	3548.000
1107.995	3345.000
1108.138	3497.000
1108.282	3317.000
1108.425	3569.000
1108.568	3287.000
1108.712	3481.000
1108.855	3312.000
1108.998	3479.000
1109.141	3320.000
1109.285	3443.000
1109.428	3286.000
1109.571	3452.000
1109.714	3258.000
1109.858	3507.000
1110.001	3217.000
1110.144	3358.000
1110.287	3220.000
1110.430	3387.000
1110.574	3112.000
1110.717	3302.000
1110.860	3208.000
1111.003	3288.000
1111.146	3066.000
1111.290	3228.000
1111.433	3035.000
1111.576	3237.000
1111.719	3072.000
1111.862	3235.000
1112.005	3075.000
1112.148	3248.000
1112.291	3047.000
1112.435	3238.000
1112.578	2935.000
1112.721	3278.000
1112.864	3051.000
1113.007	3233.000
1113.150	3033.000
1113.293	3275.000
1113.436	3051.000
1113.579	3228.000
1113.722	3126.000
1113.865	3148.000
1114.008	2975.000
1114.151	3254.000
1114.294	3023.000
1114.437	3206.000
1114.580	2984.000
1114.723	3262.000
1114.866	3099.000
1115.009	3206.000
1115.152	2999.000
1115.295	3210.000
1115.438	3037.000
1115.581	3193.000
1115.724	2938.000
1115.867	3213.000
1116.010	2957.000
1116.153	3089.000
1116.296	2989.000
1116.439	3109.000
1116.581	2934.000
1116.724	3217.000
1116.867	2919.000
1117.010	3010.000
1117.153	2947.000
1117.296	3138.000
1117.439	2966.000
1117.582	3079.000
1117.724	2854.000
1117.867	3154.000
1118.010	2954.000
1118.153	3123.000
1118.296	2947.000
1118.438	3169.000
1118.581	2988.000
1118.724	3163.000
1118.867	3056.000
1119.010	3260.000
1119.152	3051.000
1119.295	3282.000
1119.438	3047.000
1119.581	3199.000
1119.723	3126.000
1119.866	3266.000
1120.009	3060.000
1120.152	3338.000
1120.294	3062.000
1120.437	3317.000
1120.580	3175.000
1120.722	3388.000
1120.865	3194.000
1121.008	3385.000
1121.150	3222.000
1121.293	3324.000
1121.436	3171.000
1121.578	3414.000
1121.721	3329.000
1121.864	3376.000
1122.006	3283.000
1122.149	3434.000
1122.291	3314.000
1122.434	3482.000
1122.577	3243.000
1122.719	3394.000
1122.862	3291.000
1123.004	3467.000
1123.147	3305.000
1123.289	3498.000
1123.432	3308.000
1123.575	3582.000
1123.717	3319.000
1123.860	3587.000
1124.002	3402.000
1124.145	3638.000
1124.287	3492.000
1124.430	3782.000
1124.572	3503.000
1124.715	3861.000
1124.857	3673.000
1125.000	3866.000
1125.142	3833.000
1125.284	3996.000
1125.427	3909.000
1125.569	4069.000
1125.712	4025.000
1125.854	4238.000
1125.997	4084.000
1126.139	4268.000
1126.281	4213.000
1126.424	4388.000
1126.566	4375.000
1126.709	4471.000
1126.851	4424.000
1126.993	4499.000
1127.136	4388.000
1127.278	4654.000
1127.420	4430.000
1127.563	4650.000
1127.705	4578.000
1127.847	4674.000
1127.990	4629.000
1128.132	4629.000
1128.274	4464.000
1128.417	4619.000
1128.559	4604.000
1128.701	4738.000
1128.844	4564.000
1128.986	4638.000
1129.128	4449.000
1129.270	4619.000
1129.413	4469.000
1129.555	4483.000
1129.697	4279.000
1129.839	4467.000
1129.982	4278.000
1130.124	4267.000
1130.266	4092.000
1130.408	4172.000
1130.550	3913.000
1130.692	4041.000
1130.835	3790.000
1130.977	3761.000
1131.119	3502.000
1131.261	3644.000
1131.403	3413.000
1131.545	3575.000
1131.688	3212.000
1131.830	3393.000
1131.972	3097.000
1132.114	3233.000
1132.256	3025.000
1132.398	3199.000
1132.540	2953.000
1132.682	3125.000
1132.824	2929.000
1132.966	3100.000
1133.109	2906.000
1133.251	3131.000
1133.393	2883.000
1133.535	3095.000
1133.677	2868.000
1133.819	3001.000
1133.961	2789.000
1134.103	3055.000
1134.245	2776.000
1134.387	2965.000
1134.529	2771.000
1134.671	2941.000
1134.813	2775.000
1134.955	2944.000
1135.097	2813.000
1135.239	2994.000
1135.381	2774.000
1135.522	2985.000
1135.664	2822.000
1135.806	2958.000
1135.948	2770.000
1136.090	3012.000
1136.232	2843.000
1136.374	2938.000
1136.516	2734.000
1136.658	3018.000
1136.800	2741.000
1136.941	2933.000
1137.083	2701.000
1137.225	2950.000
1137.367	2749.000
1137.509	2965.000
1137.651	2715.000
1137.792	2940.000
1137.934	2698.000
1138.076	2879.000
1138.218	2796.000
1138.360	2894.000
1138.502	2672.000
1138.643	2919.000
1138.785	2630.000
1138.927	2961.000
1139.069	2765.000
1139.210	2841.000
1139.352	2681.000
1139.494	2819.000
1139.636	2706.000
1139.777	2916.000
1139.919	2701.000
1140.061	2927.000
1140.202	2649.000
1140.344	2881.000
1140.486	2678.000
1140.627	2887.000
1140.769	2635.000
1140.911	2897.000
1141.052	2678.000
1141.194	2888.000
1141.336	2649.000
1141.477	2727.000
1141.619	2582.000
1141.761	2859.000
1141.902	2578.000
1142.044	2834.000
1142.185	2616.000
1142.327	2803.000
1142.469	2602.000
1142.610	2784.000
1142.752	2604.000
1142.893	2837.000
1143.035	2458.000
1143.176	2848.000
1143.318	2568.000
1143.460	2779.000
1143.601	2589.000
1143.743	2830.000
1143.884	2571.000
1144.026	2745.000
1144.167	2547.000
1144.309	2772.000
1144.450	2586.000
1144.592	2771.000
1144.733	2520.000
1144.875	2787.000
1145.016	2685.000
1145.157	2772.000
1145.299	2570.000
1145.440	2822.000
1145.582	2512.000
1145.723	2779.000
1145.865	2522.000
1146.006	2790.000
1146.147	2509.000
1146.289	2869.000
1146.430	2563.000
1146.572	2819.000
1146.713	2561.000
1146.854	2777.000
1146.996	2566.000
1147.137	2791.000
1147.278	2492.000
1147.420	2728.000
1147.561	2524.000
1147.702	2807.000
1147.844	2606.000
1147.985	2773.000
1148.126	2489.000
1148.268	2792.000
1148.409	2583.000
1148.550	2750.000
1148.691	2564.000
1148.833	2783.000
1148.974	2515.000
1149.115	2771.000
1149.256	2492.000
1149.398	2830.000
1149.539	2583.000
1149.680	2879.000
1149.821	2587.000
1149.962	2788.000
1150.104	2551.000
1150.245	2783.000
1150.386	2605.000
1150.527	2928.000
1150.668	2576.000
1150.810	2823.000
1150.951	2499.000
1151.092	2814.000
1151.233	2623.000
1151.374	2827.000
1151.515	2600.000
1151.656	2789.000
1151.797	2687.000
1151.939	2775.000
1152.080	2596.000
1152.221	2860.000
1152.362	2573.000
1152.503	2803.000
1152.644	2551.000
1152.785	2861.000
1152.926	2651.000
1153.067	2741.000
1153.208	2606.000
1153.349	2835.000
1153.490	2587.000
1153.631	2742.000
1153.772	2497.000
1153.913	2799.000
1154.054	2642.000
1154.195	2787.000
1154.336	2586.000
1154.477	2858.000
1154.618	2586.000
1154.759	2787.000
1154.900	2558.000
1155.041	2749.000
1155.182	2458.000
1155.323	2707.000
1155.464	2592.000
1155.605	2775.000
1155.746	2491.000
1155.887	2748.000
1156.027	2499.000
1156.168	2747.000
1156.309	2429.000
1156.450	2691.000
1156.591	2480.000
1156.732	2654.000
1156.873	2447.000
1157.014	2668.000
1157.154	2558.000
1157.295	2683.000
1157.436	2431.000
1157.577	2707.000
1157.718	2491.000
1157.858	2669.000
1157.999	2455.000
1158.140	2681.000
1158.281	2471.000
1158.422	2642.000
1158.562	2427.000
1158.703	2672.000
1158.844	2430.000
1158.985	2625.000
1159.125	2417.000
1159.266	2624.000
1159.407	2385.000
1159.548	2585.000
1159.688	2399.000
1159.829	2655.000
1159.970	2473.000
1160.110	2628.000
1160.251	2432.000
1160.392	2649.000
1160.532	2434.000
1160.673	2605.000
1160.814	2383.000
1160.954	2595.000
1161.095	2403.000
1161.236	2605.000
1161.376	2448.000
1161.517	2673.000
1161.657	2408.000
1161.798	2599.000
1161.939	2388.000
1162.079	2663.000
1162.220	2456.000
1162.360	2615.000
1162.501	2441.000
1162.641	2642.000
1162.782	2368.000
1162.923	2597.000
1163.063	2489.000
1163.204	2706.000
1163.344	2420.000
1163.485	2621.000
1163.625	2447.000
1163.766	2573.000
1163.906	2370.000
1164.047	2659.000
1164.187	2430.000
1164.328	2639.000
1164.468	2392.000
1164.609	2600.000
1164.749	2377.000
1164.889	2679.000
1165.030	2434.000
1165.170	2661.000
1165.311	2366.000
1165.451	2657.000
1165.592	2391.000
1165.732	2607.000
1165.872	2355.000
1166.013	2659.000
1166.153	2333.000
1166.293	2583.000
1166.434	2381.000
1166.574	2542.000
1166.715	2360.000
1166.855	2650.000
1166.995	2377.000
1167.136	2552.000
1167.276	2375.000
1167.416	2577.000
1167.556	2351.000
1167.697	2601.000
1167.837	2370.000
1167.977	2515.000
1168.118	2324.000
1168.258	2554.000
1168.398	2395.000
1168.538	2541.000
1168.679	2359.000
1168.819	2536.000
1168.959	2346.000
1169.099	2612.000
1169.240	2342.000
1169.380	2536.000
1169.520	2373.000
1169.660	2558.000
1169.800	2358.000
1169.941	2587.000
1170.081	2362.000
1170.221	2583.000
1170.361	2362.000
1170.501	2576.000
1170.641	2370.000
1170.782	2530.000
1170.922	2346.000
1171.062	2616.000
1171.202	2386.000
1171.342	2535.000
1171.482	2397.000
1171.622	2615.000
1171.762	2357.000
1171.902	2543.000
1172.043	2334.000
1172.183	2631.000
1172.323	2342.000
1172.463	2592.000
1172.603	2435.000
1172.743	2662.000
1172.883	2495.000
1173.023	2608.000
1173.163	2398.000
1173.303	2595.000
1173.443	2362.000
1173.583	2652.000
1173.723	2375.000
1173.863	2661.000
1174.003	2363.000
1174.143	2555.000
1174.283	2429.000
1174.423	2572.000
1174.563	2374.000
1174.703	2579.000
1174.843	2386.000
1174.982	2647.000
1175.122	2373.000
1175.262	2596.000
1175.402	2336.000
1175.542	2542.000
1175.682	2331.000
1175.822	2599.000
1175.962	2365.000
1176.102	2551.000
1176.241	2429.000
1176.381	2530.000
1176.521	2315.000
1176.661	2643.000
1176.801	2342.000
1176.941	2545.000
1177.080	2310.000
1177.220	2465.000
1177.360	2324.000
1177.500	2502.000
1177.640	2329.000
1177.779	2461.000
1177.919	2329.000
1178.059	2453.000
1178.199	2333.000
1178.339	2515.000
1178.478	2326.000
1178.618	2519.000
1178.758	2323.000
1178.897	2559.000
1179.037	2298.000
1179.177	2488.000
1179.317	2311.000
1179.456	2507.000
1179.596	2326.000
1179.736	2471.000
1179.875	2332.000
1180.015	2452.000
1180.155	2327.000
1180.294	2528.000
1180.434	2346.000
1180.574	2500.000
1180.713	2273.000
1180.853	2449.000
1180.992	2297.000
1181.132	2471.000
1181.272	2301.000
1181.411	2545.000
1181.551	2293.000
1181.690	2530.000
1181.830	2281.000
1181.970	2454.000
1182.109	2313.000
1182.249	2456.000
1182.388	2262.000
1182.528	2540.000
1182.667	2286.000
1182.807	2565.000
1182.946	2379.000
1183.086	2571.000
1183.225	2270.000
1183.365	2561.000
1183.504	2287.000
1183.644	2497.000
1183.783	2283.000
1183.923	2565.000
1184.062	2277.000
1184.202	2597.000
1184.341	2339.000
1184.481	2558.000
1184.620	2269.000
1184.759	2524.000
1184.899	2318.000
1185.038	2547.000
1185.178	2306.000
1185.317	2570.000
1185.456	2341.000
1185.596	2561.000
1185.735	2341.000
1185.874	2522.000
1186.014	2320.000
1186.153	2583.000
1186.293	2325.000
1186.432	2570.000
1186.571	2302.000
1186.711	2560.000
1186.850	2283.000
1186.989	2551.000
1187.128	2281.000
1187.268	2592.000
1187.407	2356.000
1187.546	2572.000
1187.686	2277.000
1187.825	2523.000
1187.964	2314.000
1188.103	2491.000
1188.243	2329.000
1188.382	2529.000
1188.521	2331.000
1188.660	2532.000
1188.799	2312.000
1188.939	2516.000
1189.078	2319.000
1189.217	2492.000
1189.356	2255.000
1189.495	2536.000
1189.635	2243.000
1189.774	2471.000
1189.913	2266.000
1190.052	2459.000
1190.191	2204.000
1190.330	2514.000
1190.469	2308.000
1190.609	2424.000
1190.748	2325.000
1190.887	2587.000
1191.026	2213.000
1191.165	2506.000
1191.304	2292.000
1191.443	2491.000
1191.582	2259.000
1191.721	2407.000
1191.860	2216.000
1191.999	2412.000
1192.138	2256.000
1192.277	2487.000
1192.417	2243.000
1192.556	2409.000
1192.695	2222.000
1192.834	2486.000
1192.973	2257.000
1193.112	2461.000
1193.251	2291.000
1193.390	2467.000
1193.528	2250.000
1193.667	2465.000
1193.806	2013.000
1193.945	2449.000
1194.084	2232.000
1194.223	2409.000
1194.362	2188.000
1194.501	2455.000
1194.640	2189.000
1194.779	2455.000
1194.918	2320.000
1195.057	2481.000
1195.196	2301.000
1195.334	2440.000
1195.473	2245.000
1195.612	2488.000
1195.751	2264.000
1195.890	2480.000
1196.029	2213.000
1196.168	2489.000
1196.306	2210.000
1196.445	2465.000
1196.584	2267.000
1196.723	2424.000
1196.862	2276.000
1197.000	2532.000
1197.139	2253.000
1197.278	2480.000
1197.417	2206.000
1197.555	2563.000
1197.694	2311.000
1197.833	2415.000
1197.972	2324.000
1198.110	2436.000
1198.249	2264.000
1198.388	2419.000
1198.527	2223.000
1198.665	2436.000
1198.804	2235.000
1198.943	2518.000
1199.081	2233.000
1199.220	2504.000
1199.359	2244.000
1199.497	2390.000
1199.636	2210.000
1199.775	2442.000
1199.913	2155.000
1200.052	2438.000
1200.191	2141.000
1200.329	2418.000
1200.468	2170.000
1200.606	2429.000
1200.745	2294.000
1200.884	2462.000
1201.022	2208.000
1201.161	2506.000
1201.299	2162.000
1201.438	2458.000
1201.576	2235.000
1201.715	2483.000
1201.853	2222.000
1201.992	2538.000
1202.131	2889.000
1202.269	2456.000
1202.408	2248.000
1202.546	2454.000
1202.685	2243.000
1202.823	2408.000
1202.962	2150.000
1203.100	2385.000
1203.238	2299.000
1203.377	2499.000
1203.515	2271.000
1203.654	2391.000
1203.792	2198.000
1203.931	2396.000
1204.069	2286.000
1204.208	2488.000
1204.346	2189.000
1204.484	2405.000
1204.623	2186.000
1204.761	2451.000
1204.899	2239.000
1205.038	2467.000
1205.176	2215.000
1205.315	2425.000
1205.453	2248.000
1205.591	2403.000
1205.730	2165.000
1205.868	2399.000
1206.006	2163.000
1206.145	2502.000
1206.283	2204.000
1206.421	2417.000
1206.559	2182.000
1206.698	2469.000
1206.836	2221.000
1206.974	2497.000
1207.113	2213.000
1207.251	2458.000
1207.389	2132.000
1207.527	2458.000
1207.666	2152.000
1207.804	2472.000
1207.942	2194.000
1208.080	2474.000
1208.218	2209.000
1208.357	2432.000
1208.495	2225.000
1208.633	2509.000
1208.771	2159.000
1208.909	2455.000
1209.048	2265.000
1209.186	2453.000
1209.324	2190.000
1209.462	2485.000
1209.600	2193.000
1209.738	2438.000
1209.876	2228.000
1210.014	2428.000
1210.153	2228.000
1210.291	2412.000
1210.429	2251.000
1210.567	2445.000
1210.705	2257.000
1210.843	2528.000
1210.981	2163.000
1211.119	2436.000
1211.257	2174.000
1211.395	2411.000
1211.533	2315.000
1211.671	2479.000
1211.809	2241.000
1211.947	2449.000
1212.085	2247.000
1212.223	2474.000
1212.361	2256.000
1212.499	2543.000
1212.637	2283.000
1212.775	2492.000
1212.913	2222.000
1213.051	2446.000
1213.189	2236.000
1213.327	2466.000
1213.465	2220.000
1213.603	2328.000
1213.741	2285.000
1213.879	2454.000
1214.017	2282.000
1214.155	2436.000
1214.292	2197.000
1214.430	2343.000
1214.568	2263.000
1214.706	2511.000
