969.812	13038.000
969.956	12926.000
970.101	13060.000
970.245	12927.000
970.389	12990.000
970.533	12943.000
970.678	12974.000
970.822	12897.000
970.966	12979.000
971.110	12884.000
971.255	12930.000
971.399	12900.000
971.543	12980.000
971.687	12820.000
971.831	12986.000
971.976	12964.000
972.120	12863.000
972.264	12891.000
972.408	12976.000
972.552	12898.000
972.697	12921.000
972.841	12823.000
972.985	13109.000
973.129	12921.000
973.273	12930.000
973.417	12828.000
973.562	12994.000
973.706	12818.000
973.850	12927.000
973.994	12800.000
974.138	12968.000
974.282	12919.000
974.426	12967.000
974.570	12866.000
974.715	12888.000
974.859	12781.000
975.003	12964.000
975.147	12723.000
975.291	12966.000
975.435	12800.000
975.579	12931.000
975.723	12854.000
975.867	12864.000
976.011	12847.000
976.155	12852.000
976.299	12801.000
976.444	12956.000
976.588	12718.000
976.732	12888.000
976.876	12736.000
977.020	12918.000
977.164	12739.000
977.308	12981.000
977.452	12799.000
977.596	12875.000
977.740	12723.000
977.884	12849.000
978.028	12751.000
978.172	12787.000
978.316	12696.000
978.460	12876.000
978.604	12661.000
978.748	12787.000
978.892	12677.000
979.036	12763.000
979.180	12697.000
979.323	12817.000
979.467	12562.000
979.611	12772.000
979.755	12670.000
979.899	12743.000
980.043	12557.000
980.187	12765.000
980.331	12647.000
980.475	12690.000
980.619	12531.000
980.763	12635.000
980.907	12555.000
981.050	12671.000
981.194	12677.000
981.338	12623.000
981.482	12597.000
981.626	12700.000
981.770	12507.000
981.914	12544.000
982.058	12486.000
982.201	12534.000
982.345	12455.000
982.489	12597.000
982.633	12475.000
982.777	12560.000
982.921	12480.000
983.064	12578.000
983.208	12461.000
983.352	12624.000
983.496	12425.000
983.640	12558.000
983.783	12458.000
983.927	12605.000
984.071	12472.000
984.215	12520.000
984.359	12384.000
984.502	12481.000
984.646	12310.000
984.790	12513.000
984.934	12473.000
985.077	12476.000
985.221	12394.000
985.365	12476.000
985.509	12372.000
985.652	12487.000
985.796	12470.000
985.940	12394.000
986.084	12505.000
986.227	12425.000
986.371	12315.000
986.515	12544.000
986.658	12367.000
986.802	12504.000
986.946	12368.000
987.089	12468.000
987.233	12386.000
987.377	12415.000
987.520	12428.000
987.664	12439.000
987.808	12432.000
987.951	12316.000
988.095	12331.000
988.239	12576.000
988.382	12442.000
988.526	12499.000
988.670	12402.000
988.813	12545.000
988.957	12390.000
989.100	12501.000
989.244	12359.000
989.388	12516.000
989.531	12464.000
989.675	12544.000
989.818	12440.000
989.962	12508.000
990.106	12471.000
990.249	12524.000
990.393	12307.000
990.536	12528.000
990.680	12486.000
990.823	12516.000
990.967	12403.000
991.110	12425.000
991.254	12470.000
991.398	12487.000
991.541	12332.000
991.685	12374.000
991.828	12413.000
991.972	12374.000
992.115	12463.000
992.259	12565.000
992.402	12429.000
992.546	12511.000
992.689	12376.000
992.833	12450.000
992.976	12290.000
993.120	12411.000
993.263	12382.000
993.406	12387.000
993.550	12377.000
993.693	12478.000
993.837	12350.000
993.980	12417.000
994.124	12405.000
994.267	12369.000
994.411	12355.000
994.554	12410.000
994.697	12303.000
994.841	12468.000
994.984	12395.000
995.128	12305.000
995.271	12364.000
995.414	12247.000
995.558	12274.000
995.701	12361.000
995.845	12354.000
995.988	12360.000
996.131	12327.000
996.275	12263.000
996.418	12232.000
996.561	12325.000
996.705	12243.000
996.848	12386.000
996.991	12343.000
997.135	12283.000
997.278	12248.000
997.421	12231.000
997.565	12246.000
997.708	12291.000
997.851	12320.000
997.995	12231.000
998.138	12260.000
998.281	12179.000
998.424	12286.000
998.568	12374.000
998.711	12177.000
998.854	12363.000
998.998	12207.000
999.141	12228.000
999.284	12195.000
999.427	12241.000
999.571	12294.000
999.714	12219.000
999.857	12265.000
1000.000	12242.000
1000.143	12205.000
1000.287	12153.000
1000.430	12280.000
1000.573	12236.000
1000.716	12223.000
1000.860	12196.000
1001.003	12157.000
1001.146	12159.000
1001.289	12195.000
1001.432	12278.000
1001.575	12304.000
1001.719	12210.000
1001.862	12250.000
1002.005	12067.000
1002.148	12260.000
1002.291	12137.000
1002.434	12267.000
1002.578	12188.000
1002.721	12317.000
1002.864	12282.000
1003.007	12224.000
1003.150	12247.000
1003.293	12295.000
1003.436	12148.000
1003.579	12210.000
1003.723	12214.000
1003.866	12283.000
1004.009	12252.000
1004.152	12155.000
1004.295	12239.000
1004.438	12178.000
1004.581	12214.000
1004.724	12235.000
1004.867	12163.000
1005.010	12329.000
1005.153	12244.000
1005.296	12282.000
1005.439	12382.000
1005.582	12327.000
1005.725	12323.000
1005.868	12170.000
1006.012	12198.000
1006.155	12208.000
1006.298	12184.000
1006.441	12270.000
1006.584	12396.000
1006.727	12320.000
1006.870	12256.000
1007.013	12347.000
1007.156	12386.000
1007.298	12202.000
1007.441	12274.000
1007.584	12300.000
1007.727	12314.000
1007.870	12291.000
1008.013	12268.000
1008.156	12327.000
1008.299	12257.000
1008.442	12266.000
1008.585	12293.000
1008.728	12290.000
1008.871	12330.000
1009.014	12364.000
1009.157	12362.000
1009.300	12269.000
1009.443	12325.000
1009.585	12432.000
1009.728	12368.000
1009.871	12218.000
1010.014	12410.000
1010.157	12338.000
1010.300	12281.000
1010.443	12366.000
1010.586	12440.000
1010.728	12419.000
1010.871	12382.000
1011.014	12348.000
1011.157	12442.000
1011.300	12551.000
1011.443	12722.000
1011.585	12921.000
1011.728	13111.000
1011.871	13105.000
1012.014	13055.000
1012.157	12998.000
1012.300	12822.000
1012.442	13026.000
1012.585	12867.000
1012.728	12872.000
1012.871	12863.000
1013.013	12945.000
1013.156	12828.000
1013.299	12853.000
1013.442	12943.000
1013.585	12797.000
1013.727	12821.000
1013.870	12954.000
1014.013	12862.000
1014.156	12885.000
1014.298	12865.000
1014.441	13103.000
1014.584	13185.000
1014.726	13213.000
1014.869	13303.000
1015.012	13448.000
1015.155	13611.000
1015.297	13747.000
1015.440	13707.000
1015.583	13795.000
1015.725	13696.000
1015.868	13512.000
1016.011	13572.000
1016.153	13430.000
1016.296	13312.000
1016.439	13408.000
1016.581	13195.000
1016.724	13113.000
1016.867	13234.000
1017.009	13416.000
1017.152	13372.000
1017.295	13180.000
1017.437	12936.000
1017.580	12894.000
1017.722	12502.000
1017.865	12409.000
1018.008	12298.000
1018.150	12322.000
1018.293	12245.000
1018.435	12280.000
1018.578	12349.000
1018.721	12345.000
1018.863	12237.000
1019.006	12348.000
1019.148	12179.000
1019.291	12213.000
1019.433	12309.000
1019.576	12252.000
1019.718	12157.000
1019.861	12349.000
1020.003	12135.000
1020.146	12171.000
1020.289	12195.000
1020.431	12315.000
1020.574	12255.000
1020.716	12259.000
1020.859	12243.000
1021.001	12200.000
1021.144	12180.000
1021.286	12180.000
1021.429	12341.000
1021.571	12169.000
1021.713	12182.000
1021.856	12133.000
1021.998	12251.000
1022.141	12238.000
1022.283	12179.000
1022.426	12147.000
1022.568	12214.000
1022.711	12213.000
1022.853	12196.000
1022.996	12210.000
1023.138	12170.000
1023.280	12275.000
1023.423	12146.000
1023.565	12223.000
1023.708	12197.000
1023.850	12315.000
1023.992	12159.000
1024.135	12347.000
1024.277	12101.000
1024.420	12322.000
1024.562	12213.000
1024.704	12271.000
1024.847	12214.000
1024.989	12299.000
1025.131	12283.000
1025.274	12201.000
1025.416	12193.000
1025.558	12284.000
1025.701	12163.000
1025.843	12230.000
1025.985	12239.000
1026.128	12228.000
1026.270	12247.000
1026.412	12233.000
1026.555	12228.000
1026.697	12247.000
1026.839	12175.000
1026.982	12273.000
1027.124	11641.000
1027.266	12330.000
1027.408	12297.000
1027.551	12230.000
1027.693	12309.000
1027.835	12215.000
1027.977	12150.000
1028.120	12191.000
1028.262	12251.000
1028.404	12360.000
1028.546	12179.000
1028.689	12246.000
1028.831	12196.000
1028.973	12298.000
1029.115	12246.000
1029.257	12186.000
1029.400	12154.000
1029.542	12273.000
1029.684	12254.000
1029.826	12275.000
1029.968	12180.000
1030.111	12293.000
1030.253	12234.000
1030.395	12314.000
1030.537	12257.000
1030.679	12264.000
1030.821	12119.000
1030.964	12220.000
1031.106	12260.000
1031.248	12460.000
1031.390	12182.000
1031.532	12278.000
1031.674	12254.000
1031.816	12322.000
1031.958	12288.000
1032.101	12315.000
1032.243	12249.000
1032.385	12311.000
1032.527	12274.000
1032.669	12307.000
1032.811	12258.000
1032.953	12329.000
1033.095	12322.000
1033.237	12343.000
1033.379	12266.000
1033.521	12271.000
1033.663	12240.000
1033.805	12370.000
1033.948	12219.000
1034.090	12220.000
1034.232	12230.000
1034.374	12271.000
1034.516	12259.000
1034.658	12330.000
1034.800	12273.000
1034.942	12368.000
1035.084	12238.000
1035.226	12353.000
1035.368	12312.000
1035.510	12249.000
1035.652	12242.000
1035.794	12327.000
1035.936	12357.000
1036.078	12374.000
1036.220	12217.000
1036.362	12352.000
1036.503	12342.000
1036.645	12279.000
1036.787	12263.000
1036.929	12359.000
1037.071	12278.000
1037.213	12242.000
1037.355	12260.000
1037.497	12374.000
1037.639	12255.000
1037.781	12318.000
1037.923	12405.000
1038.065	12299.000
1038.207	12288.000
1038.348	12221.000
1038.490	12253.000
1038.632	12411.000
1038.774	12374.000
1038.916	12329.000
1039.058	12296.000
1039.200	12260.000
1039.342	12333.000
1039.483	12330.000
1039.625	12402.000
1039.767	12435.000
1039.909	12302.000
1040.051	12348.000
1040.193	12335.000
1040.334	12374.000
1040.476	12335.000
1040.618	12374.000
1040.760	12393.000
1040.902	12430.000
1041.043	12352.000
1041.185	12245.000
1041.327	12302.000
1041.469	12431.000
1041.611	12273.000
1041.752	12299.000
1041.894	12277.000
1042.036	12299.000
1042.178	12278.000
1042.319	12311.000
1042.461	12301.000
1042.603	12411.000
1042.745	12238.000
1042.886	12396.000
1043.028	12312.000
1043.170	12342.000
1043.311	12322.000
1043.453	12323.000
1043.595	12307.000
1043.737	12422.000
1043.878	12254.000
1044.020	12348.000
1044.162	12339.000
1044.303	12420.000
1044.445	12236.000
1044.587	12347.000
1044.728	12483.000
1044.870	12377.000
1045.012	12370.000
1045.153	12433.000
1045.295	12337.000
1045.437	12411.000
1045.578	12355.000
1045.720	12407.000
1045.861	12279.000
1046.003	12548.000
1046.145	12453.000
1046.286	12507.000
1046.428	12360.000
1046.569	12455.000
1046.711	12408.000
1046.853	12451.000
1046.994	12376.000
1047.136	12458.000
1047.277	12373.000
1047.419	12474.000
1047.561	12430.000
1047.702	12472.000
1047.844	12362.000
1047.985	12449.000
1048.127	12423.000
1048.268	12472.000
1048.410	12439.000
1048.551	12492.000
1048.693	12331.000
1048.834	12486.000
1048.976	12341.000
1049.117	12480.000
1049.259	12425.000
1049.400	12597.000
1049.542	12429.000
1049.683	12483.000
1049.825	12440.000
1049.966	12437.000
1050.108	12494.000
1050.249	12519.000
1050.391	12419.000
1050.532	12576.000
1050.674	12305.000
1050.815	12534.000
1050.957	12492.000
1051.098	12528.000
1051.239	12419.000
1051.381	12549.000
1051.522	12598.000
1051.664	12506.000
1051.805	12504.000
1051.947	12604.000
1052.088	12500.000
1052.229	12590.000
1052.371	12442.000
1052.512	12619.000
1052.654	12495.000
1052.795	12553.000
1052.936	12436.000
1053.078	12554.000
1053.219	12521.000
1053.360	12525.000
1053.502	12409.000
1053.643	12553.000
1053.784	12610.000
1053.926	12660.000
1054.067	12551.000
1054.208	12662.000
1054.350	12524.000
1054.491	12658.000
1054.632	12478.000
1054.774	12598.000
1054.915	12424.000
1055.056	12595.000
1055.198	12599.000
1055.339	12703.000
1055.480	12602.000
1055.622	12658.000
1055.763	12509.000
1055.904	12589.000
1056.045	12457.000
1056.187	12603.000
1056.328	12544.000
1056.469	12477.000
1056.610	12437.000
1056.752	12559.000
1056.893	12608.000
1057.034	12492.000
1057.175	12530.000
1057.316	12588.000
1057.458	12580.000
1057.599	12602.000
1057.740	12549.000
1057.881	12657.000
1058.023	12503.000
1058.164	12580.000
1058.305	12442.000
1058.446	12687.000
1058.587	12529.000
1058.728	12504.000
1058.870	12551.000
1059.011	12549.000
1059.152	12471.000
1059.293	12467.000
1059.434	12487.000
1059.575	12621.000
1059.716	12532.000
1059.858	12581.000
1059.999	12496.000
1060.140	12617.000
1060.281	12561.000
1060.422	12506.000
1060.563	12448.000
1060.704	12590.000
1060.845	12467.000
1060.986	12543.000
1061.128	12470.000
1061.269	12583.000
1061.410	12552.000
1061.551	12533.000
1061.692	12559.000
1061.833	12894.000
1061.974	13428.000
1062.115	13871.000
1062.256	14318.000
1062.397	14586.000
1062.538	14476.000
1062.679	14623.000
1062.820	14954.000
1062.961	15395.000
1063.102	16043.000
1063.243	16916.000
1063.384	17777.000
1063.525	19219.000
1063.666	21844.000
1063.807	25097.000
1063.948	29034.000
1064.089	26722.000
1064.230	24155.000
1064.371	23875.000
1064.512	23246.000
1064.653	24019.000
1064.794	22449.000
1064.935	19672.000
1065.076	18489.000
1065.217	20146.000
1065.358	22442.000
1065.499	20200.000
1065.640	17072.000
1065.781	16124.000
1065.922	15918.000
1066.062	16005.000
1066.203	16132.000
1066.344	16336.000
1066.485	16378.000
1066.626	16756.000
1066.767	16859.000
1066.908	16986.000
1067.049	17156.000
1067.190	17227.000
1067.330	17289.000
1067.471	17264.000
1067.612	16969.000
1067.753	16708.000
1067.894	16293.000
1068.035	15517.000
1068.176	14621.000
1068.316	13768.000
1068.457	13347.000
1068.598	12968.000
1068.739	12764.000
1068.880	12765.000
1069.020	12613.000
1069.161	12680.000
1069.302	12720.000
1069.443	12673.000
1069.584	12593.000
1069.724	12779.000
1069.865	12685.000
1070.006	12733.000
1070.147	12711.000
1070.287	12683.000
1070.428	12672.000
1070.569	12635.000
1070.710	12722.000
1070.850	12707.000
1070.991	12627.000
1071.132	12642.000
1071.273	12738.000
1071.413	12691.000
1071.554	12654.000
1071.695	12635.000
1071.836	12654.000
1071.976	12836.000
1072.117	12642.000
1072.258	12685.000
1072.398	12669.000
1072.539	12797.000
1072.680	13505.000
1072.820	12668.000
1072.961	12676.000
1073.102	12691.000
1073.242	12598.000
1073.383	12783.000
1073.524	12593.000
1073.664	12787.000
1073.805	12609.000
1073.946	12558.000
1074.086	12697.000
1074.227	12654.000
1074.367	12624.000
1074.508	12666.000
1074.649	12625.000
1074.789	12756.000
1074.930	12567.000
1075.070	12581.000
1075.211	12583.000
1075.352	12611.000
1075.492	12574.000
1075.633	12611.000
1075.773	12608.000
1075.914	12568.000
1076.054	12638.000
1076.195	12595.000
1076.335	12545.000
1076.476	12751.000
1076.617	12610.000
1076.757	12608.000
1076.898	12595.000
1077.038	12580.000
1077.179	12589.000
1077.319	12613.000
1077.460	12675.000
1077.600	12577.000
1077.741	12678.000
1077.881	12638.000
1078.022	12638.000
1078.162	12668.000
1078.303	12596.000
1078.443	12722.000
1078.584	12685.000
1078.724	12786.000
1078.864	12736.000
1079.005	12688.000
1079.145	12746.000
1079.286	12693.000
1079.426	12724.000
1079.567	12705.000
1079.707	12704.000
1079.848	12727.000
1079.988	12754.000
1080.128	12754.000
1080.269	12813.000
1080.409	12722.000
1080.550	12723.000
1080.690	12643.000
1080.830	12697.000
1080.971	12695.000
1081.111	12662.000
1081.252	12812.000
1081.392	12703.000
1081.532	12783.000
1081.673	12740.000
1081.813	12755.000
1081.953	12799.000
1082.094	12788.000
1082.234	12710.000
1082.374	12859.000
1082.515	12835.000
1082.655	12948.000
1082.795	12896.000
1082.936	12974.000
1083.076	12839.000
1083.216	12958.000
1083.356	12886.000
1083.497	12962.000
1083.637	12895.000
1083.777	13099.000
1083.918	12967.000
1084.058	13105.000
1084.198	13006.000
1084.338	13124.000
1084.479	13056.000
1084.619	13115.000
1084.759	13174.000
1084.899	13329.000
1085.040	13291.000
1085.180	13292.000
1085.320	13363.000
1085.460	13435.000
1085.601	13437.000
1085.741	13423.000
1085.881	13497.000
1086.021	13629.000
1086.161	13538.000
1086.302	13547.000
1086.442	13647.000
1086.582	13779.000
1086.722	13654.000
1086.862	13852.000
1087.002	13773.000
1087.143	14043.000
1087.283	14073.000
1087.423	14022.000
1087.563	13965.000
1087.703	14075.000
1087.843	14089.000
1087.984	14183.000
1088.124	14196.000
1088.264	14331.000
1088.404	14356.000
1088.544	14383.000
1088.684	14422.000
1088.824	14527.000
1088.964	14564.000
1089.104	14629.000
1089.244	14622.000
1089.385	14742.000
1089.525	14644.000
1089.665	14764.000
1089.805	14729.000
1089.945	14869.000
1090.085	14712.000
1090.225	14947.000
1090.365	14966.000
1090.505	14862.000
1090.645	14928.000
1090.785	14974.000
1090.925	14941.000
1091.065	15014.000
1091.205	14974.000
1091.345	14906.000
1091.485	14876.000
1091.625	14891.000
1091.765	14861.000
1091.905	14807.000
1092.045	14860.000
1092.185	14823.000
1092.325	14809.000
1092.465	14766.000
1092.605	14670.000
1092.745	14795.000
1092.885	14788.000
1093.025	14682.000
1093.165	14766.000
1093.305	14751.000
1093.445	14724.000
1093.585	14772.000
1093.725	12710.000
1093.865	14848.000
1094.005	14835.000
1094.144	14879.000
1094.284	14881.000
1094.424	15112.000
1094.564	14999.000
1094.704	15134.000
1094.844	15077.000
1094.984	15156.000
1095.124	14999.000
1095.264	15048.000
1095.403	14958.000
1095.543	15038.000
1095.683	14866.000
1095.823	14808.000
1095.963	14624.000
1096.103	14693.000
1096.243	14519.000
1096.382	14502.000
1096.522	14605.000
1096.662	14458.000
1096.802	14418.000
1096.942	14418.000
1097.081	14283.000
1097.221	14434.000
1097.361	14230.000
1097.501	14337.000
1097.641	14270.000
1097.780	14231.000
1097.920	14227.000
1098.060	14146.000
1098.200	14114.000
1098.339	14028.000
1098.479	13993.000
1098.619	13965.000
1098.759	13975.000
1098.899	14055.000
1099.038	13957.000
1099.178	14042.000
1099.318	13828.000
1099.457	13914.000
1099.597	13821.000
1099.737	13845.000
1099.877	13751.000
1100.016	13834.000
1100.156	13733.000
1100.296	13783.000
1100.435	13739.000
1100.575	13792.000
1100.715	13843.000
1100.854	13814.000
1100.994	13779.000
1101.134	13877.000
1101.273	13707.000
1101.413	13775.000
1101.553	13784.000
1101.692	13867.000
1101.832	13767.000
1101.972	13969.000
1102.111	19719.000
1102.251	13995.000
1102.390	13875.000
1102.530	13891.000
1102.670	13920.000
1102.809	13977.000
1102.949	13838.000
1103.088	13954.000
1103.228	14025.000
1103.368	14114.000
1103.507	14064.000
1103.647	14039.000
1103.786	13992.000
1103.926	14100.000
1104.066	14176.000
1104.205	14184.000
1104.345	14124.000
1104.484	14275.000
1104.624	14158.000
1104.763	14258.000
1104.903	14266.000
1105.042	14389.000
1105.182	14287.000
1105.321	14387.000
1105.461	14369.000
1105.600	14371.000
1105.740	14348.000
1105.879	14316.000
1106.019	14428.000
1106.158	14491.000
1106.298	14425.000
1106.437	14519.000
1106.577	14455.000
1106.716	14659.000
1106.856	14551.000
1106.995	14639.000
1107.135	14546.000
1107.274	14674.000
1107.413	14487.000
1107.553	14731.000
1107.692	14665.000
1107.832	14779.000
1107.971	14642.000
1108.111	14887.000
1108.250	14839.000
1108.389	14895.000
1108.529	14888.000
1108.668	14948.000
1108.808	14836.000
1108.947	15095.000
1109.086	15113.000
1109.226	14969.000
1109.365	15065.000
1109.504	15225.000
1109.644	15179.000
1109.783	15182.000
1109.922	15207.000
1110.062	15307.000
1110.201	15382.000
1110.340	15362.000
1110.480	15410.000
1110.619	15496.000
1110.758	15494.000
1110.898	15598.000
1111.037	15533.000
1111.176	15715.000
1111.316	15569.000
1111.455	15736.000
1111.594	15815.000
1111.734	15941.000
1111.873	15837.000
1112.012	15858.000
1112.151	16014.000
1112.291	16116.000
1112.430	16060.000
1112.569	16187.000
1112.708	16135.000
1112.848	16320.000
1112.987	16236.000
1113.126	16313.000
1113.265	16426.000
1113.405	16535.000
1113.544	16505.000
1113.683	16492.000
1113.822	16636.000
1113.961	16863.000
1114.101	16813.000
1114.240	16813.000
1114.379	16948.000
1114.518	16909.000
1114.657	17118.000
1114.797	17167.000
