1389.877	13113.000
1390.026	12957.000
1390.174	13101.000
1390.323	13026.000
1390.472	13109.000
1390.621	13100.000
1390.770	13099.000
1390.919	13039.000
1391.067	13067.000
1391.216	13018.000
1391.365	13042.000
1391.514	13033.000
1391.662	13070.000
1391.811	12897.000
1391.960	13073.000
1392.109	13059.000
1392.257	12933.000
1392.406	13023.000
1392.555	13005.000
1392.703	13026.000
1392.852	12990.000
1393.000	12887.000
1393.149	13143.000
1393.298	12926.000
1393.446	13030.000
1393.595	12913.000
1393.743	13094.000
1393.892	12861.000
1394.040	12998.000
1394.189	12899.000
1394.337	13073.000
1394.486	12957.000
1394.634	13069.000
1394.783	12970.000
1394.931	12998.000
1395.079	12925.000
1395.228	13119.000
1395.376	12850.000
1395.525	13110.000
1395.673	12926.000
1395.821	13065.000
1395.970	12984.000
1396.118	13049.000
1396.266	13003.000
1396.414	12946.000
1396.563	12925.000
1396.711	13056.000
1396.859	12845.000
1397.007	13021.000
1397.156	12876.000
1397.304	13013.000
1397.452	12820.000
1397.600	13043.000
1397.748	12921.000
1397.896	12983.000
1398.045	12838.000
1398.193	12929.000
1398.341	12835.000
1398.489	12906.000
1398.637	12751.000
1398.785	12964.000
1398.933	12771.000
1399.081	12893.000
1399.229	12765.000
1399.377	12880.000
1399.525	12848.000
1399.673	12948.000
1399.821	12697.000
1399.969	12884.000
1400.117	12822.000
1400.265	12924.000
1400.413	12716.000
1400.561	12922.000
1400.708	12824.000
1400.856	12837.000
1401.004	12735.000
1401.152	12791.000
1401.300	12692.000
1401.448	12804.000
1401.595	12815.000
1401.743	12781.000
1401.891	12752.000
1402.039	12849.000
1402.186	12664.000
1402.334	12689.000
1402.482	12576.000
1402.629	12724.000
1402.777	12567.000
1402.925	12721.000
1403.072	12581.000
1403.220	12704.000
1403.368	12601.000
1403.515	12706.000
1403.663	12614.000
1403.810	12772.000
1403.958	12598.000
1404.105	12691.000
1404.253	12616.000
1404.400	12776.000
1404.548	12632.000
1404.695	12720.000
1404.843	12563.000
1404.990	12608.000
1405.138	12441.000
1405.285	12652.000
1405.433	12628.000
1405.580	12611.000
1405.727	12571.000
1405.875	12632.000
1406.022	12558.000
1406.170	12709.000
1406.317	12596.000
1406.464	12561.000
1406.611	12655.000
1406.759	12591.000
1406.906	12466.000
1407.053	12671.000
1407.201	12572.000
1407.348	12656.000
1407.495	12516.000
1407.642	12614.000
1407.789	12553.000
1407.937	12603.000
1408.084	12581.000
1408.231	12597.000
1408.378	12545.000
1408.525	12493.000
1408.672	12469.000
1408.819	12732.000
1408.966	12609.000
1409.113	12655.000
1409.260	12578.000
1409.407	12697.000
1409.554	12569.000
1409.701	12676.000
1409.848	12534.000
1409.995	12696.000
1410.142	12654.000
1410.289	12674.000
1410.436	12621.000
1410.583	12686.000
1410.730	12642.000
1410.877	12680.000
1411.024	12467.000
1411.171	12672.000
1411.318	12635.000
1411.464	12695.000
1411.611	12551.000
1411.758	12614.000
1411.905	12583.000
1412.052	12607.000
1412.198	12504.000
1412.345	12505.000
1412.492	12531.000
1412.638	12509.000
1412.785	12579.000
1412.932	12628.000
1413.079	12495.000
1413.225	12616.000
1413.372	12509.000
1413.518	12597.000
1413.665	12433.000
1413.812	12561.000
1413.958	12547.000
1414.105	12522.000
1414.251	12512.000
1414.398	12619.000
1414.544	12493.000
1414.691	12580.000
1414.838	12550.000
1414.984	12484.000
1415.130	12495.000
1415.277	12510.000
1415.423	12471.000
1415.570	12596.000
1415.716	12528.000
1415.863	12477.000
1416.009	12464.000
1416.155	12373.000
1416.302	12389.000
1416.448	12459.000
1416.594	12528.000
1416.741	12505.000
1416.887	12457.000
1417.033	12387.000
1417.180	12330.000
1417.326	12422.000
1417.472	12345.000
1417.618	12468.000
1417.765	12443.000
1417.911	12353.000
1418.057	12349.000
1418.203	12314.000
1418.349	12347.000
1418.495	12351.000
1418.642	12381.000
1418.788	12348.000
1418.934	12330.000
1419.080	12264.000
1419.226	12374.000
1419.372	12431.000
1419.518	12283.000
1419.664	12402.000
1419.810	12269.000
1419.956	12287.000
1420.102	12290.000
1420.248	12352.000
1420.394	12346.000
1420.540	12284.000
1420.686	12339.000
1420.832	12301.000
1420.978	12296.000
1421.124	12204.000
1421.270	12329.000
1421.415	12278.000
1421.561	12259.000
1421.707	12193.000
1421.853	12255.000
1421.999	12203.000
1422.144	12232.000
1422.290	12298.000
1422.436	12358.000
1422.582	12259.000
1422.727	12319.000
1422.873	12098.000
1423.019	12304.000
1423.165	12176.000
1423.310	12274.000
1423.456	12226.000
1423.602	12376.000
1423.747	12280.000
1423.893	12218.000
1424.038	12303.000
1424.184	12300.000
1424.330	12203.000
1424.475	12282.000
1424.621	12239.000
1424.766	12268.000
1424.912	12226.000
1425.057	12204.000
1425.203	12235.000
1425.348	12164.000
1425.494	12248.000
1425.639	12235.000
1425.785	12223.000
1425.930	12299.000
1426.075	12202.000
1426.221	12282.000
1426.366	12391.000
1426.512	12329.000
1426.657	12322.000
1426.802	12193.000
1426.948	12236.000
1427.093	12243.000
1427.238	12178.000
1427.383	12232.000
1427.529	12395.000
1427.674	12349.000
1427.819	12266.000
1427.964	12330.000
1428.110	12386.000
1428.255	12230.000
1428.400	12257.000
1428.545	12311.000
1428.690	12284.000
1428.835	12271.000
1428.981	12205.000
1429.126	12347.000
1429.271	12245.000
1429.416	12260.000
1429.561	12320.000
1429.706	12297.000
1429.851	12299.000
1429.996	12308.000
1430.141	12343.000
1430.286	12251.000
1430.431	12265.000
1430.576	12434.000
1430.721	12311.000
1430.866	12238.000
1431.011	12332.000
1431.156	12318.000
1431.301	12212.000
1431.445	12345.000
1431.590	12416.000
1431.735	12361.000
1431.880	12285.000
1432.025	12307.000
1432.170	12330.000
1432.314	12276.000
1432.459	12273.000
1432.604	12271.000
1432.749	12311.000
1432.893	12324.000
1433.038	12314.000
1433.183	12300.000
1433.328	12154.000
1433.472	12397.000
1433.617	12239.000
1433.762	12213.000
1433.906	12220.000
1434.051	12298.000
1434.195	12278.000
1434.340	12238.000
1434.485	12361.000
1434.629	12177.000
1434.774	12236.000
1434.918	12312.000
1435.063	12270.000
1435.207	12240.000
1435.352	12203.000
1435.496	12370.000
1435.641	12330.000
1435.785	12272.000
1435.930	12237.000
1436.074	12251.000
1436.219	12282.000
1436.363	12299.000
1436.507	12157.000
1436.652	12295.000
1436.796	12218.000
1436.940	12128.000
1437.085	12224.000
1437.229	12228.000
1437.373	12200.000
1437.518	12347.000
1437.662	12152.000
1437.806	12099.000
1437.950	12165.000
1438.095	12344.000
1438.239	12251.000
1438.383	12160.000
1438.527	12060.000
1438.671	12286.000
1438.815	12135.000
1438.960	12230.000
1439.104	12196.000
1439.248	12250.000
1439.392	12140.000
1439.536	12197.000
1439.680	12231.000
1439.824	12287.000
1439.968	12188.000
1440.112	12286.000
1440.256	12084.000
1440.400	12148.000
1440.544	12181.000
1440.688	12156.000
1440.832	12030.000
1440.976	12292.000
1441.120	12035.000
1441.264	12103.000
1441.408	12126.000
1441.552	12252.000
1441.696	12127.000
1441.839	12208.000
1441.983	12171.000
1442.127	12077.000
1442.271	12075.000
1442.415	12076.000
1442.559	12222.000
1442.702	12086.000
1442.846	12090.000
1442.990	12037.000
1443.133	12093.000
1443.277	12142.000
1443.421	12119.000
1443.565	12048.000
1443.708	12137.000
1443.852	12084.000
1443.996	12089.000
1444.139	12081.000
1444.283	12016.000
1444.426	12151.000
1444.570	12033.000
1444.714	12075.000
1444.857	12073.000
1445.001	12168.000
1445.144	12071.000
1445.288	12235.000
1445.431	11941.000
1445.575	12201.000
1445.718	12055.000
1445.862	12147.000
1446.005	12011.000
1446.148	12155.000
1446.292	12103.000
1446.435	12045.000
1446.579	12063.000
1446.722	12103.000
1446.865	12058.000
1447.009	12089.000
1447.152	12075.000
1447.295	12075.000
1447.439	12133.000
1447.582	12076.000
1447.725	12069.000
1447.869	12114.000
1448.012	12007.000
1448.155	12125.000
1448.298	11491.000
1448.441	12160.000
1448.585	12133.000
1448.728	12054.000
1448.871	12134.000
1449.014	12053.000
1449.157	11957.000
1449.300	12023.000
1449.443	12105.000
1449.586	12159.000
1449.730	11960.000
1449.873	12053.000
1450.016	12014.000
1450.159	12106.000
1450.302	12018.000
1450.445	12017.000
1450.588	11964.000
1450.731	12106.000
1450.874	12055.000
1451.017	12088.000
1451.160	11988.000
1451.302	12158.000
1451.445	12024.000
1451.588	12096.000
1451.731	12053.000
1451.874	12054.000
1452.017	11881.000
1452.160	12013.000
1452.302	12035.000
1452.445	12273.000
1452.588	11985.000
1452.731	12081.000
1452.874	12035.000
1453.016	12134.000
1453.159	12069.000
1453.302	12129.000
1453.444	12052.000
1453.587	12131.000
1453.730	12066.000
1453.872	12060.000
1454.015	12041.000
1454.158	12119.000
1454.300	12096.000
1454.443	12148.000
1454.586	12015.000
1454.728	12036.000
1454.871	11999.000
1455.013	12141.000
1455.156	11953.000
1455.298	12005.000
1455.441	11977.000
1455.583	12053.000
1455.726	11966.000
1455.868	12061.000
1456.011	12039.000
1456.153	12140.000
1456.296	11985.000
1456.438	12142.000
1456.580	12079.000
1456.723	12024.000
1456.865	11952.000
1457.007	12057.000
1457.150	12063.000
1457.292	12123.000
1457.434	11943.000
1457.577	12099.000
1457.719	12027.000
1457.861	12039.000
1458.003	11976.000
1458.146	12058.000
1458.288	12005.000
1458.430	11989.000
1458.572	11991.000
1458.714	12108.000
1458.857	12012.000
1458.999	12061.000
1459.141	12082.000
1459.283	12075.000
1459.425	12013.000
1459.567	11991.000
1459.709	11983.000
1459.851	12156.000
1459.993	12118.000
1460.135	12054.000
1460.277	12001.000
1460.419	11973.000
1460.561	12055.000
1460.703	12068.000
1460.845	12136.000
1460.987	12177.000
1461.129	12015.000
1461.271	12067.000
1461.413	12036.000
1461.555	12117.000
1461.697	12026.000
1461.839	12098.000
1461.981	12117.000
1462.122	12128.000
1462.264	12093.000
1462.406	11958.000
1462.548	11997.000
1462.690	12159.000
1462.831	11919.000
1462.973	12003.000
1463.115	11975.000
1463.257	11988.000
1463.398	11963.000
1463.540	12057.000
1463.682	11992.000
1463.823	12118.000
1463.965	11912.000
1464.107	12110.000
1464.248	12035.000
1464.390	12065.000
1464.531	11988.000
1464.673	12032.000
1464.815	11974.000
1464.956	12060.000
1465.098	11939.000
1465.239	12029.000
1465.381	11973.000
1465.522	12059.000
1465.664	11929.000
1465.805	12025.000
1465.947	12147.000
1466.088	12066.000
1466.229	12027.000
1466.371	12074.000
1466.512	11984.000
1466.654	12123.000
1466.795	11943.000
1466.936	12066.000
1467.078	11895.000
1467.219	12202.000
1467.360	12064.000
1467.502	12174.000
1467.643	11943.000
1467.784	12106.000
1467.925	12065.000
1468.067	12064.000
1468.208	11976.000
1468.349	12096.000
1468.490	11962.000
1468.631	12105.000
1468.773	12051.000
1468.914	12098.000
1469.055	11979.000
1469.196	12035.000
1469.337	12010.000
1469.478	12051.000
1469.619	11996.000
1469.760	12110.000
1469.901	11911.000
1470.042	12087.000
1470.183	11901.000
1470.324	12070.000
1470.465	12039.000
1470.606	12184.000
1470.747	12013.000
1470.888	12036.000
1471.029	11947.000
1471.170	11986.000
1471.311	12034.000
1471.452	12087.000
1471.593	11985.000
1471.734	12140.000
1471.875	11819.000
1472.015	12063.000
1472.156	11968.000
1472.297	12066.000
1472.438	11915.000
1472.579	12033.000
1472.719	12061.000
1472.860	12004.000
1473.001	11996.000
1473.142	12095.000
1473.282	11948.000
1473.423	12101.000
1473.564	11921.000
1473.704	12072.000
1473.845	11952.000
1473.986	11966.000
1474.126	11866.000
1474.267	12033.000
1474.408	11970.000
1474.548	11973.000
1474.689	11855.000
1474.829	11994.000
1474.970	11987.000
1475.110	12095.000
1475.251	11983.000
1475.391	12042.000
1475.532	11903.000
1475.672	12035.000
1475.813	11858.000
1475.953	11959.000
1476.094	11760.000
1476.234	11935.000
1476.374	11924.000
1476.515	12062.000
1476.655	11915.000
1476.796	11995.000
1476.936	11829.000
1477.076	11959.000
1477.217	11759.000
1477.357	11920.000
1477.497	11838.000
1477.637	11817.000
1477.778	11720.000
1477.918	11860.000
1478.058	11874.000
1478.198	11832.000
1478.338	11831.000
1478.479	11858.000
1478.619	11821.000
1478.759	11849.000
1478.899	11758.000
1479.039	11911.000
1479.179	11777.000
1479.319	11860.000
1479.460	11701.000
1479.600	11911.000
1479.740	11761.000
1479.880	11765.000
1480.020	11775.000
1480.160	11791.000
1480.300	11702.000
1480.440	11702.000
1480.580	11684.000
1480.720	11886.000
1480.860	11736.000
1481.000	11803.000
1481.139	11700.000
1481.279	11795.000
1481.419	11729.000
1481.559	11695.000
1481.699	11651.000
1481.839	11790.000
1481.979	11621.000
1482.118	11767.000
1482.258	11641.000
1482.398	11771.000
1482.538	11721.000
1482.678	11690.000
1482.817	11597.000
1482.957	11790.000
1483.097	11688.000
1483.236	11739.000
1483.376	11697.000
1483.516	11799.000
1483.655	11587.000
1483.795	11714.000
1483.935	11756.000
1484.074	11824.000
1484.214	11677.000
1484.354	11704.000
1484.493	11659.000
1484.633	11691.000
1484.772	11631.000
1484.912	11739.000
1485.051	11631.000
1485.191	11754.000
1485.330	11634.000
1485.470	11670.000
1485.609	11631.000
1485.749	11846.000
1485.888	11692.000
1486.027	11770.000
1486.167	11606.000
1486.306	11794.000
1486.446	11693.000
1486.585	11793.000
1486.724	11639.000
1486.864	11824.000
1487.003	11671.000
1487.142	11736.000
1487.282	11653.000
1487.421	11785.000
1487.560	11639.000
1487.699	11786.000
1487.839	11701.000
1487.978	11714.000
1488.117	11774.000
1488.256	11724.000
1488.395	11768.000
1488.535	11823.000
1488.674	11730.000
1488.813	11743.000
1488.952	11640.000
1489.091	11783.000
1489.230	11712.000
1489.369	11688.000
1489.508	11717.000
1489.647	11762.000
1489.786	11728.000
1489.925	11814.000
1490.064	11688.000
1490.203	11767.000
1490.342	11797.000
1490.481	11750.000
1490.620	11695.000
1490.759	11902.000
1490.898	11786.000
1491.037	11831.000
1491.176	11823.000
1491.315	11821.000
1491.454	11782.000
1491.592	11776.000
1491.731	11807.000
1491.870	11866.000
1492.009	11734.000
1492.148	11783.000
1492.286	11851.000
1492.425	11842.000
1492.564	11743.000
1492.703	11758.000
1492.841	11734.000
1492.980	11948.000
1493.119	11752.000
1493.257	11812.000
1493.396	11795.000
1493.535	11977.000
1493.673	12626.000
1493.812	11832.000
1493.951	11787.000
1494.089	11886.000
1494.228	11703.000
1494.366	11886.000
1494.505	11731.000
1494.643	11906.000
1494.782	11790.000
1494.920	11726.000
1495.059	11843.000
1495.197	11845.000
1495.336	11804.000
1495.474	11836.000
1495.613	11752.000
1495.751	11948.000
1495.890	11736.000
1496.028	11766.000
1496.166	11727.000
1496.305	11796.000
1496.443	11730.000
1496.581	11791.000
1496.720	11758.000
1496.858	11773.000
1496.996	11798.000
1497.135	11720.000
1497.273	11701.000
1497.411	11897.000
1497.549	11759.000
1497.688	11765.000
1497.826	11704.000
1497.964	11718.000
1498.102	11745.000
1498.240	11754.000
1498.378	11718.000
1498.517	11659.000
1498.655	11736.000
1498.793	11730.000
1498.931	11707.000
1499.069	11742.000
1499.207	11653.000
1499.345	11782.000
1499.483	11724.000
1499.621	11855.000
1499.759	11740.000
1499.897	11735.000
1500.035	11772.000
1500.173	11751.000
1500.311	11771.000
1500.449	11752.000
1500.587	11755.000
1500.725	11770.000
1500.863	11764.000
1501.001	11782.000
1501.138	11836.000
1501.276	11778.000
1501.414	11779.000
1501.552	11724.000
1501.690	11767.000
1501.828	11787.000
1501.965	11714.000
1502.103	11850.000
1502.241	11789.000
1502.379	11870.000
1502.516	11768.000
1502.654	11804.000
1502.792	11806.000
1502.929	11864.000
1503.067	11696.000
1503.205	11886.000
1503.342	11823.000
1503.480	11883.000
1503.618	11820.000
1503.755	11918.000
1503.893	11799.000
1504.030	11917.000
1504.168	11781.000
1504.305	11888.000
1504.443	11787.000
1504.580	11962.000
1504.718	11826.000
1504.855	11925.000
1504.993	11821.000
1505.130	11960.000
1505.268	11818.000
1505.405	11901.000
1505.543	11852.000
1505.680	12011.000
1505.817	11962.000
1505.955	11951.000
1506.092	12022.000
1506.229	12067.000
1506.367	12002.000
1506.504	11949.000
1506.641	12007.000
1506.779	12080.000
1506.916	11952.000
1507.053	11951.000
1507.190	11968.000
1507.328	12135.000
1507.465	11888.000
1507.602	12113.000
1507.739	11923.000
1507.876	12166.000
1508.014	12109.000
1508.151	12047.000
1508.288	11927.000
1508.425	12049.000
1508.562	11962.000
1508.699	12030.000
1508.836	12009.000
1508.973	12104.000
1509.110	12010.000
1509.247	12016.000
1509.384	12017.000
1509.521	12100.000
1509.658	12046.000
1509.795	12052.000
1509.932	11980.000
1510.069	12152.000
1510.206	11977.000
1510.343	12051.000
1510.480	11969.000
1510.617	12101.000
1510.754	11852.000
1510.890	12087.000
1511.027	12068.000
1511.164	11966.000
1511.301	11990.000
1511.438	12113.000
1511.575	11958.000
1511.711	12069.000
1511.848	12036.000
1511.985	11993.000
1512.121	11911.000
1512.258	12026.000
1512.395	11925.000
1512.532	11955.000
1512.668	11970.000
1512.805	12005.000
1512.942	11984.000
1513.078	11980.000
1513.215	11907.000
1513.351	12043.000
1513.488	12050.000
1513.625	12042.000
1513.761	12024.000
1513.898	12083.000
1514.034	11958.000
1514.171	12023.000
1514.307	9949.000
1514.444	11974.000
1514.580	11954.000
1514.717	11925.000
1514.853	11876.000
1514.989	12046.000
1515.126	11909.000
1515.262	12006.000
1515.399	11949.000
1515.535	12013.000
1515.671	11887.000
1515.808	11974.000
1515.944	11883.000
1516.080	12025.000
1516.217	11967.000
1516.353	11961.000
1516.489	11876.000
1516.625	11986.000
1516.762	11806.000
1516.898	11857.000
1517.034	11907.000
1517.170	11884.000
1517.307	11857.000
1517.443	11862.000
1517.579	11775.000
1517.715	11995.000
1517.851	11763.000
1517.987	11984.000
1518.123	11858.000
1518.259	11868.000
1518.396	11885.000
1518.532	11815.000
1518.668	11783.000
1518.804	11802.000
1518.940	11754.000
1519.076	11740.000
1519.212	11782.000
1519.348	11872.000
1519.484	11740.000
1519.620	11879.000
1519.755	11698.000
1519.891	11797.000
1520.027	11697.000
1520.163	11720.000
1520.299	11624.000
1520.435	11756.000
1520.571	11642.000
1520.707	11726.000
1520.842	11611.000
1520.978	11743.000
1521.114	11759.000
1521.250	11763.000
1521.385	11695.000
1521.521	11842.000
1521.657	11675.000
1521.793	11707.000
1521.928	11741.000
1522.064	11839.000
1522.200	11700.000
1522.335	11897.000
1522.471	17913.000
1522.607	11899.000
1522.742	11767.000
1522.878	11771.000
1523.013	11799.000
1523.149	11817.000
1523.285	11663.000
1523.420	11791.000
1523.556	11861.000
1523.691	11960.000
1523.827	11830.000
1523.962	11865.000
1524.098	11811.000
1524.233	11849.000
1524.369	11907.000
1524.504	11964.000
1524.639	11821.000
1524.775	11957.000
1524.910	11790.000
1525.046	11898.000
1525.181	11900.000
1525.316	12003.000
1525.452	11892.000
1525.587	11974.000
1525.722	11907.000
1525.858	11924.000
1525.993	11869.000
1526.128	11863.000
1526.263	11892.000
1526.399	11975.000
1526.534	11860.000
1526.669	11934.000
1526.804	11825.000
1526.939	12077.000
1527.074	11894.000
1527.210	12017.000
1527.345	11811.000
1527.480	11941.000
1527.615	11710.000
1527.750	11936.000
1527.885	11842.000
1528.020	11966.000
1528.155	11786.000
1528.290	11970.000
1528.425	11877.000
1528.560	11962.000
1528.695	11879.000
1528.830	12035.000
1528.965	11864.000
1529.100	12120.000
1529.235	12035.000
1529.370	11927.000
1529.505	11940.000
1529.640	12099.000
1529.775	11965.000
1529.910	12017.000
1530.044	11946.000
1530.179	12033.000
1530.314	12040.000
1530.449	12032.000
1530.584	12013.000
1530.718	12094.000
1530.853	12007.000
1530.988	12106.000
1531.123	11953.000
1531.257	12115.000
1531.392	11883.000
1531.527	12066.000
1531.661	12056.000
1531.796	12170.000
1531.931	12019.000
1532.065	12061.000
1532.200	12152.000
1532.335	12235.000
1532.469	12195.000
1532.604	12256.000
1532.738	12174.000
1532.873	12364.000
1533.007	12190.000
1533.142	12187.000
1533.276	12180.000
1533.411	12268.000
1533.545	12154.000
1533.680	12110.000
1533.814	12152.000
1533.949	12305.000
1534.083	12233.000
1534.218	12223.000
1534.352	12285.000
1534.486	12228.000
1534.621	12284.000
1534.755	12236.000
