1249.954	3220.000
1250.101	3263.000
1250.248	3181.000
1250.395	3383.000
1250.542	3174.000
1250.689	3371.000
1250.836	3178.000
1250.983	3343.000
1251.130	3180.000
1251.278	3318.000
1251.425	3120.000
1251.572	3346.000
1251.719	3187.000
1251.866	3285.000
1252.013	3157.000
1252.160	3393.000
1252.307	3124.000
1252.454	3376.000
1252.601	3124.000
1252.748	3361.000
1252.895	3138.000
1253.042	3276.000
1253.188	3272.000
1253.335	3300.000
1253.482	3261.000
1253.629	3303.000
1253.776	3216.000
1253.923	3311.000
1254.070	3171.000
1254.217	3309.000
1254.364	3196.000
1254.510	3364.000
1254.657	3253.000
1254.804	3310.000
1254.951	3175.000
1255.098	3341.000
1255.244	3239.000
1255.391	3298.000
1255.538	3239.000
1255.685	3358.000
1255.831	3181.000
1255.978	3385.000
1256.125	3156.000
1256.271	3381.000
1256.418	3182.000
1256.565	3346.000
1256.711	3220.000
1256.858	3311.000
1257.005	3206.000
1257.151	3347.000
1257.298	3148.000
1257.445	3317.000
1257.591	3219.000
1257.738	3360.000
1257.884	3171.000
1258.031	3362.000
1258.177	3150.000
1258.324	3335.000
1258.470	3156.000
1258.617	3284.000
1258.763	3232.000
1258.910	3303.000
1259.056	3185.000
1259.203	3271.000
1259.349	3112.000
1259.496	3373.000
1259.642	3215.000
1259.789	3309.000
1259.935	3171.000
1260.082	3300.000
1260.228	3198.000
1260.374	3308.000
1260.521	3183.000
1260.667	3321.000
1260.813	3106.000
1260.960	3292.000
1261.106	3159.000
1261.252	3297.000
1261.399	3210.000
1261.545	3358.000
1261.691	3149.000
1261.837	3284.000
1261.984	3200.000
1262.130	3316.000
1262.276	3157.000
1262.422	3271.000
1262.569	3159.000
1262.715	3288.000
1262.861	3173.000
1263.007	3287.000
1263.153	3154.000
1263.300	3324.000
1263.446	3214.000
1263.592	3287.000
1263.738	3191.000
1263.884	3305.000
1264.030	3119.000
1264.176	3290.000
1264.322	3155.000
1264.468	3327.000
1264.614	3161.000
1264.761	3235.000
1264.907	3122.000
1265.053	3233.000
1265.199	3127.000
1265.345	3325.000
1265.491	3115.000
1265.637	3268.000
1265.783	3140.000
1265.928	3240.000
1266.074	3147.000
1266.220	3286.000
1266.366	2990.000
1266.512	3272.000
1266.658	3155.000
1266.804	3236.000
1266.950	3145.000
1267.096	3285.000
1267.242	3141.000
1267.387	3266.000
1267.533	3113.000
1267.679	3244.000
1267.825	3148.000
1267.971	3323.000
1268.117	3097.000
1268.262	3276.000
1268.408	3087.000
1268.554	3193.000
1268.700	3184.000
1268.845	3276.000
1268.991	3111.000
1269.137	3252.000
1269.282	3086.000
1269.428	3223.000
1269.574	3074.000
1269.719	3235.000
1269.865	3151.000
1270.011	3277.000
1270.156	3067.000
1270.302	3243.000
1270.448	3150.000
1270.593	3256.000
1270.739	3078.000
1270.884	3207.000
1271.030	3110.000
1271.176	3297.000
1271.321	3152.000
1271.467	3234.000
1271.612	3105.000
1271.758	3267.000
1271.903	3136.000
1272.049	3246.000
1272.194	3123.000
1272.340	3208.000
1272.485	3074.000
1272.630	3274.000
1272.776	3129.000
1272.921	3293.000
1273.067	3100.000
1273.212	3271.000
1273.358	3146.000
1273.503	3226.000
1273.648	3123.000
1273.794	3275.000
1273.939	3078.000
1274.084	3248.000
1274.230	3143.000
1274.375	3266.000
1274.520	3127.000
1274.666	3300.000
1274.811	3077.000
1274.956	3260.000
1275.101	3109.000
1275.247	3222.000
1275.392	3141.000
1275.537	3281.000
1275.682	3055.000
1275.827	3284.000
1275.973	3038.000
1276.118	3220.000
1276.263	3131.000
1276.408	3303.000
1276.553	3131.000
1276.698	3288.000
1276.844	3075.000
1276.989	3192.000
1277.134	3155.000
1277.279	3258.000
1277.424	3176.000
1277.569	3322.000
1277.714	3103.000
1277.859	3265.000
1278.004	3100.000
1278.149	3272.000
1278.294	3165.000
1278.439	3361.000
1278.584	3094.000
1278.729	3270.000
1278.874	3058.000
1279.019	3347.000
1279.164	3220.000
1279.309	3272.000
1279.454	3199.000
1279.599	3275.000
1279.744	3130.000
1279.888	3279.000
1280.033	3154.000
1280.178	3358.000
1280.323	3103.000
1280.468	3308.000
1280.613	3129.000
1280.758	3314.000
1280.902	3137.000
1281.047	3382.000
1281.192	3147.000
1281.337	3302.000
1281.481	3099.000
1281.626	3264.000
1281.771	3081.000
1281.916	3290.000
1282.060	3181.000
1282.205	3298.000
1282.350	3179.000
1282.495	3331.000
1282.639	3064.000
1282.784	3325.000
1282.929	3133.000
1283.073	3285.000
1283.218	3149.000
1283.362	3357.000
1283.507	3167.000
1283.652	3318.000
1283.796	3155.000
1283.941	3338.000
1284.085	3147.000
1284.230	3288.000
1284.374	3204.000
1284.519	3342.000
1284.663	3136.000
1284.808	3260.000
1284.952	3132.000
1285.097	3314.000
1285.241	3179.000
1285.386	3305.000
1285.530	3127.000
1285.675	3327.000
1285.819	3174.000
1285.964	3320.000
1286.108	3248.000
1286.252	3368.000
1286.397	3199.000
1286.541	3273.000
1286.686	3147.000
1286.830	3310.000
1286.974	3123.000
1287.119	3358.000
1287.263	3277.000
1287.407	3352.000
1287.552	3131.000
1287.696	3391.000
1287.840	3244.000
1287.984	3294.000
1288.129	3122.000
1288.273	3356.000
1288.417	3167.000
1288.561	3315.000
1288.705	3139.000
1288.850	3378.000
1288.994	3150.000
1289.138	3273.000
1289.282	3170.000
1289.426	3298.000
1289.570	3172.000
1289.715	3298.000
1289.859	3148.000
1290.003	3308.000
1290.147	3126.000
1290.291	3366.000
1290.435	3158.000
1290.579	3269.000
1290.723	3153.000
1290.867	3304.000
1291.011	3091.000
1291.155	3296.000
1291.299	3198.000
1291.443	3281.000
1291.587	3127.000
1291.731	3229.000
1291.875	3115.000
1292.019	3268.000
1292.163	3135.000
1292.307	3261.000
1292.451	3147.000
1292.595	3249.000
1292.739	3107.000
1292.883	3269.000
1293.027	2977.000
1293.170	3287.000
1293.314	3083.000
1293.458	3234.000
1293.602	3082.000
1293.746	3284.000
1293.890	3069.000
1294.033	3192.000
1294.177	3162.000
1294.321	3162.000
1294.465	2990.000
1294.608	3222.000
1294.752	3074.000
1294.896	3213.000
1295.040	3021.000
1295.183	3262.000
1295.327	3122.000
1295.471	3231.000
1295.614	3008.000
1295.758	3216.000
1295.902	3089.000
1296.045	3210.000
1296.189	2994.000
1296.332	3253.000
1296.476	3015.000
1296.620	3124.000
1296.763	3059.000
1296.907	3182.000
1297.050	3034.000
1297.194	3273.000
1297.337	3002.000
1297.481	3074.000
1297.625	3028.000
1297.768	3197.000
1297.912	3066.000
1298.055	3131.000
1298.198	2945.000
1298.342	3207.000
1298.485	3012.000
1298.629	3151.000
1298.772	2989.000
1298.916	3182.000
1299.059	3017.000
1299.202	3168.000
1299.346	3044.000
1299.489	3160.000
1299.633	2973.000
1299.776	3187.000
1299.919	2981.000
1300.063	3096.000
1300.206	3005.000
1300.349	3153.000
1300.492	2899.000
1300.636	3159.000
1300.779	2893.000
1300.922	3075.000
1301.066	2958.000
1301.209	3131.000
1301.352	2941.000
1301.495	3115.000
1301.638	2979.000
1301.782	3028.000
1301.925	2920.000
1302.068	3107.000
1302.211	3035.000
1302.354	3017.000
1302.497	2957.000
1302.641	3063.000
1302.784	2962.000
1302.927	3111.000
1303.070	2912.000
1303.213	3051.000
1303.356	2920.000
1303.499	3091.000
1303.642	2919.000
1303.785	3102.000
1303.928	2878.000
1304.071	3149.000
1304.214	2873.000
1304.357	3110.000
1304.500	2905.000
1304.643	3136.000
1304.786	2942.000
1304.929	3185.000
1305.072	2875.000
1305.215	3192.000
1305.358	2914.000
1305.501	3081.000
1305.644	2938.000
1305.786	3094.000
1305.929	2940.000
1306.072	3033.000
1306.215	2915.000
1306.358	3143.000
1306.501	2893.000
1306.644	3103.000
1306.786	2933.000
1306.929	3125.000
1307.072	3027.000
1307.215	3152.000
1307.357	2984.000
1307.500	3095.000
1307.643	2868.000
1307.786	3166.000
1307.928	2892.000
1308.071	3119.000
1308.214	2953.000
1308.356	3084.000
1308.499	3019.000
1308.642	3040.000
1308.784	2853.000
1308.927	3045.000
1309.070	2964.000
1309.212	3156.000
1309.355	2946.000
1309.497	3095.000
1309.640	2869.000
1309.783	3129.000
1309.925	2946.000
1310.068	3095.000
1310.210	2861.000
1310.353	3152.000
1310.495	2988.000
1310.638	3080.000
1310.780	2928.000
1310.923	3116.000
1311.065	2893.000
1311.208	3136.000
1311.350	3007.000
1311.493	3049.000
1311.635	2827.000
1311.777	3122.000
1311.920	2975.000
1312.062	3201.000
1312.205	2905.000
1312.347	3136.000
1312.489	2943.000
1312.632	3107.000
1312.774	2944.000
1312.916	3120.000
1313.059	2945.000
1313.201	3115.000
1313.343	2968.000
1313.485	3134.000
1313.628	2961.000
1313.770	3175.000
1313.912	2968.000
1314.054	3183.000
1314.197	2967.000
1314.339	3066.000
1314.481	2925.000
1314.623	3160.000
1314.765	2902.000
1314.908	3096.000
1315.050	2930.000
1315.192	3095.000
1315.334	2920.000
1315.476	3070.000
1315.618	2951.000
1315.760	3100.000
1315.902	2946.000
1316.045	3149.000
1316.187	3008.000
1316.329	3111.000
1316.471	2925.000
1316.613	3138.000
1316.755	2972.000
1316.897	3083.000
1317.039	2908.000
1317.181	3161.000
1317.323	2911.000
1317.465	3091.000
1317.607	2892.000
1317.749	3111.000
1317.890	2931.000
1318.032	3136.000
1318.174	2901.000
1318.316	3096.000
1318.458	2871.000
1318.600	3035.000
1318.742	2983.000
1318.884	3053.000
1319.026	2859.000
1319.167	3087.000
1319.309	2794.000
1319.451	3094.000
1319.593	2960.000
1319.735	3002.000
1319.876	2860.000
1320.018	2985.000
1320.160	2916.000
1320.302	3053.000
1320.443	2916.000
1320.585	3050.000
1320.727	2861.000
1320.868	3042.000
1321.010	2868.000
1321.152	3066.000
1321.294	2829.000
1321.435	3068.000
1321.577	2868.000
1321.718	3071.000
1321.860	2825.000
1322.002	2912.000
1322.143	2777.000
1322.285	3000.000
1322.426	2762.000
1322.568	2964.000
1322.710	2785.000
1322.851	2953.000
1322.993	2784.000
1323.134	2953.000
1323.276	2766.000
1323.417	2991.000
1323.559	2655.000
1323.700	3017.000
1323.842	2752.000
1323.983	2930.000
1324.124	2803.000
1324.266	2971.000
1324.407	2727.000
1324.549	2891.000
1324.690	2693.000
1324.832	2906.000
1324.973	2757.000
1325.114	2886.000
1325.256	2660.000
1325.397	2904.000
1325.538	2844.000
1325.680	2902.000
1325.821	2723.000
1325.962	2928.000
1326.103	2645.000
1326.245	2890.000
1326.386	2642.000
1326.527	2868.000
1326.669	2639.000
1326.810	2954.000
1326.951	2650.000
1327.092	2890.000
1327.233	2672.000
1327.375	2874.000
1327.516	2681.000
1327.657	2884.000
1327.798	2589.000
1327.939	2818.000
1328.080	2588.000
1328.221	2868.000
1328.363	2671.000
1328.504	2809.000
1328.645	2535.000
1328.786	2826.000
1328.927	2627.000
1329.068	2778.000
1329.209	2608.000
1329.350	2799.000
1329.491	2540.000
1329.632	2780.000
1329.773	2535.000
1329.914	2827.000
1330.055	2589.000
1330.196	2850.000
1330.337	2581.000
1330.478	2779.000
1330.619	2545.000
1330.760	2714.000
1330.901	2592.000
1331.041	2870.000
1331.182	2558.000
1331.323	2764.000
1331.464	2499.000
1331.605	2743.000
1331.746	2564.000
1331.887	2778.000
1332.027	2548.000
1332.168	2725.000
1332.309	2621.000
1332.450	2689.000
1332.591	2557.000
1332.731	2773.000
1332.872	2481.000
1333.013	2740.000
1333.154	2480.000
1333.294	2788.000
1333.435	2571.000
1333.576	2639.000
1333.716	2507.000
1333.857	2739.000
1333.998	2546.000
1334.138	2668.000
1334.279	2435.000
1334.420	2703.000
1334.560	2597.000
1334.701	2743.000
1334.841	2545.000
1334.982	2784.000
1335.123	2538.000
1335.263	2697.000
1335.404	2511.000
1335.544	2686.000
1335.685	2425.000
1335.825	2683.000
1335.966	2566.000
1336.106	2724.000
1336.247	2476.000
1336.387	2737.000
1336.528	2478.000
1336.668	2709.000
1336.809	2445.000
1336.949	2680.000
1337.089	2489.000
1337.230	2624.000
1337.370	2435.000
1337.511	2646.000
1337.651	2571.000
1337.791	2689.000
1337.932	2459.000
1338.072	2683.000
1338.212	2493.000
1338.353	2667.000
1338.493	2467.000
1338.633	2711.000
1338.773	2503.000
1338.914	2659.000
1339.054	2457.000
1339.194	2716.000
1339.335	2495.000
1339.475	2672.000
1339.615	2476.000
1339.755	2636.000
1339.895	2447.000
1340.036	2634.000
1340.176	2417.000
1340.316	2707.000
1340.456	2519.000
1340.596	2607.000
1340.736	2471.000
1340.876	2644.000
1341.016	2472.000
1341.157	2640.000
1341.297	2434.000
1341.437	2628.000
1341.577	2437.000
1341.717	2647.000
1341.857	2480.000
1341.997	2676.000
1342.137	2446.000
1342.277	2624.000
1342.417	2419.000
1342.557	2684.000
1342.697	2450.000
1342.837	2647.000
1342.977	2481.000
1343.117	2642.000
1343.257	2397.000
1343.397	2628.000
1343.536	2473.000
1343.676	2705.000
1343.816	2455.000
1343.956	2626.000
1344.096	2485.000
1344.236	2566.000
1344.376	2415.000
1344.515	2646.000
1344.655	2455.000
1344.795	2625.000
1344.935	2413.000
1345.075	2616.000
1345.214	2375.000
1345.354	2654.000
1345.494	2439.000
1345.634	2655.000
1345.773	2383.000
1345.913	2649.000
1346.053	2430.000
1346.192	2634.000
1346.332	2392.000
1346.472	2680.000
1346.611	2378.000
1346.751	2616.000
1346.891	2427.000
1347.030	2560.000
1347.170	2389.000
1347.310	2664.000
1347.449	2417.000
1347.589	2581.000
1347.728	2424.000
1347.868	2599.000
1348.007	2426.000
1348.147	2628.000
1348.286	2431.000
1348.426	2549.000
1348.565	2384.000
1348.705	2584.000
1348.844	2440.000
1348.984	2561.000
1349.123	2415.000
1349.263	2583.000
1349.402	2424.000
1349.542	2664.000
1349.681	2405.000
1349.821	2569.000
1349.960	2436.000
1350.099	2605.000
1350.239	2428.000
1350.378	2652.000
1350.517	2435.000
1350.657	2624.000
1350.796	2454.000
1350.935	2633.000
1351.075	2413.000
1351.214	2582.000
1351.353	2370.000
1351.492	2638.000
1351.632	2411.000
1351.771	2549.000
1351.910	2437.000
1352.049	2623.000
1352.189	2374.000
1352.328	2533.000
1352.467	2345.000
1352.606	2636.000
1352.745	2364.000
1352.885	2571.000
1353.024	2391.000
1353.163	2651.000
1353.302	2459.000
1353.441	2588.000
1353.580	2361.000
1353.719	2560.000
1353.858	2347.000
1353.997	2621.000
1354.136	2362.000
1354.275	2630.000
1354.414	2328.000
1354.554	2519.000
1354.693	2401.000
1354.832	2527.000
1354.970	2340.000
1355.109	2554.000
1355.248	2380.000
1355.387	2594.000
1355.526	2359.000
1355.665	2523.000
1355.804	2324.000
1355.943	2481.000
1356.082	2326.000
1356.221	2569.000
1356.360	2348.000
1356.499	2539.000
1356.637	2415.000
1356.776	2540.000
1356.915	2326.000
1357.054	2620.000
1357.193	2360.000
1357.332	2543.000
1357.470	2326.000
1357.609	2498.000
1357.748	2362.000
1357.887	2508.000
1358.025	2341.000
1358.164	2447.000
1358.303	2351.000
1358.442	2446.000
1358.580	2361.000
1358.719	2528.000
1358.858	2370.000
1358.996	2544.000
1359.135	2366.000
1359.274	2571.000
1359.412	2328.000
1359.551	2501.000
1359.689	2368.000
1359.828	2512.000
1359.967	2354.000
1360.105	2519.000
1360.244	2343.000
1360.382	2476.000
1360.521	2365.000
1360.659	2532.000
1360.798	2394.000
1360.936	2483.000
1361.075	2296.000
1361.213	2458.000
1361.352	2318.000
1361.490	2472.000
1361.629	2329.000
1361.767	2535.000
1361.906	2307.000
1362.044	2536.000
1362.183	2299.000
1362.321	2473.000
1362.459	2307.000
1362.598	2445.000
1362.736	2263.000
1362.874	2521.000
1363.013	2302.000
1363.151	2555.000
1363.289	2354.000
1363.428	2568.000
1363.566	2309.000
1363.704	2553.000
1363.843	2318.000
1363.981	2497.000
1364.119	2309.000
1364.257	2530.000
1364.396	2262.000
1364.534	2544.000
1364.672	2311.000
1364.810	2563.000
1364.948	2272.000
1365.087	2514.000
1365.225	2302.000
1365.363	2509.000
1365.501	2309.000
1365.639	2520.000
1365.777	2368.000
1365.915	2564.000
1366.053	2340.000
1366.192	2501.000
1366.330	2329.000
1366.468	2555.000
1366.606	2315.000
1366.744	2566.000
1366.882	2288.000
1367.020	2535.000
1367.158	2275.000
1367.296	2551.000
1367.434	2273.000
1367.572	2552.000
1367.710	2371.000
1367.848	2562.000
1367.986	2263.000
1368.124	2508.000
1368.261	2326.000
1368.399	2475.000
1368.537	2337.000
1368.675	2512.000
1368.813	2360.000
1368.951	2521.000
1369.089	2331.000
1369.227	2530.000
1369.364	2364.000
1369.502	2527.000
1369.640	2320.000
1369.778	2563.000
1369.916	2292.000
1370.053	2517.000
1370.191	2303.000
1370.329	2503.000
1370.467	2249.000
1370.604	2550.000
1370.742	2378.000
1370.880	2475.000
1371.017	2374.000
1371.155	2613.000
1371.293	2304.000
1371.430	2551.000
1371.568	2371.000
1371.706	2510.000
1371.843	2340.000
1371.981	2476.000
1372.119	2328.000
1372.256	2476.000
1372.394	2322.000
1372.531	2526.000
1372.669	2312.000
1372.806	2520.000
1372.944	2330.000
1373.082	2577.000
1373.219	2371.000
1373.357	2529.000
1373.494	2410.000
1373.632	2544.000
1373.769	2349.000
1373.906	2531.000
1374.044	2115.000
1374.181	2525.000
1374.319	2319.000
1374.456	2468.000
1374.594	2266.000
1374.731	2505.000
1374.868	2283.000
1375.006	2545.000
1375.143	2406.000
1375.280	2532.000
1375.418	2363.000
1375.555	2493.000
1375.692	2311.000
1375.830	2539.000
1375.967	2369.000
1376.104	2543.000
1376.242	2270.000
1376.379	2530.000
1376.516	2291.000
1376.653	2496.000
1376.791	2311.000
1376.928	2470.000
1377.065	2338.000
1377.202	2551.000
1377.339	2267.000
1377.477	2539.000
1377.614	2283.000
1377.751	2600.000
1377.888	2369.000
1378.025	2459.000
1378.162	2333.000
1378.299	2475.000
1378.436	2289.000
1378.574	2443.000
1378.711	2240.000
1378.848	2447.000
1378.985	2263.000
1379.122	2558.000
1379.259	2285.000
1379.396	2505.000
1379.533	2309.000
1379.670	2418.000
1379.807	2266.000
1379.944	2451.000
1380.081	2183.000
1380.218	2456.000
1380.355	2194.000
1380.491	2437.000
1380.628	2206.000
1380.765	2428.000
1380.902	2298.000
1381.039	2483.000
1381.176	2245.000
1381.313	2534.000
1381.450	2205.000
1381.586	2486.000
1381.723	2299.000
1381.860	2468.000
1381.997	2275.000
1382.134	2555.000
1382.271	2835.000
1382.407	2501.000
1382.544	2302.000
1382.681	2473.000
1382.818	2319.000
1382.954	2434.000
1383.091	2171.000
1383.228	2418.000
1383.364	2365.000
1383.501	2557.000
1383.638	2304.000
1383.774	2431.000
1383.911	2235.000
1384.048	2472.000
1384.184	2324.000
1384.321	2537.000
1384.457	2249.000
1384.594	2443.000
1384.731	2248.000
1384.867	2494.000
1385.004	2296.000
1385.140	2482.000
1385.277	2293.000
1385.413	2505.000
1385.550	2301.000
1385.686	2459.000
1385.823	2234.000
1385.959	2420.000
1386.096	2201.000
1386.232	2546.000
1386.369	2258.000
1386.505	2490.000
1386.642	2249.000
1386.778	2530.000
1386.914	2260.000
1387.051	2539.000
1387.187	2276.000
1387.324	2493.000
1387.460	2183.000
1387.596	2492.000
1387.733	2214.000
1387.869	2512.000
1388.005	2243.000
1388.142	2519.000
1388.278	2267.000
1388.414	2470.000
1388.550	2270.000
1388.687	2528.000
1388.823	2199.000
1388.959	2478.000
1389.095	2303.000
1389.232	2462.000
1389.368	2239.000
1389.504	2524.000
1389.640	2245.000
1389.776	2473.000
1389.912	2254.000
1390.049	2440.000
1390.185	2264.000
1390.321	2423.000
1390.457	2288.000
1390.593	2427.000
1390.729	2319.000
1390.865	2530.000
1391.001	2199.000
1391.137	2495.000
1391.273	2226.000
1391.409	2420.000
1391.545	2336.000
1391.681	2514.000
1391.817	2273.000
1391.953	2440.000
1392.089	2280.000
1392.225	2514.000
1392.361	2290.000
1392.497	2527.000
1392.633	2313.000
1392.769	2541.000
1392.905	2275.000
1393.041	2443.000
1393.177	2265.000
1393.313	2497.000
1393.449	2278.000
1393.584	2378.000
1393.720	2317.000
1393.856	2490.000
1393.992	2338.000
1394.128	2471.000
1394.264	2226.000
1394.399	2389.000
1394.535	2332.000
1394.671	2518.000
