1069.907	3295.000
1070.052	3429.000
1070.198	3275.000
1070.343	3526.000
1070.488	3314.000
1070.633	3555.000
1070.778	3293.000
1070.924	3500.000
1071.069	3301.000
1071.214	3507.000
1071.359	3250.000
1071.504	3538.000
1071.649	3300.000
1071.794	3468.000
1071.940	3282.000
1072.085	3552.000
1072.230	3250.000
1072.375	3548.000
1072.520	3236.000
1072.665	3570.000
1072.810	3256.000
1072.955	3472.000
1073.100	3374.000
1073.245	3515.000
1073.390	3370.000
1073.535	3520.000
1073.681	3327.000
1073.826	3495.000
1073.971	3314.000
1074.116	3507.000
1074.261	3314.000
1074.406	3584.000
1074.551	3391.000
1074.696	3508.000
1074.841	3311.000
1074.986	3536.000
1075.130	3417.000
1075.275	3549.000
1075.420	3383.000
1075.565	3581.000
1075.710	3335.000
1075.855	3591.000
1076.000	3333.000
1076.145	3611.000
1076.290	3310.000
1076.435	3584.000
1076.580	3407.000
1076.725	3531.000
1076.870	3379.000
1077.014	3583.000
1077.159	3323.000
1077.304	3514.000
1077.449	3376.000
1077.594	3583.000
1077.739	3323.000
1077.883	3585.000
1078.028	3330.000
1078.173	3572.000
1078.318	3333.000
1078.463	3527.000
1078.608	3393.000
1078.752	3554.000
1078.897	3351.000
1079.042	3517.000
1079.187	3305.000
1079.331	3612.000
1079.476	3395.000
1079.621	3582.000
1079.766	3379.000
1079.910	3579.000
1080.055	3408.000
1080.200	3546.000
1080.344	3403.000
1080.489	3572.000
1080.634	3355.000
1080.779	3583.000
1080.923	3362.000
1081.068	3558.000
1081.213	3412.000
1081.357	3626.000
1081.502	3344.000
1081.647	3568.000
1081.791	3409.000
1081.936	3597.000
1082.080	3402.000
1082.225	3539.000
1082.370	3358.000
1082.514	3623.000
1082.659	3416.000
1082.803	3558.000
1082.948	3399.000
1083.093	3647.000
1083.237	3449.000
1083.382	3609.000
1083.526	3443.000
1083.671	3590.000
1083.815	3389.000
1083.960	3605.000
1084.104	3427.000
1084.249	3647.000
1084.393	3400.000
1084.538	3546.000
1084.682	3381.000
1084.827	3549.000
1084.971	3392.000
1085.116	3672.000
1085.260	3414.000
1085.405	3631.000
1085.549	3426.000
1085.694	3587.000
1085.838	3460.000
1085.982	3621.000
1086.127	3291.000
1086.271	3642.000
1086.416	3427.000
1086.560	3585.000
1086.704	3434.000
1086.849	3660.000
1086.993	3500.000
1087.138	3615.000
1087.282	3467.000
1087.426	3601.000
1087.571	3468.000
1087.715	3695.000
1087.859	3404.000
1088.004	3663.000
1088.148	3411.000
1088.292	3586.000
1088.437	3512.000
1088.581	3649.000
1088.725	3476.000
1088.869	3656.000
1089.014	3441.000
1089.158	3614.000
1089.302	3445.000
1089.447	3634.000
1089.591	3515.000
1089.735	3677.000
1089.879	3453.000
1090.023	3660.000
1090.168	3527.000
1090.312	3669.000
1090.456	3440.000
1090.600	3605.000
1090.744	3509.000
1090.889	3697.000
1091.033	3532.000
1091.177	3646.000
1091.321	3504.000
1091.465	3702.000
1091.609	3509.000
1091.754	3688.000
1091.898	3501.000
1092.042	3662.000
1092.186	3473.000
1092.330	3719.000
1092.474	3529.000
1092.618	3734.000
1092.762	3532.000
1092.906	3756.000
1093.051	3553.000
1093.195	3672.000
1093.339	3529.000
1093.483	3711.000
1093.627	3470.000
1093.771	3711.000
1093.915	3570.000
1094.059	3723.000
1094.203	3534.000
1094.347	3746.000
1094.491	3489.000
1094.635	3763.000
1094.779	3559.000
1094.923	3677.000
1095.067	3554.000
1095.211	3732.000
1095.355	3523.000
1095.499	3734.000
1095.643	3457.000
1095.787	3654.000
1095.931	3536.000
1096.074	3746.000
1096.218	3550.000
1096.362	3767.000
1096.506	3491.000
1096.650	3650.000
1096.794	3533.000
1096.938	3722.000
1097.082	3580.000
1097.226	3783.000
1097.369	3524.000
1097.513	3708.000
1097.657	3524.000
1097.801	3749.000
1097.945	3561.000
1098.089	3832.000
1098.232	3525.000
1098.376	3737.000
1098.520	3489.000
1098.664	3831.000
1098.808	3685.000
1098.951	3716.000
1099.095	3604.000
1099.239	3744.000
1099.383	3540.000
1099.526	3753.000
1099.670	3590.000
1099.814	3817.000
1099.958	3548.000
1100.101	3764.000
1100.245	3584.000
1100.389	3753.000
1100.533	3559.000
1100.676	3864.000
1100.820	3586.000
1100.964	3763.000
1101.107	3567.000
1101.251	3740.000
1101.395	3559.000
1101.538	3747.000
1101.682	3597.000
1101.825	3788.000
1101.969	3602.000
1102.113	3809.000
1102.256	3496.000
1102.400	3804.000
1102.544	3561.000
1102.687	3785.000
1102.831	3576.000
1102.974	3837.000
1103.118	3608.000
1103.261	3804.000
1103.405	3600.000
1103.549	3847.000
1103.692	3621.000
1103.836	3769.000
1103.979	3620.000
1104.123	3849.000
1104.266	3575.000
1104.410	3774.000
1104.553	3610.000
1104.697	3842.000
1104.840	3631.000
1104.984	3783.000
1105.127	3580.000
1105.271	3844.000
1105.414	3692.000
1105.557	3843.000
1105.701	3692.000
1105.844	3876.000
1105.988	3671.000
1106.131	3790.000
1106.275	3623.000
1106.418	3855.000
1106.561	3606.000
1106.705	3876.000
1106.848	3721.000
1106.992	3886.000
1107.135	3631.000
1107.278	3928.000
1107.422	3730.000
1107.565	3848.000
1107.708	3641.000
1107.852	3895.000
1107.995	3666.000
1108.138	3884.000
1108.282	3659.000
1108.425	3895.000
1108.568	3661.000
1108.712	3839.000
1108.855	3672.000
1108.998	3843.000
1109.141	3706.000
1109.285	3868.000
1109.428	3689.000
1109.571	3883.000
1109.714	3694.000
1109.858	3985.000
1110.001	3707.000
1110.144	3847.000
1110.287	3699.000
1110.430	3930.000
1110.574	3639.000
1110.717	3877.000
1110.860	3791.000
1111.003	3893.000
1111.146	3681.000
1111.290	3830.000
1111.433	3688.000
1111.576	3893.000
1111.719	3697.000
1111.862	3877.000
1112.005	3728.000
1112.148	3933.000
1112.291	3719.000
1112.435	3897.000
1112.578	3575.000
1112.721	3933.000
1112.864	3706.000
1113.007	3889.000
1113.150	3688.000
1113.293	3942.000
1113.436	3682.000
1113.579	3903.000
1113.722	3793.000
1113.865	3814.000
1114.008	3649.000
1114.151	3927.000
1114.294	3722.000
1114.437	3876.000
1114.580	3684.000
1114.723	3953.000
1114.866	3785.000
1115.009	3944.000
1115.152	3676.000
1115.295	3932.000
1115.438	3757.000
1115.581	3919.000
1115.724	3670.000
1115.867	3956.000
1116.010	3718.000
1116.153	3855.000
1116.296	3764.000
1116.439	3881.000
1116.581	3734.000
1116.724	3988.000
1116.867	3736.000
1117.010	3814.000
1117.153	3753.000
1117.296	3950.000
1117.439	3766.000
1117.582	3870.000
1117.724	3648.000
1117.867	3961.000
1118.010	3711.000
1118.153	3902.000
1118.296	3687.000
1118.438	3976.000
1118.581	3774.000
1118.724	3926.000
1118.867	3815.000
1119.010	3951.000
1119.152	3727.000
1119.295	3982.000
1119.438	3719.000
1119.581	3888.000
1119.723	3762.000
1119.866	3929.000
1120.009	3664.000
1120.152	3952.000
1120.294	3670.000
1120.437	3895.000
1120.580	3744.000
1120.722	3964.000
1120.865	3755.000
1121.008	3937.000
1121.150	3761.000
1121.293	3865.000
1121.436	3724.000
1121.578	3925.000
1121.721	3842.000
1121.864	3876.000
1122.006	3737.000
1122.149	3927.000
1122.291	3775.000
1122.434	3958.000
1122.577	3712.000
1122.719	3894.000
1122.862	3752.000
1123.004	3907.000
1123.147	3766.000
1123.289	3938.000
1123.432	3695.000
1123.575	4004.000
1123.717	3694.000
1123.860	3951.000
1124.002	3722.000
1124.145	3965.000
1124.287	3751.000
1124.430	4047.000
1124.572	3699.000
1124.715	4042.000
1124.857	3738.000
1125.000	3928.000
1125.142	3780.000
1125.284	3967.000
1125.427	3763.000
1125.569	3878.000
1125.712	3745.000
1125.854	3972.000
1125.997	3722.000
1126.139	3942.000
1126.281	3755.000
1126.424	3981.000
1126.566	3860.000
1126.709	4031.000
1126.851	3823.000
1126.993	3942.000
1127.136	3727.000
1127.278	4011.000
1127.420	3691.000
1127.563	3991.000
1127.705	3815.000
1127.847	3957.000
1127.990	3835.000
1128.132	3890.000
1128.274	3697.000
1128.417	3899.000
1128.559	3804.000
1128.701	4026.000
1128.844	3791.000
1128.986	3957.000
1129.128	3725.000
1129.270	3980.000
1129.413	3783.000
1129.555	3964.000
1129.697	3693.000
1129.839	4007.000
1129.982	3814.000
1130.124	3899.000
1130.266	3733.000
1130.408	3961.000
1130.550	3717.000
1130.692	3977.000
1130.835	3813.000
1130.977	3902.000
1131.119	3678.000
1131.261	3976.000
1131.403	3762.000
1131.545	4034.000
1131.688	3746.000
1131.830	3994.000
1131.972	3749.000
1132.114	3935.000
1132.256	3777.000
1132.398	3974.000
1132.540	3737.000
1132.682	3964.000
1132.824	3776.000
1132.966	3945.000
1133.109	3747.000
1133.251	3967.000
1133.393	3768.000
1133.535	3985.000
1133.677	3758.000
1133.819	3902.000
1133.961	3699.000
1134.103	3990.000
1134.245	3710.000
1134.387	3922.000
1134.529	3715.000
1134.671	3916.000
1134.813	3729.000
1134.955	3898.000
1135.097	3763.000
1135.239	3938.000
1135.381	3755.000
1135.522	3951.000
1135.664	3807.000
1135.806	3948.000
1135.948	3739.000
1136.090	3976.000
1136.232	3809.000
1136.374	3928.000
1136.516	3734.000
1136.658	4007.000
1136.800	3729.000
1136.941	3905.000
1137.083	3709.000
1137.225	3951.000
1137.367	3740.000
1137.509	3965.000
1137.651	3738.000
1137.792	3938.000
1137.934	3695.000
1138.076	3896.000
1138.218	3795.000
1138.360	3911.000
1138.502	3675.000
1138.643	3928.000
1138.785	3653.000
1138.927	3971.000
1139.069	3809.000
1139.210	3883.000
1139.352	3719.000
1139.494	3875.000
1139.636	3768.000
1139.777	3942.000
1139.919	3772.000
1140.061	3947.000
1140.202	3720.000
1140.344	3947.000
1140.486	3759.000
1140.627	3953.000
1140.769	3705.000
1140.911	3978.000
1141.052	3757.000
1141.194	3971.000
1141.336	3746.000
1141.477	3827.000
1141.619	3667.000
1141.761	3949.000
1141.902	3661.000
1142.044	3901.000
1142.185	3701.000
1142.327	3915.000
1142.469	3733.000
1142.610	3915.000
1142.752	3700.000
1142.893	3950.000
1143.035	3594.000
1143.176	3933.000
1143.318	3714.000
1143.460	3861.000
1143.601	3730.000
1143.743	3901.000
1143.884	3692.000
1144.026	3862.000
1144.167	3651.000
1144.309	3870.000
1144.450	3708.000
1144.592	3890.000
1144.733	3598.000
1144.875	3860.000
1145.016	3801.000
1145.157	3893.000
1145.299	3695.000
1145.440	3896.000
1145.582	3621.000
1145.723	3861.000
1145.865	3631.000
1146.006	3882.000
1146.147	3599.000
1146.289	3956.000
1146.430	3670.000
1146.572	3922.000
1146.713	3638.000
1146.854	3899.000
1146.996	3645.000
1147.137	3884.000
1147.278	3592.000
1147.420	3819.000
1147.561	3626.000
1147.702	3868.000
1147.844	3674.000
1147.985	3850.000
1148.126	3526.000
1148.268	3840.000
1148.409	3626.000
1148.550	3795.000
1148.691	3621.000
1148.833	3801.000
1148.974	3553.000
1149.115	3800.000
1149.256	3552.000
1149.398	3841.000
1149.539	3610.000
1149.680	3884.000
1149.821	3598.000
1149.962	3785.000
1150.104	3551.000
1150.245	3783.000
1150.386	3636.000
1150.527	3892.000
1150.668	3553.000
1150.810	3817.000
1150.951	3507.000
1151.092	3783.000
1151.233	3568.000
1151.374	3772.000
1151.515	3567.000
1151.656	3764.000
1151.797	3659.000
1151.939	3740.000
1152.080	3578.000
1152.221	3793.000
1152.362	3513.000
1152.503	3785.000
1152.644	3506.000
1152.785	3810.000
1152.926	3567.000
1153.067	3663.000
1153.208	3535.000
1153.349	3755.000
1153.490	3536.000
1153.631	3670.000
1153.772	3449.000
1153.913	3706.000
1154.054	3599.000
1154.195	3743.000
1154.336	3559.000
1154.477	3794.000
1154.618	3520.000
1154.759	3725.000
1154.900	3520.000
1155.041	3666.000
1155.182	3408.000
1155.323	3659.000
1155.464	3550.000
1155.605	3730.000
1155.746	3435.000
1155.887	3730.000
1156.027	3485.000
1156.168	3705.000
1156.309	3383.000
1156.450	3685.000
1156.591	3441.000
1156.732	3645.000
1156.873	3410.000
1157.014	3645.000
1157.154	3519.000
1157.295	3628.000
1157.436	3441.000
1157.577	3635.000
1157.718	3456.000
1157.858	3637.000
1157.999	3402.000
1158.140	3642.000
1158.281	3439.000
1158.422	3588.000
1158.562	3414.000
1158.703	3661.000
1158.844	3419.000
1158.985	3596.000
1159.125	3422.000
1159.266	3564.000
1159.407	3364.000
1159.548	3537.000
1159.688	3339.000
1159.829	3612.000
1159.970	3460.000
1160.110	3552.000
1160.251	3363.000
1160.392	3591.000
1160.532	3357.000
1160.673	3511.000
1160.814	3316.000
1160.954	3551.000
1161.095	3287.000
1161.236	3531.000
1161.376	3368.000
1161.517	3542.000
1161.657	3300.000
1161.798	3516.000
1161.939	3275.000
1162.079	3525.000
1162.220	3303.000
1162.360	3473.000
1162.501	3311.000
1162.641	3480.000
1162.782	3219.000
1162.923	3480.000
1163.063	3336.000
1163.204	3544.000
1163.344	3276.000
1163.485	3437.000
1163.625	3297.000
1163.766	3431.000
1163.906	3224.000
1164.047	3451.000
1164.187	3258.000
1164.328	3442.000
1164.468	3207.000
1164.609	3436.000
1164.749	3149.000
1164.889	3454.000
1165.030	3237.000
1165.170	3459.000
1165.311	3146.000
1165.451	3447.000
1165.592	3169.000
1165.732	3428.000
1165.872	3190.000
1166.013	3435.000
1166.153	3153.000
1166.293	3375.000
1166.434	3155.000
1166.574	3319.000
1166.715	3150.000
1166.855	3398.000
1166.995	3129.000
1167.136	3326.000
1167.276	3148.000
1167.416	3322.000
1167.556	3140.000
1167.697	3371.000
1167.837	3134.000
1167.977	3268.000
1168.118	3100.000
1168.258	3284.000
1168.398	3144.000
1168.538	3286.000
1168.679	3092.000
1168.819	3255.000
1168.959	3097.000
1169.099	3352.000
1169.240	3043.000
1169.380	3235.000
1169.520	3100.000
1169.660	3290.000
1169.800	3054.000
1169.941	3318.000
1170.081	3073.000
1170.221	3283.000
1170.361	3072.000
1170.501	3286.000
1170.641	3058.000
1170.782	3238.000
1170.922	2980.000
1171.062	3261.000
1171.202	3011.000
1171.342	3182.000
1171.482	3047.000
1171.622	3235.000
1171.762	2963.000
1171.902	3146.000
1172.043	2926.000
1172.183	3204.000
1172.323	2991.000
1172.463	3159.000
1172.603	2972.000
1172.743	3219.000
1172.883	3041.000
1173.023	3160.000
1173.163	2943.000
1173.303	3124.000
1173.443	2872.000
1173.583	3182.000
1173.723	2897.000
1173.863	3179.000
1174.003	2857.000
1174.143	3038.000
1174.283	2920.000
1174.423	3062.000
1174.563	2896.000
1174.703	3051.000
1174.843	2872.000
1174.982	3112.000
1175.122	2860.000
1175.262	3043.000
1175.402	2826.000
1175.542	2976.000
1175.682	2793.000
1175.822	3060.000
1175.962	2824.000
1176.102	3006.000
1176.241	2861.000
1176.381	2989.000
1176.521	2803.000
1176.661	3072.000
1176.801	2799.000
1176.941	2984.000
1177.080	2773.000
1177.220	2935.000
1177.360	2772.000
1177.500	2938.000
1177.640	2747.000
1177.779	2870.000
1177.919	2745.000
1178.059	2895.000
1178.199	2763.000
1178.339	2920.000
1178.478	2727.000
1178.618	2929.000
1178.758	2723.000
1178.897	2965.000
1179.037	2695.000
1179.177	2876.000
1179.317	2700.000
1179.456	2871.000
1179.596	2685.000
1179.736	2840.000
1179.875	2674.000
1180.015	2815.000
1180.155	2684.000
1180.294	2869.000
1180.434	2719.000
1180.574	2841.000
1180.713	2629.000
1180.853	2775.000
1180.992	2619.000
1181.132	2798.000
1181.272	2616.000
1181.411	2870.000
1181.551	2624.000
1181.690	2823.000
1181.830	2571.000
1181.970	2754.000
1182.109	2576.000
1182.249	2765.000
1182.388	2525.000
1182.528	2829.000
1182.667	2539.000
1182.807	2801.000
1182.946	2596.000
1183.086	2837.000
1183.225	2537.000
1183.365	2782.000
1183.504	2556.000
1183.644	2730.000
1183.783	2520.000
1183.923	2787.000
1184.062	2461.000
1184.202	2784.000
1184.341	2549.000
1184.481	2768.000
1184.620	2468.000
1184.759	2706.000
1184.899	2511.000
1185.038	2750.000
1185.178	2505.000
1185.317	2742.000
1185.456	2541.000
1185.596	2753.000
1185.735	2522.000
1185.874	2690.000
1186.014	2512.000
1186.153	2747.000
1186.293	2472.000
1186.432	2722.000
1186.571	2449.000
1186.711	2700.000
1186.850	2458.000
1186.989	2722.000
1187.128	2445.000
1187.268	2745.000
1187.407	2498.000
1187.546	2694.000
1187.686	2411.000
1187.825	2660.000
1187.964	2466.000
1188.103	2645.000
1188.243	2448.000
1188.382	2672.000
1188.521	2495.000
1188.660	2672.000
1188.799	2452.000
1188.939	2693.000
1189.078	2469.000
1189.217	2658.000
1189.356	2419.000
1189.495	2694.000
1189.635	2431.000
1189.774	2654.000
1189.913	2434.000
1190.052	2630.000
1190.191	2385.000
1190.330	2645.000
1190.469	2480.000
1190.609	2576.000
1190.748	2489.000
1190.887	2765.000
1191.026	2377.000
1191.165	2674.000
1191.304	2453.000
1191.443	2628.000
1191.582	2394.000
1191.721	2578.000
1191.860	2399.000
1191.999	2586.000
1192.138	2432.000
1192.277	2640.000
1192.417	2440.000
1192.556	2593.000
1192.695	2400.000
1192.834	2695.000
1192.973	2448.000
1193.112	2612.000
1193.251	2496.000
1193.390	2629.000
1193.528	2430.000
1193.667	2644.000
1193.806	2159.000
1193.945	2584.000
1194.084	2385.000
1194.223	2566.000
1194.362	2316.000
1194.501	2604.000
1194.640	2348.000
1194.779	2611.000
1194.918	2434.000
1195.057	2587.000
1195.196	2411.000
1195.334	2573.000
1195.473	2391.000
1195.612	2631.000
1195.751	2404.000
1195.890	2587.000
1196.029	2305.000
1196.168	2626.000
1196.306	2329.000
1196.445	2565.000
1196.584	2386.000
1196.723	2542.000
1196.862	2369.000
1197.000	2656.000
1197.139	2349.000
1197.278	2604.000
1197.417	2343.000
1197.555	2664.000
1197.694	2395.000
1197.833	2534.000
1197.972	2419.000
1198.110	2549.000
1198.249	2364.000
1198.388	2486.000
1198.527	2290.000
1198.665	2523.000
1198.804	2309.000
1198.943	2621.000
1199.081	2355.000
1199.220	2590.000
1199.359	2321.000
1199.497	2505.000
1199.636	2314.000
1199.775	2527.000
1199.913	2229.000
1200.052	2530.000
1200.191	2228.000
1200.329	2494.000
1200.468	2298.000
1200.606	2515.000
1200.745	2388.000
1200.884	2529.000
1201.022	2274.000
1201.161	2594.000
1201.299	2273.000
1201.438	2527.000
1201.576	2336.000
1201.715	2568.000
1201.853	2316.000
1201.992	2616.000
1202.131	3106.000
1202.269	2570.000
1202.408	2340.000
1202.546	2533.000
1202.685	2357.000
1202.823	2518.000
1202.962	2225.000
1203.100	2479.000
1203.238	2412.000
1203.377	2589.000
1203.515	2376.000
1203.654	2505.000
1203.792	2285.000
1203.931	2507.000
1204.069	2385.000
1204.208	2567.000
1204.346	2320.000
1204.484	2498.000
1204.623	2295.000
1204.761	2557.000
1204.899	2322.000
1205.038	2560.000
1205.176	2325.000
1205.315	2537.000
1205.453	2343.000
1205.591	2528.000
1205.730	2289.000
1205.868	2465.000
1206.006	2277.000
1206.145	2586.000
1206.283	2304.000
1206.421	2558.000
1206.559	2273.000
1206.698	2577.000
1206.836	2313.000
1206.974	2569.000
1207.113	2309.000
1207.251	2534.000
1207.389	2232.000
1207.527	2549.000
1207.666	2233.000
1207.804	2546.000
1207.942	2282.000
1208.080	2549.000
1208.218	2303.000
1208.357	2507.000
1208.495	2316.000
1208.633	2597.000
1208.771	2246.000
1208.909	2535.000
1209.048	2336.000
1209.186	2477.000
1209.324	2278.000
1209.462	2538.000
1209.600	2279.000
1209.738	2498.000
1209.876	2282.000
1210.014	2466.000
1210.153	2307.000
1210.291	2473.000
1210.429	2318.000
1210.567	2505.000
1210.705	2320.000
1210.843	2587.000
1210.981	2244.000
1211.119	2513.000
1211.257	2228.000
1211.395	2508.000
1211.533	2356.000
1211.671	2554.000
1211.809	2287.000
1211.947	2499.000
1212.085	2328.000
1212.223	2520.000
1212.361	2321.000
1212.499	2588.000
1212.637	2323.000
1212.775	2567.000
1212.913	2265.000
1213.051	2483.000
1213.189	2280.000
1213.327	2524.000
1213.465	2305.000
1213.603	2419.000
1213.741	2312.000
1213.879	2523.000
1214.017	2351.000
1214.155	2492.000
1214.292	2263.000
1214.430	2413.000
1214.568	2344.000
1214.706	2556.000
