1489.766	2250.000
1489.917	2400.000
1490.067	2198.000
1490.217	2478.000
1490.367	2186.000
1490.517	2478.000
1490.668	2182.000
1490.818	2447.000
1490.968	2182.000
1491.118	2453.000
1491.268	2161.000
1491.418	2470.000
1491.568	2198.000
1491.718	2377.000
1491.868	2174.000
1492.018	2495.000
1492.168	2132.000
1492.318	2487.000
1492.468	2151.000
1492.618	2471.000
1492.768	2152.000
1492.918	2401.000
1493.068	2304.000
1493.218	2438.000
1493.368	2242.000
1493.518	2429.000
1493.667	2219.000
1493.817	2411.000
1493.967	2187.000
1494.117	2410.000
1494.267	2199.000
1494.416	2487.000
1494.566	2253.000
1494.716	2430.000
1494.865	2163.000
1495.015	2449.000
1495.165	2270.000
1495.314	2435.000
1495.464	2253.000
1495.614	2467.000
1495.763	2177.000
1495.913	2475.000
1496.063	2187.000
1496.212	2505.000
1496.362	2185.000
1496.511	2461.000
1496.661	2238.000
1496.810	2398.000
1496.960	2207.000
1497.109	2460.000
1497.259	2171.000
1497.408	2427.000
1497.557	2217.000
1497.707	2472.000
1497.856	2161.000
1498.005	2438.000
1498.155	2182.000
1498.304	2442.000
1498.453	2149.000
1498.603	2399.000
1498.752	2249.000
1498.901	2435.000
1499.051	2187.000
1499.200	2370.000
1499.349	2142.000
1499.498	2471.000
1499.647	2209.000
1499.797	2392.000
1499.946	2187.000
1500.095	2413.000
1500.244	2203.000
1500.393	2423.000
1500.542	2215.000
1500.691	2410.000
1500.840	2142.000
1500.989	2405.000
1501.138	2164.000
1501.287	2377.000
1501.436	2212.000
1501.585	2491.000
1501.734	2169.000
1501.883	2385.000
1502.032	2180.000
1502.181	2405.000
1502.330	2176.000
1502.479	2401.000
1502.627	2164.000
1502.776	2413.000
1502.925	2230.000
1503.074	2380.000
1503.223	2165.000
1503.371	2446.000
1503.520	2239.000
1503.669	2415.000
1503.818	2206.000
1503.966	2408.000
1504.115	2144.000
1504.264	2408.000
1504.412	2188.000
1504.561	2417.000
1504.710	2164.000
1504.858	2349.000
1505.007	2143.000
1505.155	2339.000
1505.304	2160.000
1505.453	2460.000
1505.601	2167.000
1505.750	2391.000
1505.898	2181.000
1506.047	2382.000
1506.195	2207.000
1506.343	2390.000
1506.492	2060.000
1506.640	2389.000
1506.789	2167.000
1506.937	2354.000
1507.085	2168.000
1507.234	2424.000
1507.382	2214.000
1507.530	2376.000
1507.679	2177.000
1507.827	2351.000
1507.975	2173.000
1508.123	2436.000
1508.272	2136.000
1508.420	2382.000
1508.568	2123.000
1508.716	2314.000
1508.864	2225.000
1509.013	2393.000
1509.161	2155.000
1509.309	2390.000
1509.457	2164.000
1509.605	2327.000
1509.753	2127.000
1509.901	2359.000
1510.049	2174.000
1510.197	2370.000
1510.345	2128.000
1510.493	2380.000
1510.641	2196.000
1510.789	2396.000
1510.937	2132.000
1511.085	2324.000
1511.233	2182.000
1511.381	2422.000
1511.528	2198.000
1511.676	2374.000
1511.824	2145.000
1511.972	2391.000
1512.120	2187.000
1512.268	2374.000
1512.415	2151.000
1512.563	2314.000
1512.711	2138.000
1512.859	2407.000
1513.006	2170.000
1513.154	2412.000
1513.302	2152.000
1513.449	2416.000
1513.597	2178.000
1513.744	2338.000
1513.892	2170.000
1514.040	2409.000
1514.187	2112.000
1514.335	2357.000
1514.482	2190.000
1514.630	2386.000
1514.777	2157.000
1514.925	2402.000
1515.072	2102.000
1515.220	2395.000
1515.367	2146.000
1515.515	2333.000
1515.662	2189.000
1515.809	2390.000
1515.957	2124.000
1516.104	2398.000
1516.251	2083.000
1516.399	2335.000
1516.546	2173.000
1516.693	2405.000
1516.841	2160.000
1516.988	2428.000
1517.135	2102.000
1517.282	2300.000
1517.430	2187.000
1517.577	2352.000
1517.724	2191.000
1517.871	2425.000
1518.018	2128.000
1518.165	2360.000
1518.312	2118.000
1518.460	2365.000
1518.607	2155.000
1518.754	2432.000
1518.901	2130.000
1519.048	2355.000
1519.195	2103.000
1519.342	2439.000
1519.489	2243.000
1519.636	2341.000
1519.783	2191.000
1519.930	2339.000
1520.077	2126.000
1520.223	2366.000
1520.370	2171.000
1520.517	2442.000
1520.664	2105.000
1520.811	2385.000
1520.958	2151.000
1521.104	2377.000
1521.251	2137.000
1521.398	2418.000
1521.545	2151.000
1521.691	2387.000
1521.838	2102.000
1521.985	2338.000
1522.132	2088.000
1522.278	2324.000
1522.425	2153.000
1522.571	2375.000
1522.718	2150.000
1522.865	2395.000
1523.011	2062.000
1523.158	2409.000
1523.304	2112.000
1523.451	2359.000
1523.597	2138.000
1523.744	2424.000
1523.890	2172.000
1524.037	2360.000
1524.183	2135.000
1524.330	2384.000
1524.476	2155.000
1524.623	2356.000
1524.769	2170.000
1524.915	2400.000
1525.062	2084.000
1525.208	2319.000
1525.354	2140.000
1525.501	2375.000
1525.647	2143.000
1525.793	2363.000
1525.940	2110.000
1526.086	2399.000
1526.232	2163.000
1526.378	2376.000
1526.524	2195.000
1526.671	2412.000
1526.817	2169.000
1526.963	2321.000
1527.109	2117.000
1527.255	2370.000
1527.401	2114.000
1527.547	2412.000
1527.693	2228.000
1527.839	2419.000
1527.985	2122.000
1528.131	2443.000
1528.277	2238.000
1528.423	2363.000
1528.569	2138.000
1528.715	2422.000
1528.861	2146.000
1529.007	2366.000
1529.153	2137.000
1529.299	2406.000
1529.445	2145.000
1529.591	2351.000
1529.736	2151.000
1529.882	2379.000
1530.028	2153.000
1530.174	2360.000
1530.320	2135.000
1530.465	2396.000
1530.611	2164.000
1530.757	2436.000
1530.902	2162.000
1531.048	2358.000
1531.194	2176.000
1531.339	2419.000
1531.485	2128.000
1531.631	2381.000
1531.776	2230.000
1531.922	2390.000
1532.067	2140.000
1532.213	2338.000
1532.358	2154.000
1532.504	2367.000
1532.649	2185.000
1532.795	2356.000
1532.940	2178.000
1533.086	2404.000
1533.231	2158.000
1533.377	2380.000
1533.522	2007.000
1533.668	2401.000
1533.813	2150.000
1533.958	2341.000
1534.104	2133.000
1534.249	2407.000
1534.394	2127.000
1534.539	2334.000
1534.685	2219.000
1534.830	2267.000
1534.975	2097.000
1535.120	2383.000
1535.266	2136.000
1535.411	2340.000
1535.556	2112.000
1535.701	2399.000
1535.846	2215.000
1535.991	2387.000
1536.137	2112.000
1536.282	2386.000
1536.427	2195.000
1536.572	2390.000
1536.717	2115.000
1536.862	2430.000
1537.007	2152.000
1537.152	2304.000
1537.297	2186.000
1537.442	2352.000
1537.587	2149.000
1537.732	2473.000
1537.876	2138.000
1538.021	2269.000
1538.166	2183.000
1538.311	2378.000
1538.456	2187.000
1538.601	2321.000
1538.746	2083.000
1538.890	2404.000
1539.035	2145.000
1539.180	2342.000
1539.325	2131.000
1539.469	2389.000
1539.614	2172.000
1539.759	2376.000
1539.903	2187.000
1540.048	2374.000
1540.193	2148.000
1540.337	2395.000
1540.482	2141.000
1540.627	2328.000
1540.771	2176.000
1540.916	2371.000
1541.060	2049.000
1541.205	2388.000
1541.349	2064.000
1541.494	2309.000
1541.638	2125.000
1541.783	2370.000
1541.927	2150.000
1542.072	2340.000
1542.216	2144.000
1542.360	2285.000
1542.505	2111.000
1542.649	2365.000
1542.794	2217.000
1542.938	2294.000
1543.082	2129.000
1543.227	2303.000
1543.371	2180.000
1543.515	2373.000
1543.659	2106.000
1543.804	2291.000
1543.948	2142.000
1544.092	2344.000
1544.236	2119.000
1544.380	2358.000
1544.524	2074.000
1544.669	2420.000
1544.813	2074.000
1544.957	2373.000
1545.101	2126.000
1545.245	2390.000
1545.389	2131.000
1545.533	2446.000
1545.677	2088.000
1545.821	2432.000
1545.965	2145.000
1546.109	2349.000
1546.253	2154.000
1546.397	2344.000
1546.541	2146.000
1546.685	2313.000
1546.829	2136.000
1546.973	2402.000
1547.116	2100.000
1547.260	2330.000
1547.404	2110.000
1547.548	2387.000
1547.692	2203.000
1547.835	2389.000
1547.979	2212.000
1548.123	2363.000
1548.267	2115.000
1548.410	2423.000
1548.554	2083.000
1548.698	2374.000
1548.841	2193.000
1548.985	2350.000
1549.129	2217.000
1549.272	2296.000
1549.416	2043.000
1549.559	2301.000
1549.703	2172.000
1549.847	2437.000
1549.990	2177.000
1550.134	2347.000
1550.277	2102.000
1550.421	2369.000
1550.564	2152.000
1550.707	2357.000
1550.851	2101.000
1550.994	2398.000
1551.138	2182.000
1551.281	2348.000
1551.424	2143.000
1551.568	2385.000
1551.711	2125.000
1551.854	2379.000
1551.998	2195.000
1552.141	2313.000
1552.284	2078.000
1552.427	2354.000
1552.571	2151.000
1552.714	2432.000
1552.857	2111.000
1553.000	2395.000
1553.143	2137.000
1553.287	2324.000
1553.430	2153.000
1553.573	2362.000
1553.716	2146.000
1553.859	2371.000
1554.002	2159.000
1554.145	2359.000
1554.288	2174.000
1554.431	2420.000
1554.574	2163.000
1554.717	2430.000
1554.860	2159.000
1555.003	2312.000
1555.146	2103.000
1555.289	2388.000
1555.432	2097.000
1555.575	2329.000
1555.718	2108.000
1555.861	2335.000
1556.003	2106.000
1556.146	2308.000
1556.289	2146.000
1556.432	2349.000
1556.575	2145.000
1556.717	2384.000
1556.860	2175.000
1557.003	2361.000
1557.145	2109.000
1557.288	2395.000
1557.431	2205.000
1557.573	2361.000
1557.716	2124.000
1557.859	2433.000
1558.001	2119.000
1558.144	2351.000
1558.287	2144.000
1558.429	2353.000
1558.572	2157.000
1558.714	2379.000
1558.857	2130.000
1558.999	2360.000
1559.142	2086.000
1559.284	2335.000
1559.427	2184.000
1559.569	2332.000
1559.711	2089.000
1559.854	2370.000
1559.996	2078.000
1560.138	2378.000
1560.281	2190.000
1560.423	2318.000
1560.565	2111.000
1560.708	2317.000
1560.850	2177.000
1560.992	2370.000
1561.135	2173.000
1561.277	2386.000
1561.419	2148.000
1561.561	2371.000
1561.703	2175.000
1561.846	2389.000
1561.988	2156.000
1562.130	2425.000
1562.272	2199.000
1562.414	2401.000
1562.556	2155.000
1562.698	2268.000
1562.840	2072.000
1562.982	2379.000
1563.124	2088.000
1563.266	2360.000
1563.408	2146.000
1563.550	2352.000
1563.692	2128.000
1563.834	2348.000
1563.976	2093.000
1564.118	2436.000
1564.260	2036.000
1564.402	2422.000
1564.544	2141.000
1564.685	2331.000
1564.827	2175.000
1564.969	2392.000
1565.111	2115.000
1565.253	2317.000
1565.394	2141.000
1565.536	2347.000
1565.678	2145.000
1565.819	2344.000
1565.961	2093.000
1566.103	2341.000
1566.244	2276.000
1566.386	2385.000
1566.528	2164.000
1566.669	2429.000
1566.811	2091.000
1566.952	2356.000
1567.094	2092.000
1567.236	2371.000
1567.377	2095.000
1567.519	2433.000
1567.660	2118.000
1567.802	2420.000
1567.943	2119.000
1568.084	2365.000
1568.226	2143.000
1568.367	2383.000
1568.509	2074.000
1568.650	2335.000
1568.791	2106.000
1568.933	2369.000
1569.074	2161.000
1569.215	2321.000
1569.357	2054.000
1569.498	2365.000
1569.639	2125.000
1569.780	2331.000
1569.922	2123.000
1570.063	2357.000
1570.204	2067.000
1570.345	2355.000
1570.486	2076.000
1570.628	2383.000
1570.769	2151.000
1570.910	2425.000
1571.051	2133.000
1571.192	2345.000
1571.333	2057.000
1571.474	2314.000
1571.615	2164.000
1571.756	2463.000
1571.897	2110.000
1572.038	2366.000
1572.179	2071.000
1572.320	2347.000
1572.461	2140.000
1572.602	2381.000
1572.743	2129.000
1572.884	2327.000
1573.025	2220.000
1573.165	2337.000
1573.306	2135.000
1573.447	2379.000
1573.588	2101.000
1573.729	2350.000
1573.869	2084.000
1574.010	2428.000
1574.151	2208.000
1574.292	2278.000
1574.432	2122.000
1574.573	2348.000
1574.714	2129.000
1574.854	2268.000
1574.995	2037.000
1575.136	2331.000
1575.276	2179.000
1575.417	2339.000
1575.557	2163.000
1575.698	2416.000
1575.838	2143.000
1575.979	2339.000
1576.119	2132.000
1576.260	2315.000
1576.400	2072.000
1576.541	2320.000
1576.681	2194.000
1576.822	2385.000
1576.962	2109.000
1577.102	2389.000
1577.243	2132.000
1577.383	2355.000
1577.524	2059.000
1577.664	2344.000
1577.804	2102.000
1577.944	2309.000
1578.085	2084.000
1578.225	2319.000
1578.365	2196.000
1578.505	2327.000
1578.646	2104.000
1578.786	2304.000
1578.926	2140.000
1579.066	2354.000
1579.206	2119.000
1579.346	2365.000
1579.487	2134.000
1579.627	2292.000
1579.767	2124.000
1579.907	2358.000
1580.047	2114.000
1580.187	2333.000
1580.327	2099.000
1580.467	2301.000
1580.607	2083.000
1580.747	2287.000
1580.887	2071.000
1581.027	2387.000
1581.167	2200.000
1581.307	2315.000
1581.446	2136.000
1581.586	2327.000
1581.726	2123.000
1581.866	2293.000
1582.006	2086.000
1582.146	2302.000
1582.285	2067.000
1582.425	2312.000
1582.565	2146.000
1582.705	2340.000
1582.844	2093.000
1582.984	2304.000
1583.124	2074.000
1583.263	2386.000
1583.403	2130.000
1583.543	2318.000
1583.682	2148.000
1583.822	2315.000
1583.961	2011.000
1584.101	2321.000
1584.241	2156.000
1584.380	2398.000
1584.520	2109.000
1584.659	2312.000
1584.799	2156.000
1584.938	2262.000
1585.077	2064.000
1585.217	2353.000
1585.356	2118.000
1585.496	2323.000
1585.635	2080.000
1585.775	2324.000
1585.914	2065.000
1586.053	2352.000
1586.193	2120.000
1586.332	2347.000
1586.471	2045.000
1586.610	2343.000
1586.750	2099.000
1586.889	2356.000
1587.028	2113.000
1587.167	2356.000
1587.307	2055.000
1587.446	2312.000
1587.585	2101.000
1587.724	2295.000
1587.863	2093.000
1588.002	2363.000
1588.141	2087.000
1588.280	2310.000
1588.419	2106.000
1588.558	2280.000
1588.697	2124.000
1588.837	2364.000
1588.975	2114.000
1589.114	2262.000
1589.253	2090.000
1589.392	2317.000
1589.531	2137.000
1589.670	2293.000
1589.809	2120.000
1589.948	2287.000
1590.087	2134.000
1590.226	2379.000
1590.365	2115.000
1590.503	2314.000
1590.642	2160.000
1590.781	2325.000
1590.920	2117.000
1591.058	2389.000
1591.197	2144.000
1591.336	2338.000
1591.475	2178.000
1591.613	2344.000
1591.752	2132.000
1591.891	2319.000
1592.029	2106.000
1592.168	2378.000
1592.306	2166.000
1592.445	2283.000
1592.584	2183.000
1592.722	2347.000
1592.861	2109.000
1592.999	2288.000
1593.138	2099.000
1593.276	2368.000
1593.415	2102.000
1593.553	2314.000
1593.691	2154.000
1593.830	2402.000
1593.968	2235.000
1594.107	2349.000
1594.245	2134.000
1594.383	2315.000
1594.522	2113.000
1594.660	2391.000
1594.798	2101.000
1594.937	2370.000
1595.075	2086.000
1595.213	2273.000
1595.351	2155.000
1595.490	2339.000
1595.628	2095.000
1595.766	2312.000
1595.904	2126.000
1596.042	2376.000
1596.180	2132.000
1596.319	2294.000
1596.457	2078.000
1596.595	2264.000
1596.733	2102.000
1596.871	2346.000
1597.009	2142.000
1597.147	2313.000
1597.285	2174.000
1597.423	2326.000
1597.561	2121.000
1597.699	2406.000
1597.837	2119.000
1597.975	2325.000
1598.113	2109.000
1598.251	2269.000
1598.388	2139.000
1598.526	2307.000
1598.664	2125.000
1598.802	2266.000
1598.940	2123.000
1599.078	2259.000
1599.215	2155.000
1599.353	2340.000
1599.491	2143.000
1599.629	2354.000
1599.766	2143.000
1599.904	2378.000
1600.042	2135.000
1600.179	2306.000
1600.317	2156.000
1600.455	2309.000
1600.592	2142.000
1600.730	2312.000
1600.867	2150.000
1601.005	2293.000
1601.142	2131.000
1601.280	2375.000
1601.418	2183.000
1601.555	2321.000
1601.693	2117.000
1601.830	2273.000
1601.967	2111.000
1602.105	2311.000
1602.242	2130.000
1602.380	2386.000
1602.517	2124.000
1602.654	2352.000
1602.792	2097.000
1602.929	2287.000
1603.066	2091.000
1603.204	2274.000
1603.341	2076.000
1603.478	2337.000
1603.616	2090.000
1603.753	2360.000
1603.890	2154.000
1604.027	2374.000
1604.164	2085.000
1604.302	2360.000
1604.439	2101.000
1604.576	2294.000
1604.713	2092.000
1604.850	2347.000
1604.987	2067.000
1605.124	2354.000
1605.261	2141.000
1605.398	2375.000
1605.535	2068.000
1605.672	2339.000
1605.809	2128.000
1605.946	2339.000
1606.083	2112.000
1606.220	2360.000
1606.357	2170.000
1606.494	2363.000
1606.631	2168.000
1606.768	2290.000
1606.905	2135.000
1607.041	2368.000
1607.178	2095.000
1607.315	2369.000
1607.452	2064.000
1607.589	2353.000
1607.725	2095.000
1607.862	2362.000
1607.999	2072.000
1608.136	2365.000
1608.272	2157.000
1608.409	2378.000
1608.546	2096.000
1608.682	2327.000
1608.819	2118.000
1608.955	2266.000
1609.092	2142.000
1609.229	2340.000
1609.365	2163.000
1609.502	2344.000
1609.638	2159.000
1609.775	2342.000
1609.911	2163.000
1610.048	2329.000
1610.184	2107.000
1610.321	2388.000
1610.457	2130.000
1610.594	2325.000
1610.730	2120.000
1610.866	2309.000
1611.003	2083.000
1611.139	2364.000
1611.275	2178.000
1611.412	2296.000
1611.548	2191.000
1611.684	2431.000
1611.820	2102.000
1611.957	2381.000
1612.093	2170.000
1612.229	2325.000
1612.365	2110.000
1612.502	2273.000
1612.638	2130.000
1612.774	2311.000
1612.910	2139.000
1613.046	2341.000
1613.182	2144.000
1613.318	2318.000
1613.454	2113.000
1613.590	2387.000
1613.726	2163.000
1613.863	2335.000
1613.999	2226.000
1614.134	2343.000
1614.270	2164.000
1614.406	2330.000
1614.542	1914.000
1614.678	2331.000
1614.814	2133.000
1614.950	2279.000
1615.086	2047.000
1615.222	2312.000
1615.358	2066.000
1615.493	2361.000
1615.629	2203.000
1615.765	2351.000
1615.901	2178.000
1616.037	2294.000
1616.172	2141.000
1616.308	2356.000
1616.444	2178.000
1616.579	2341.000
1616.715	2071.000
1616.851	2357.000
1616.986	2112.000
1617.122	2313.000
1617.258	2137.000
1617.393	2302.000
1617.529	2141.000
1617.664	2359.000
1617.800	2101.000
1617.935	2385.000
1618.071	2087.000
1618.206	2436.000
1618.342	2175.000
1618.477	2287.000
1618.613	2181.000
1618.748	2310.000
1618.884	2112.000
1619.019	2252.000
1619.154	2071.000
1619.290	2283.000
1619.425	2101.000
1619.560	2367.000
1619.696	2134.000
1619.831	2349.000
1619.966	2114.000
1620.102	2259.000
1620.237	2097.000
1620.372	2312.000
1620.507	2039.000
1620.642	2297.000
1620.778	2043.000
1620.913	2281.000
1621.048	2033.000
1621.183	2289.000
1621.318	2169.000
1621.453	2314.000
1621.588	2055.000
1621.723	2390.000
1621.859	2041.000
1621.994	2309.000
1622.129	2126.000
1622.264	2348.000
1622.399	2095.000
1622.534	2393.000
1622.668	2838.000
1622.803	2347.000
1622.938	2143.000
1623.073	2320.000
1623.208	2143.000
1623.343	2307.000
1623.478	2032.000
1623.613	2269.000
1623.747	2210.000
1623.882	2389.000
1624.017	2160.000
1624.152	2284.000
1624.287	2094.000
1624.421	2302.000
1624.556	2156.000
1624.691	2383.000
1624.825	2114.000
1624.960	2306.000
1625.095	2099.000
1625.229	2353.000
1625.364	2145.000
1625.499	2362.000
1625.633	2163.000
1625.768	2351.000
1625.902	2162.000
1626.037	2335.000
1626.171	2067.000
1626.306	2297.000
1626.440	2066.000
1626.575	2363.000
1626.709	2111.000
1626.844	2333.000
1626.978	2110.000
1627.113	2396.000
1627.247	2150.000
1627.381	2383.000
1627.516	2115.000
1627.650	2344.000
1627.784	2055.000
1627.919	2349.000
1628.053	2076.000
1628.187	2352.000
1628.322	2084.000
1628.456	2387.000
1628.590	2131.000
1628.724	2339.000
1628.858	2149.000
1628.993	2382.000
1629.127	2056.000
1629.261	2345.000
1629.395	2145.000
1629.529	2296.000
1629.663	2120.000
1629.797	2351.000
1629.931	2091.000
1630.065	2290.000
1630.199	2082.000
1630.333	2293.000
1630.467	2115.000
1630.601	2290.000
1630.735	2137.000
1630.869	2303.000
1631.003	2162.000
1631.137	2385.000
1631.271	2072.000
1631.405	2316.000
1631.539	2063.000
1631.673	2287.000
1631.807	2174.000
1631.940	2345.000
1632.074	2161.000
1632.208	2317.000
1632.342	2124.000
1632.475	2355.000
1632.609	2150.000
1632.743	2436.000
1632.877	2169.000
1633.010	2385.000
1633.144	2124.000
1633.278	2288.000
1633.411	2127.000
1633.545	2368.000
1633.678	2145.000
1633.812	2247.000
1633.946	2181.000
1634.079	2369.000
1634.213	2190.000
1634.346	2327.000
1634.480	2123.000
1634.613	2244.000
1634.747	2163.000
1634.880	2389.000
