929.762	2267.000
929.906	2427.000
930.049	2230.000
930.193	2530.000
930.337	2219.000
930.481	2487.000
930.625	2232.000
930.769	2473.000
930.913	2250.000
931.057	2474.000
931.201	2212.000
931.345	2510.000
931.488	2236.000
931.632	2442.000
931.776	2219.000
931.920	2535.000
932.064	2188.000
932.208	2549.000
932.352	2199.000
932.495	2545.000
932.639	2193.000
932.783	2426.000
932.927	2328.000
933.071	2493.000
933.215	2274.000
933.359	2467.000
933.502	2271.000
933.646	2467.000
933.790	2226.000
933.934	2448.000
934.078	2248.000
934.221	2534.000
934.365	2283.000
934.509	2460.000
934.653	2230.000
934.797	2482.000
934.940	2311.000
935.084	2488.000
935.228	2297.000
935.372	2507.000
935.515	2215.000
935.659	2508.000
935.803	2231.000
935.947	2535.000
936.090	2227.000
936.234	2511.000
936.378	2294.000
936.522	2453.000
936.665	2269.000
936.809	2508.000
936.953	2241.000
937.097	2467.000
937.240	2281.000
937.384	2503.000
937.528	2206.000
937.671	2500.000
937.815	2214.000
937.959	2497.000
938.102	2196.000
938.246	2461.000
938.390	2281.000
938.534	2445.000
938.677	2243.000
938.821	2424.000
938.965	2185.000
939.108	2529.000
939.252	2261.000
939.396	2472.000
939.539	2224.000
939.683	2457.000
939.826	2238.000
939.970	2467.000
940.114	2272.000
940.257	2501.000
940.401	2193.000
940.545	2467.000
940.688	2222.000
940.832	2439.000
940.975	2258.000
941.119	2516.000
941.263	2209.000
941.406	2464.000
941.550	2252.000
941.693	2487.000
941.837	2229.000
941.981	2452.000
942.124	2211.000
942.268	2442.000
942.411	2259.000
942.555	2434.000
942.698	2226.000
942.842	2470.000
942.986	2301.000
943.129	2463.000
943.273	2271.000
943.416	2444.000
943.560	2197.000
943.703	2462.000
943.847	2242.000
943.990	2492.000
944.134	2214.000
944.277	2387.000
944.421	2199.000
944.564	2388.000
944.708	2224.000
944.851	2490.000
944.995	2216.000
945.138	2438.000
945.282	2227.000
945.425	2417.000
945.569	2265.000
945.712	2454.000
945.856	2106.000
945.999	2478.000
946.143	2216.000
946.286	2425.000
946.430	2249.000
946.573	2497.000
946.716	2275.000
946.860	2416.000
947.003	2248.000
947.147	2436.000
947.290	2244.000
947.434	2509.000
947.577	2215.000
947.720	2461.000
947.864	2197.000
948.007	2385.000
948.151	2305.000
948.294	2483.000
948.437	2238.000
948.581	2464.000
948.724	2238.000
948.868	2386.000
949.011	2212.000
949.154	2436.000
949.298	2249.000
949.441	2447.000
949.584	2205.000
949.728	2446.000
949.871	2272.000
950.015	2455.000
950.158	2217.000
950.301	2387.000
950.445	2243.000
950.588	2475.000
950.731	2257.000
950.875	2426.000
951.018	2235.000
951.161	2449.000
951.304	2266.000
951.448	2447.000
951.591	2228.000
951.734	2407.000
951.878	2215.000
952.021	2488.000
952.164	2252.000
952.308	2487.000
952.451	2239.000
952.594	2501.000
952.737	2282.000
952.881	2425.000
953.024	2265.000
953.167	2464.000
953.310	2187.000
953.454	2453.000
953.597	2288.000
953.740	2459.000
953.883	2289.000
954.027	2510.000
954.170	2185.000
954.313	2491.000
954.456	2250.000
954.600	2408.000
954.743	2287.000
954.886	2497.000
955.029	2203.000
955.172	2489.000
955.316	2185.000
955.459	2423.000
955.602	2258.000
955.745	2476.000
955.888	2255.000
956.032	2495.000
956.175	2170.000
956.318	2373.000
956.461	2273.000
956.604	2426.000
956.747	2282.000
956.890	2511.000
957.034	2225.000
957.177	2440.000
957.320	2209.000
957.463	2485.000
957.606	2256.000
957.749	2537.000
957.892	2242.000
958.036	2447.000
958.179	2182.000
958.322	2517.000
958.465	2340.000
958.608	2447.000
958.751	2301.000
958.894	2441.000
959.037	2222.000
959.180	2478.000
959.323	2244.000
959.467	2522.000
959.610	2204.000
959.753	2486.000
959.896	2242.000
960.039	2484.000
960.182	2226.000
960.325	2537.000
960.468	2245.000
960.611	2455.000
960.754	2236.000
960.897	2437.000
961.040	2211.000
961.183	2431.000
961.326	2267.000
961.469	2487.000
961.612	2264.000
961.755	2495.000
961.898	2163.000
962.041	2494.000
962.184	2208.000
962.327	2481.000
962.470	2249.000
962.613	2519.000
962.756	2281.000
962.899	2487.000
963.042	2211.000
963.185	2523.000
963.328	2251.000
963.471	2432.000
963.614	2281.000
963.757	2490.000
963.900	2220.000
964.043	2438.000
964.186	2257.000
964.329	2500.000
964.472	2271.000
964.615	2481.000
964.758	2204.000
964.900	2509.000
965.043	2265.000
965.186	2476.000
965.329	2321.000
965.472	2545.000
965.615	2296.000
965.758	2428.000
965.901	2252.000
966.044	2482.000
966.187	2255.000
966.329	2537.000
966.472	2346.000
966.615	2558.000
966.758	2266.000
966.901	2567.000
967.044	2396.000
967.187	2479.000
967.330	2265.000
967.472	2543.000
967.615	2289.000
967.758	2486.000
967.901	2282.000
968.044	2551.000
968.187	2264.000
968.329	2480.000
968.472	2291.000
968.615	2524.000
968.758	2300.000
968.901	2476.000
969.043	2280.000
969.186	2540.000
969.329	2298.000
969.472	2590.000
969.615	2308.000
969.757	2483.000
969.900	2303.000
970.043	2560.000
970.186	2238.000
970.328	2512.000
970.471	2373.000
970.614	2509.000
970.757	2304.000
970.899	2463.000
971.042	2291.000
971.185	2520.000
971.328	2306.000
971.470	2535.000
971.613	2325.000
971.756	2539.000
971.899	2336.000
972.041	2538.000
972.184	2168.000
972.327	2592.000
972.469	2299.000
972.612	2505.000
972.755	2277.000
972.898	2566.000
973.040	2306.000
973.183	2482.000
973.326	2391.000
973.468	2459.000
973.611	2246.000
973.754	2547.000
973.896	2308.000
974.039	2496.000
974.182	2263.000
974.324	2572.000
974.467	2382.000
974.610	2568.000
974.752	2320.000
974.895	2564.000
975.037	2380.000
975.180	2535.000
975.323	2275.000
975.465	2587.000
975.608	2329.000
975.751	2483.000
975.893	2377.000
976.036	2530.000
976.178	2327.000
976.321	2612.000
976.464	2328.000
976.606	2452.000
976.749	2319.000
976.891	2563.000
977.034	2381.000
977.176	2520.000
977.319	2260.000
977.462	2589.000
977.604	2324.000
977.747	2527.000
977.889	2303.000
978.032	2566.000
978.174	2356.000
978.317	2566.000
978.459	2414.000
978.602	2591.000
978.744	2345.000
978.887	2606.000
979.029	2353.000
979.172	2534.000
979.314	2384.000
979.457	2567.000
979.599	2291.000
979.742	2589.000
979.884	2292.000
980.027	2524.000
980.169	2345.000
980.312	2591.000
980.454	2373.000
980.597	2554.000
980.739	2368.000
980.882	2501.000
981.024	2325.000
981.167	2566.000
981.309	2433.000
981.452	2517.000
981.594	2379.000
981.736	2538.000
981.879	2410.000
982.021	2581.000
982.164	2346.000
982.306	2514.000
982.449	2359.000
982.591	2572.000
982.733	2367.000
982.876	2587.000
983.018	2333.000
983.161	2619.000
983.303	2282.000
983.445	2599.000
983.588	2334.000
983.730	2632.000
983.873	2379.000
984.015	2674.000
984.157	2333.000
984.300	2705.000
984.442	2393.000
984.584	2593.000
984.727	2403.000
984.869	2606.000
985.011	2385.000
985.154	2562.000
985.296	2393.000
985.438	2625.000
985.581	2360.000
985.723	2598.000
985.865	2386.000
986.008	2611.000
986.150	2477.000
986.292	2631.000
986.435	2453.000
986.577	2607.000
986.719	2350.000
986.861	2675.000
987.004	2337.000
987.146	2628.000
987.288	2440.000
987.431	2607.000
987.573	2470.000
987.715	2570.000
987.857	2308.000
988.000	2559.000
988.142	2455.000
988.284	2681.000
988.426	2438.000
988.569	2640.000
988.711	2362.000
988.853	2658.000
988.995	2422.000
989.138	2600.000
989.280	2365.000
989.422	2678.000
989.564	2472.000
989.706	2609.000
989.849	2420.000
989.991	2664.000
990.133	2380.000
990.275	2648.000
990.417	2499.000
990.560	2585.000
990.702	2391.000
990.844	2656.000
990.986	2439.000
991.128	2724.000
991.270	2424.000
991.413	2690.000
991.555	2450.000
991.697	2634.000
991.839	2467.000
991.981	2695.000
992.123	2453.000
992.265	2683.000
992.408	2479.000
992.550	2690.000
992.692	2476.000
992.834	2711.000
992.976	2496.000
993.118	2743.000
993.260	2466.000
993.402	2634.000
993.544	2419.000
993.687	2713.000
993.829	2415.000
993.971	2675.000
994.113	2446.000
994.255	2647.000
994.397	2463.000
994.539	2641.000
994.681	2492.000
994.823	2681.000
994.965	2481.000
995.107	2709.000
995.249	2519.000
995.391	2700.000
995.533	2472.000
995.675	2734.000
995.817	2557.000
995.959	2665.000
996.101	2474.000
996.243	2758.000
996.385	2475.000
996.527	2692.000
996.669	2475.000
996.811	2698.000
996.953	2506.000
997.095	2743.000
997.237	2513.000
997.379	2705.000
997.521	2460.000
997.663	2679.000
997.805	2550.000
997.947	2707.000
998.089	2464.000
998.231	2728.000
998.373	2455.000
998.515	2768.000
998.657	2577.000
998.799	2691.000
998.941	2506.000
999.083	2698.000
999.225	2580.000
999.367	2759.000
999.509	2544.000
999.651	2756.000
999.793	2531.000
999.934	2772.000
1000.076	2545.000
1000.218	2775.000
1000.360	2543.000
1000.502	2793.000
1000.644	2597.000
1000.786	2791.000
1000.928	2539.000
1001.070	2667.000
1001.212	2473.000
1001.353	2789.000
1001.495	2506.000
1001.637	2745.000
1001.779	2546.000
1001.921	2766.000
1002.063	2533.000
1002.205	2754.000
1002.346	2577.000
1002.488	2814.000
1002.630	2433.000
1002.772	2812.000
1002.914	2560.000
1003.055	2754.000
1003.197	2586.000
1003.339	2807.000
1003.481	2584.000
1003.623	2751.000
1003.765	2563.000
1003.906	2768.000
1004.048	2591.000
1004.190	2760.000
1004.332	2539.000
1004.473	2771.000
1004.615	2717.000
1004.757	2809.000
1004.899	2613.000
1005.041	2839.000
1005.182	2546.000
1005.324	2781.000
1005.466	2562.000
1005.608	2811.000
1005.749	2565.000
1005.891	2928.000
1006.033	2586.000
1006.175	2846.000
1006.316	2604.000
1006.458	2838.000
1006.600	2637.000
1006.741	2859.000
1006.883	2541.000
1007.025	2789.000
1007.167	2586.000
1007.308	2843.000
1007.450	2674.000
1007.592	2812.000
1007.733	2539.000
1007.875	2823.000
1008.017	2624.000
1008.158	2808.000
1008.300	2639.000
1008.442	2831.000
1008.583	2584.000
1008.725	2839.000
1008.867	2580.000
1009.008	2872.000
1009.150	2643.000
1009.292	2910.000
1009.433	2656.000
1009.575	2832.000
1009.716	2601.000
1009.858	2823.000
1010.000	2667.000
1010.141	2945.000
1010.283	2625.000
1010.425	2903.000
1010.566	2578.000
1010.708	2883.000
1010.849	2677.000
1010.991	2905.000
1011.132	2671.000
1011.274	2895.000
1011.416	2781.000
1011.557	2906.000
1011.699	2740.000
1011.840	2954.000
1011.982	2680.000
1012.123	2946.000
1012.265	2689.000
1012.407	2986.000
1012.548	2769.000
1012.690	2860.000
1012.831	2725.000
1012.973	2947.000
1013.114	2730.000
1013.256	2873.000
1013.397	2647.000
1013.539	2930.000
1013.680	2802.000
1013.822	2970.000
1013.963	2803.000
1014.105	3027.000
1014.246	2762.000
1014.388	2970.000
1014.529	2761.000
1014.671	2948.000
1014.812	2692.000
1014.954	2940.000
1015.095	2830.000
1015.237	2998.000
1015.378	2728.000
1015.520	3016.000
1015.661	2766.000
1015.803	3011.000
1015.944	2676.000
1016.085	2982.000
1016.227	2760.000
1016.368	2954.000
1016.510	2717.000
1016.651	2940.000
1016.793	2865.000
1016.934	2968.000
1017.075	2760.000
1017.217	2979.000
1017.358	2796.000
1017.500	2974.000
1017.641	2735.000
1017.782	2987.000
1017.924	2754.000
1018.065	2930.000
1018.207	2744.000
1018.348	3005.000
1018.489	2773.000
1018.631	2957.000
1018.772	2765.000
1018.913	2947.000
1019.055	2732.000
1019.196	2915.000
1019.337	2724.000
1019.479	3012.000
1019.620	2842.000
1019.761	2952.000
1019.903	2755.000
1020.044	2976.000
1020.185	2808.000
1020.327	2956.000
1020.468	2730.000
1020.609	2973.000
1020.751	2761.000
1020.892	2962.000
1021.033	2803.000
1021.175	2987.000
1021.316	2788.000
1021.457	2969.000
1021.598	2783.000
1021.740	3030.000
1021.881	2807.000
1022.022	3027.000
1022.164	2823.000
1022.305	3004.000
1022.446	2745.000
1022.587	2993.000
1022.729	2863.000
1022.870	3096.000
1023.011	2838.000
1023.152	2988.000
1023.294	2877.000
1023.435	2977.000
1023.576	2794.000
1023.717	3038.000
1023.858	2831.000
1024.000	3018.000
1024.141	2806.000
1024.282	3021.000
1024.423	2783.000
1024.564	3064.000
1024.706	2847.000
1024.847	3079.000
1024.988	2786.000
1025.129	3051.000
1025.270	2857.000
1025.412	3086.000
1025.553	2836.000
1025.694	3129.000
1025.835	2810.000
1025.976	3028.000
1026.117	2882.000
1026.258	3056.000
1026.400	2863.000
1026.541	3118.000
1026.682	2855.000
1026.823	3058.000
1026.964	2883.000
1027.105	3070.000
1027.246	2887.000
1027.388	3119.000
1027.529	2901.000
1027.670	3034.000
1027.811	2897.000
1027.952	3093.000
1028.093	2929.000
1028.234	3085.000
1028.375	2925.000
1028.516	3082.000
1028.657	2965.000
1028.798	3153.000
1028.939	2908.000
1029.081	3088.000
1029.222	2951.000
1029.363	3152.000
1029.504	2947.000
1029.645	3183.000
1029.786	2943.000
1029.927	3168.000
1030.068	2972.000
1030.209	3173.000
1030.350	2943.000
1030.491	3107.000
1030.632	2927.000
1030.773	3186.000
1030.914	2970.000
1031.055	3131.000
1031.196	3016.000
1031.337	3184.000
1031.478	2956.000
1031.619	3111.000
1031.760	2923.000
1031.901	3208.000
1032.042	2955.000
1032.183	3169.000
1032.324	3011.000
1032.465	3239.000
1032.606	3077.000
1032.747	3214.000
1032.888	3028.000
1033.029	3188.000
1033.170	2973.000
1033.311	3236.000
1033.452	2955.000
1033.592	3245.000
1033.733	2994.000
1033.874	3157.000
1034.015	3058.000
1034.156	3207.000
1034.297	2985.000
1034.438	3186.000
1034.579	3006.000
1034.720	3232.000
1034.861	3016.000
1035.002	3183.000
1035.142	2982.000
1035.283	3143.000
1035.424	2998.000
1035.565	3231.000
1035.706	3048.000
1035.847	3203.000
1035.988	3110.000
1036.129	3223.000
1036.269	3037.000
1036.410	3317.000
1036.551	3043.000
1036.692	3252.000
1036.833	3050.000
1036.974	3192.000
1037.114	3049.000
1037.255	3229.000
1037.396	3083.000
1037.537	3195.000
1037.678	3073.000
1037.819	3169.000
1037.959	3102.000
1038.100	3251.000
1038.241	3090.000
1038.382	3286.000
1038.523	3093.000
1038.663	3306.000
1038.804	3094.000
1038.945	3237.000
1039.086	3111.000
1039.226	3260.000
1039.367	3123.000
1039.508	3254.000
1039.649	3111.000
1039.789	3227.000
1039.930	3132.000
1040.071	3323.000
1040.212	3159.000
1040.352	3250.000
1040.493	3114.000
1040.634	3228.000
1040.775	3102.000
1040.915	3268.000
1041.056	3106.000
1041.197	3350.000
1041.337	3138.000
1041.478	3340.000
1041.619	3136.000
1041.760	3254.000
1041.900	3114.000
1042.041	3262.000
1042.182	3081.000
1042.322	3340.000
1042.463	3107.000
1042.604	3358.000
1042.744	3186.000
1042.885	3397.000
1043.026	3104.000
1043.166	3360.000
1043.307	3124.000
1043.448	3321.000
1043.588	3118.000
1043.729	3373.000
1043.869	3117.000
1044.010	3367.000
1044.151	3181.000
1044.291	3415.000
1044.432	3134.000
1044.573	3341.000
1044.713	3153.000
1044.854	3372.000
1044.994	3175.000
1045.135	3373.000
1045.276	3210.000
1045.416	3402.000
1045.557	3200.000
1045.697	3335.000
1045.838	3180.000
1045.978	3388.000
1046.119	3157.000
1046.260	3407.000
1046.400	3174.000
1046.541	3402.000
1046.681	3152.000
1046.822	3418.000
1046.962	3141.000
1047.103	3447.000
1047.243	3246.000
1047.384	3435.000
1047.524	3158.000
1047.665	3401.000
1047.805	3195.000
1047.946	3381.000
1048.087	3242.000
1048.227	3439.000
1048.368	3239.000
1048.508	3424.000
1048.649	3254.000
1048.789	3434.000
1048.929	3279.000
1049.070	3405.000
1049.210	3214.000
1049.351	3492.000
1049.491	3218.000
1049.632	3427.000
1049.772	3229.000
1049.913	3410.000
1050.053	3180.000
1050.194	3480.000
1050.334	3288.000
1050.475	3404.000
1050.615	3294.000
1050.755	3541.000
1050.896	3227.000
1051.036	3493.000
1051.177	3299.000
1051.317	3430.000
1051.458	3259.000
1051.598	3397.000
1051.738	3273.000
1051.879	3450.000
1052.019	3300.000
1052.160	3470.000
1052.300	3272.000
1052.440	3452.000
1052.581	3273.000
1052.721	3528.000
1052.861	3334.000
1053.002	3453.000
1053.142	3352.000
1053.282	3493.000
1053.423	3347.000
1053.563	3504.000
1053.704	3109.000
1053.844	3464.000
1053.984	3295.000
1054.125	3430.000
1054.265	3206.000
1054.405	3483.000
1054.546	3264.000
1054.686	3492.000
1054.826	3350.000
1054.966	3521.000
1055.107	3359.000
1055.247	3451.000
1055.387	3319.000
1055.528	3524.000
1055.668	3362.000
1055.808	3506.000
1055.948	3243.000
1056.089	3554.000
1056.229	3303.000
1056.369	3506.000
1056.510	3333.000
1056.650	3496.000
1056.790	3318.000
1056.930	3529.000
1057.071	3286.000
1057.211	3568.000
1057.351	3293.000
1057.491	3616.000
1057.632	3369.000
1057.772	3470.000
1057.912	3382.000
1058.052	3500.000
1058.192	3339.000
1058.333	3465.000
1058.473	3262.000
1058.613	3498.000
1058.753	3333.000
1058.893	3595.000
1059.034	3343.000
1059.174	3562.000
1059.314	3324.000
1059.454	3498.000
1059.594	3324.000
1059.734	3506.000
1059.875	3237.000
1060.015	3547.000
1060.155	3241.000
1060.295	3494.000
1060.435	3289.000
1060.575	3516.000
1060.716	3427.000
1060.856	3527.000
1060.996	3332.000
1061.136	3592.000
1061.276	3286.000
1061.416	3617.000
1061.556	3714.000
1061.696	4017.000
1061.837	3877.000
1061.977	4238.000
1062.117	4783.000
1062.257	4302.000
1062.397	4148.000
1062.537	4305.000
1062.677	4135.000
1062.817	4275.000
1062.957	3989.000
1063.097	4152.000
1063.237	4059.000
1063.377	4186.000
1063.517	3947.000
1063.658	3973.000
1063.798	3807.000
1063.938	3977.000
1064.078	3845.000
1064.218	4032.000
1064.358	3794.000
1064.498	3960.000
1064.638	3765.000
1064.778	4034.000
1064.918	3828.000
1065.058	4000.000
1065.198	3843.000
1065.338	4006.000
1065.478	3841.000
1065.618	4015.000
1065.758	3838.000
1065.898	4005.000
1066.038	3854.000
1066.178	4131.000
1066.318	3890.000
1066.458	4080.000
1066.598	3878.000
1066.738	4098.000
1066.878	3855.000
1067.018	4113.000
1067.158	3844.000
1067.297	4036.000
1067.437	3669.000
1067.577	3832.000
1067.717	3472.000
1067.857	3736.000
1067.997	3430.000
1068.137	3725.000
1068.277	3465.000
1068.417	3662.000
1068.557	3444.000
1068.697	3721.000
1068.837	3375.000
1068.977	3667.000
1069.116	3497.000
1069.256	3596.000
1069.396	3414.000
1069.536	3686.000
1069.676	3445.000
1069.816	3644.000
1069.956	3465.000
1070.096	3662.000
1070.235	3489.000
1070.375	3620.000
1070.515	3509.000
1070.655	3656.000
1070.795	3510.000
1070.935	3750.000
1071.074	3420.000
1071.214	3678.000
1071.354	3445.000
1071.494	3663.000
1071.634	3548.000
1071.774	3724.000
1071.913	3481.000
1072.053	3683.000
1072.193	3516.000
1072.333	3750.000
1072.473	3523.000
1072.612	3789.000
1072.752	3555.000
1072.892	3771.000
1073.032	3519.000
1073.172	3708.000
1073.311	3510.000
1073.451	3733.000
1073.591	3557.000
1073.731	3630.000
1073.870	3578.000
1074.010	3750.000
1074.150	3618.000
1074.290	3724.000
1074.429	3526.000
1074.569	3672.000
1074.709	3582.000
1074.848	3790.000
