1199.956	4784.000
1200.103	4838.000
1200.250	4728.000
1200.396	4879.000
1200.543	4704.000
1200.689	4885.000
1200.836	4706.000
1200.982	4835.000
1201.129	4712.000
1201.275	4804.000
1201.422	4654.000
1201.568	4863.000
1201.715	4700.000
1201.861	4733.000
1202.008	4662.000
1202.154	4867.000
1202.301	4620.000
1202.447	4859.000
1202.593	4597.000
1202.740	4856.000
1202.886	4615.000
1203.033	4752.000
1203.179	4769.000
1203.325	4807.000
1203.472	4709.000
1203.618	4766.000
1203.764	4696.000
1203.911	4742.000
1204.057	4638.000
1204.203	4752.000
1204.350	4672.000
1204.496	4822.000
1204.642	4679.000
1204.789	4768.000
1204.935	4617.000
1205.081	4751.000
1205.227	4707.000
1205.374	4753.000
1205.520	4702.000
1205.666	4794.000
1205.812	4628.000
1205.958	4780.000
1206.105	4597.000
1206.251	4815.000
1206.397	4548.000
1206.543	4754.000
1206.689	4626.000
1206.835	4682.000
1206.981	4630.000
1207.127	4729.000
1207.274	4556.000
1207.420	4684.000
1207.566	4616.000
1207.712	4720.000
1207.858	4555.000
1208.004	4728.000
1208.150	4533.000
1208.296	4696.000
1208.442	4513.000
1208.588	4662.000
1208.734	4611.000
1208.880	4640.000
1209.026	4518.000
1209.172	4625.000
1209.318	4466.000
1209.464	4693.000
1209.610	4562.000
1209.756	4620.000
1209.902	4537.000
1210.048	4647.000
1210.193	4502.000
1210.339	4625.000
1210.485	4549.000
1210.631	4640.000
1210.777	4446.000
1210.923	4627.000
1211.069	4506.000
1211.214	4605.000
1211.360	4538.000
1211.506	4719.000
1211.652	4457.000
1211.798	4616.000
1211.943	4530.000
1212.089	4638.000
1212.235	4456.000
1212.381	4615.000
1212.526	4451.000
1212.672	4577.000
1212.818	4535.000
1212.964	4584.000
1213.109	4491.000
1213.255	4636.000
1213.401	4533.000
1213.546	4636.000
1213.692	4543.000
1213.838	4611.000
1213.983	4461.000
1214.129	4597.000
1214.274	4512.000
1214.420	4638.000
1214.566	4458.000
1214.711	4544.000
1214.857	4434.000
1215.002	4529.000
1215.148	4461.000
1215.293	4631.000
1215.439	4468.000
1215.585	4575.000
1215.730	4487.000
1215.876	4544.000
1216.021	4484.000
1216.166	4592.000
1216.312	4330.000
1216.457	4639.000
1216.603	4455.000
1216.748	4546.000
1216.894	4494.000
1217.039	4630.000
1217.185	4503.000
1217.330	4576.000
1217.475	4468.000
1217.621	4555.000
1217.766	4482.000
1217.912	4644.000
1218.057	4431.000
1218.202	4615.000
1218.348	4417.000
1218.493	4528.000
1218.638	4529.000
1218.783	4626.000
1218.929	4466.000
1219.074	4591.000
1219.219	4451.000
1219.365	4550.000
1219.510	4463.000
1219.655	4578.000
1219.800	4500.000
1219.946	4638.000
1220.091	4458.000
1220.236	4634.000
1220.381	4501.000
1220.526	4625.000
1220.672	4471.000
1220.817	4560.000
1220.962	4472.000
1221.107	4643.000
1221.252	4503.000
1221.397	4595.000
1221.542	4456.000
1221.687	4618.000
1221.833	4502.000
1221.978	4592.000
1222.123	4460.000
1222.268	4598.000
1222.413	4424.000
1222.558	4659.000
1222.703	4501.000
1222.848	4641.000
1222.993	4468.000
1223.138	4631.000
1223.283	4484.000
1223.428	4554.000
1223.573	4470.000
1223.718	4614.000
1223.863	4404.000
1224.008	4599.000
1224.153	4492.000
1224.298	4580.000
1224.442	4479.000
1224.587	4634.000
1224.732	4411.000
1224.877	4613.000
1225.022	4451.000
1225.167	4543.000
1225.312	4502.000
1225.457	4618.000
1225.601	4406.000
1225.746	4604.000
1225.891	4376.000
1226.036	4541.000
1226.181	4463.000
1226.325	4614.000
1226.470	4491.000
1226.615	4639.000
1226.760	4364.000
1226.904	4497.000
1227.049	4479.000
1227.194	4567.000
1227.339	4490.000
1227.483	4630.000
1227.628	4449.000
1227.773	4555.000
1227.917	4392.000
1228.062	4576.000
1228.207	4446.000
1228.351	4666.000
1228.496	4413.000
1228.641	4558.000
1228.785	4355.000
1228.930	4642.000
1229.074	4539.000
1229.219	4549.000
1229.363	4489.000
1229.508	4565.000
1229.653	4399.000
1229.797	4572.000
1229.942	4455.000
1230.086	4634.000
1230.231	4396.000
1230.375	4610.000
1230.520	4415.000
1230.664	4568.000
1230.809	4395.000
1230.953	4639.000
1231.098	4443.000
1231.242	4551.000
1231.386	4400.000
1231.531	4564.000
1231.675	4382.000
1231.820	4562.000
1231.964	4465.000
1232.108	4609.000
1232.253	4443.000
1232.397	4589.000
1232.541	4347.000
1232.686	4602.000
1232.830	4404.000
1232.974	4597.000
1233.119	4408.000
1233.263	4660.000
1233.407	4467.000
1233.552	4573.000
1233.696	4428.000
1233.840	4627.000
1233.984	4402.000
1234.129	4556.000
1234.273	4465.000
1234.417	4620.000
1234.561	4404.000
1234.705	4550.000
1234.850	4443.000
1234.994	4623.000
1235.138	4457.000
1235.282	4569.000
1235.426	4400.000
1235.570	4632.000
1235.715	4485.000
1235.859	4612.000
1236.003	4530.000
1236.147	4654.000
1236.291	4485.000
1236.435	4573.000
1236.579	4469.000
1236.723	4599.000
1236.867	4444.000
1237.011	4658.000
1237.155	4569.000
1237.299	4680.000
1237.443	4483.000
1237.587	4723.000
1237.731	4584.000
1237.875	4628.000
1238.019	4465.000
1238.163	4697.000
1238.307	4510.000
1238.451	4629.000
1238.595	4490.000
1238.739	4718.000
1238.883	4493.000
1239.027	4651.000
1239.171	4508.000
1239.315	4660.000
1239.458	4511.000
1239.602	4656.000
1239.746	4531.000
1239.890	4694.000
1240.034	4515.000
1240.178	4751.000
1240.321	4563.000
1240.465	4645.000
1240.609	4539.000
1240.753	4691.000
1240.896	4472.000
1241.040	4688.000
1241.184	4593.000
1241.328	4708.000
1241.471	4513.000
1241.615	4656.000
1241.759	4509.000
1241.903	4673.000
1242.046	4544.000
1242.190	4672.000
1242.334	4545.000
1242.477	4682.000
1242.621	4536.000
1242.765	4679.000
1242.908	4434.000
1243.052	4732.000
1243.195	4531.000
1243.339	4679.000
1243.483	4521.000
1243.626	4727.000
1243.770	4523.000
1243.913	4681.000
1244.057	4614.000
1244.200	4580.000
1244.344	4477.000
1244.487	4702.000
1244.631	4562.000
1244.774	4679.000
1244.918	4495.000
1245.061	4747.000
1245.205	4592.000
1245.348	4658.000
1245.492	4516.000
1245.635	4710.000
1245.779	4580.000
1245.922	4705.000
1246.065	4484.000
1246.209	4744.000
1246.352	4537.000
1246.496	4620.000
1246.639	4567.000
1246.782	4653.000
1246.926	4526.000
1247.069	4771.000
1247.212	4476.000
1247.356	4549.000
1247.499	4516.000
1247.642	4708.000
1247.785	4560.000
1247.929	4625.000
1248.072	4438.000
1248.215	4690.000
1248.358	4504.000
1248.502	4655.000
1248.645	4501.000
1248.788	4663.000
1248.931	4546.000
1249.075	4653.000
1249.218	4565.000
1249.361	4691.000
1249.504	4524.000
1249.647	4696.000
1249.790	4474.000
1249.933	4613.000
1250.077	4563.000
1250.220	4668.000
1250.363	4445.000
1250.506	4686.000
1250.649	4412.000
1250.792	4584.000
1250.935	4495.000
1251.078	4672.000
1251.221	4511.000
1251.364	4632.000
1251.507	4512.000
1251.650	4565.000
1251.793	4443.000
1251.936	4646.000
1252.079	4572.000
1252.222	4553.000
1252.365	4497.000
1252.508	4612.000
1252.651	4523.000
1252.794	4634.000
1252.937	4456.000
1253.080	4563.000
1253.223	4484.000
1253.366	4623.000
1253.509	4512.000
1253.651	4635.000
1253.794	4420.000
1253.937	4667.000
1254.080	4429.000
1254.223	4649.000
1254.366	4460.000
1254.508	4685.000
1254.651	4489.000
1254.794	4712.000
1254.937	4411.000
1255.080	4749.000
1255.222	4485.000
1255.365	4638.000
1255.508	4470.000
1255.651	4652.000
1255.793	4504.000
1255.936	4585.000
1256.079	4503.000
1256.221	4697.000
1256.364	4475.000
1256.507	4635.000
1256.649	4481.000
1256.792	4667.000
1256.935	4566.000
1257.077	4681.000
1257.220	4565.000
1257.362	4637.000
1257.505	4424.000
1257.648	4682.000
1257.790	4397.000
1257.933	4671.000
1258.075	4516.000
1258.218	4643.000
1258.360	4568.000
1258.503	4587.000
1258.646	4419.000
1258.788	4592.000
1258.931	4526.000
1259.073	4716.000
1259.216	4485.000
1259.358	4640.000
1259.500	4421.000
1259.643	4681.000
1259.785	4498.000
1259.928	4612.000
1260.070	4467.000
1260.213	4681.000
1260.355	4526.000
1260.497	4627.000
1260.640	4441.000
1260.782	4663.000
1260.924	4442.000
1261.067	4683.000
1261.209	4557.000
1261.351	4576.000
1261.494	4403.000
1261.636	4627.000
1261.778	4506.000
1261.921	4750.000
1262.063	4430.000
1262.205	4700.000
1262.348	4463.000
1262.490	4619.000
1262.632	4484.000
1262.774	4659.000
1262.916	4466.000
1263.059	4636.000
1263.201	4489.000
1263.343	4639.000
1263.485	4521.000
1263.627	4698.000
1263.770	4483.000
1263.912	4669.000
1264.054	4488.000
1264.196	4560.000
1264.338	4428.000
1264.480	4706.000
1264.622	4425.000
1264.764	4612.000
1264.906	4448.000
1265.048	4599.000
1265.191	4428.000
1265.333	4583.000
1265.475	4483.000
1265.617	4624.000
1265.759	4455.000
1265.901	4648.000
1266.043	4480.000
1266.185	4625.000
1266.327	4430.000
1266.469	4641.000
1266.611	4525.000
1266.753	4604.000
1266.894	4468.000
1267.036	4656.000
1267.178	4440.000
1267.320	4577.000
1267.462	4410.000
1267.604	4600.000
1267.746	4444.000
1267.888	4606.000
1268.030	4438.000
1268.171	4608.000
1268.313	4403.000
1268.455	4563.000
1268.597	4500.000
1268.739	4580.000
1268.881	4378.000
1269.022	4569.000
1269.164	4338.000
1269.306	4627.000
1269.448	4464.000
1269.589	4547.000
1269.731	4406.000
1269.873	4518.000
1270.015	4448.000
1270.156	4588.000
1270.298	4455.000
1270.440	4610.000
1270.581	4377.000
1270.723	4567.000
1270.865	4436.000
1271.006	4591.000
1271.148	4395.000
1271.289	4642.000
1271.431	4446.000
1271.573	4611.000
1271.714	4406.000
1271.856	4441.000
1271.997	4335.000
1272.139	4604.000
1272.281	4322.000
1272.422	4535.000
1272.564	4360.000
1272.705	4531.000
1272.847	4360.000
1272.988	4523.000
1273.130	4379.000
1273.271	4603.000
1273.413	4274.000
1273.554	4578.000
1273.696	4391.000
1273.837	4508.000
1273.978	4407.000
1274.120	4573.000
1274.261	4381.000
1274.403	4528.000
1274.544	4337.000
1274.685	4509.000
1274.827	4366.000
1274.968	4533.000
1275.110	4295.000
1275.251	4510.000
1275.392	4499.000
1275.534	4549.000
1275.675	4358.000
1275.816	4559.000
1275.957	4316.000
1276.099	4510.000
1276.240	4316.000
1276.381	4535.000
1276.523	4267.000
1276.664	4645.000
1276.805	4338.000
1276.946	4579.000
1277.087	4331.000
1277.229	4538.000
1277.370	4395.000
1277.511	4536.000
1277.652	4284.000
1277.793	4477.000
1277.935	4331.000
1278.076	4535.000
1278.217	4375.000
1278.358	4511.000
1278.499	4241.000
1278.640	4515.000
1278.781	4341.000
1278.922	4468.000
1279.063	4327.000
1279.204	4503.000
1279.345	4277.000
1279.487	4522.000
1279.628	4269.000
1279.769	4537.000
1279.910	4330.000
1280.051	4590.000
1280.192	4334.000
1280.333	4486.000
1280.474	4270.000
1280.615	4456.000
1280.755	4339.000
1280.896	4584.000
1281.037	4295.000
1281.178	4530.000
1281.319	4240.000
1281.460	4500.000
1281.601	4353.000
1281.742	4509.000
1281.883	4320.000
1282.024	4483.000
1282.164	4404.000
1282.305	4467.000
1282.446	4321.000
1282.587	4518.000
1282.728	4292.000
1282.869	4530.000
1283.009	4277.000
1283.150	4560.000
1283.291	4325.000
1283.432	4441.000
1283.572	4324.000
1283.713	4500.000
1283.854	4311.000
1283.995	4436.000
1284.135	4246.000
1284.276	4495.000
1284.417	4345.000
1284.557	4510.000
1284.698	4317.000
1284.839	4563.000
1284.979	4284.000
1285.120	4487.000
1285.261	4295.000
1285.401	4454.000
1285.542	4215.000
1285.682	4458.000
1285.823	4352.000
1285.964	4498.000
1286.104	4262.000
1286.245	4503.000
1286.385	4301.000
1286.526	4492.000
1286.666	4201.000
1286.807	4473.000
1286.947	4269.000
1287.088	4405.000
1287.228	4233.000
1287.369	4409.000
1287.509	4343.000
1287.650	4428.000
1287.790	4242.000
1287.931	4441.000
1288.071	4275.000
1288.212	4442.000
1288.352	4250.000
1288.492	4476.000
1288.633	4250.000
1288.773	4420.000
1288.913	4235.000
1289.054	4467.000
1289.194	4269.000
1289.334	4389.000
1289.475	4245.000
1289.615	4396.000
1289.755	4200.000
1289.896	4360.000
1290.036	4178.000
1290.176	4442.000
1290.317	4278.000
1290.457	4383.000
1290.597	4236.000
1290.737	4406.000
1290.878	4201.000
1291.018	4371.000
1291.158	4159.000
1291.298	4380.000
1291.438	4146.000
1291.579	4365.000
1291.719	4208.000
1291.859	4377.000
1291.999	4163.000
1292.139	4355.000
1292.279	4123.000
1292.419	4373.000
1292.560	4219.000
1292.700	4354.000
1292.840	4189.000
1292.980	4369.000
1293.120	4080.000
1293.260	4315.000
1293.400	4218.000
1293.540	4390.000
1293.680	4177.000
1293.820	4307.000
1293.960	4186.000
1294.100	4283.000
1294.240	4077.000
1294.380	4332.000
1294.520	4142.000
1294.660	4279.000
1294.800	4127.000
1294.940	4288.000
1295.080	4071.000
1295.220	4313.000
1295.360	4123.000
1295.499	4313.000
1295.639	4056.000
1295.779	4291.000
1295.919	4064.000
1296.059	4296.000
1296.199	4078.000
1296.339	4326.000
1296.478	4064.000
1296.618	4248.000
1296.758	4069.000
1296.898	4242.000
1297.038	4033.000
1297.177	4319.000
1297.317	4083.000
1297.457	4227.000
1297.597	4086.000
1297.736	4208.000
1297.876	4069.000
1298.016	4284.000
1298.156	4066.000
1298.295	4193.000
1298.435	4015.000
1298.575	4222.000
1298.714	4099.000
1298.854	4180.000
1298.994	4059.000
1299.133	4188.000
1299.273	4060.000
1299.412	4272.000
1299.552	4018.000
1299.692	4175.000
1299.831	4096.000
1299.971	4201.000
1300.110	4019.000
1300.250	4276.000
1300.389	4059.000
1300.529	4233.000
1300.669	4071.000
1300.808	4220.000
1300.948	4022.000
1301.087	4203.000
1301.227	4026.000
1301.366	4238.000
1301.505	4046.000
1301.645	4152.000
1301.784	4064.000
1301.924	4237.000
1302.063	3987.000
1302.203	4129.000
1302.342	3991.000
1302.481	4244.000
1302.621	4000.000
1302.760	4157.000
1302.900	4009.000
1303.039	4223.000
1303.178	4199.000
1303.318	4180.000
1303.457	4011.000
1303.596	4177.000
1303.736	3945.000
1303.875	4235.000
1304.014	3985.000
1304.153	4213.000
1304.293	3972.000
1304.432	4092.000
1304.571	4037.000
1304.710	4137.000
1304.850	3972.000
1304.989	4137.000
1305.128	3993.000
1305.267	4198.000
1305.406	3968.000
1305.546	4124.000
1305.685	3930.000
1305.824	4088.000
1305.963	3936.000
1306.102	4160.000
1306.241	3958.000
1306.380	4140.000
1306.519	4029.000
1306.659	4112.000
1306.798	3946.000
1306.937	4252.000
1307.076	3979.000
1307.215	4139.000
1307.354	3967.000
1307.493	4091.000
1307.632	3964.000
1307.771	4107.000
1307.910	3965.000
1308.049	4075.000
1308.188	3970.000
1308.327	4087.000
1308.466	3996.000
1308.605	4122.000
1308.744	3966.000
1308.883	4150.000
1309.022	3981.000
1309.161	4193.000
1309.299	3965.000
1309.438	4135.000
1309.577	4002.000
1309.716	4133.000
1309.855	4012.000
1309.994	4114.000
1310.133	3966.000
1310.271	4099.000
1310.410	4006.000
1310.549	4163.000
1310.688	4022.000
1310.827	4147.000
1310.965	3970.000
1311.104	4083.000
1311.243	3961.000
1311.382	4109.000
1311.520	3975.000
1311.659	4180.000
1311.798	3990.000
1311.937	4187.000
1312.075	3928.000
1312.214	4136.000
1312.353	3974.000
1312.491	4115.000
1312.630	3906.000
1312.769	4183.000
1312.907	3968.000
1313.046	4176.000
1313.185	4038.000
1313.323	4219.000
1313.462	3956.000
1313.600	4194.000
1313.739	3967.000
1313.878	4126.000
1314.016	3971.000
1314.155	4211.000
1314.293	3959.000
1314.432	4225.000
1314.570	4002.000
1314.709	4218.000
1314.847	3940.000
1314.986	4158.000
1315.124	3965.000
1315.263	4199.000
1315.401	3994.000
1315.540	4197.000
1315.678	4039.000
1315.816	4224.000
1315.955	4046.000
1316.093	4102.000
1316.232	4017.000
1316.370	4231.000
1316.508	3976.000
1316.647	4179.000
1316.785	3979.000
1316.923	4175.000
1317.062	3946.000
1317.200	4196.000
1317.338	3951.000
1317.477	4212.000
1317.615	4057.000
1317.753	4176.000
1317.892	3950.000
1318.030	4137.000
1318.168	3974.000
1318.306	4124.000
1318.445	3997.000
1318.583	4163.000
1318.721	4012.000
1318.859	4146.000
1318.998	3995.000
1319.136	4155.000
1319.274	3996.000
1319.412	4123.000
1319.550	3958.000
1319.688	4169.000
1319.826	3964.000
1319.965	4122.000
1320.103	3919.000
1320.241	4097.000
1320.379	3860.000
1320.517	4135.000
1320.655	3985.000
1320.793	4063.000
1320.931	3975.000
1321.069	4186.000
1321.207	3857.000
1321.345	4125.000
1321.483	3947.000
1321.621	4054.000
1321.759	3885.000
1321.897	4021.000
1322.035	3874.000
1322.173	3999.000
1322.311	3904.000
1322.449	4078.000
1322.587	3882.000
1322.725	4013.000
1322.863	3845.000
1323.001	4095.000
1323.139	3906.000
1323.277	4032.000
1323.415	3914.000
1323.552	4046.000
1323.690	3836.000
1323.828	3991.000
1323.966	3448.000
1324.104	3967.000
1324.242	3822.000
1324.379	3935.000
1324.517	3733.000
1324.655	3963.000
1324.793	3735.000
1324.931	3971.000
1325.068	3839.000
1325.206	3964.000
1325.344	3820.000
1325.481	3923.000
1325.619	3744.000
1325.757	3945.000
1325.895	3774.000
1326.032	3907.000
1326.170	3668.000
1326.308	3943.000
1326.445	3679.000
1326.583	3854.000
1326.721	3719.000
1326.858	3828.000
1326.996	3723.000
1327.133	3907.000
1327.271	3680.000
1327.409	3911.000
1327.546	3626.000
1327.684	3939.000
1327.821	3677.000
1327.959	3799.000
1328.096	3701.000
1328.234	3806.000
1328.371	3635.000
1328.509	3748.000
1328.646	3584.000
1328.784	3737.000
1328.921	3613.000
1329.059	3842.000
1329.196	3612.000
1329.334	3824.000
1329.471	3579.000
1329.609	3729.000
1329.746	3560.000
1329.883	3727.000
1330.021	3471.000
1330.158	3738.000
1330.296	3498.000
1330.433	3708.000
1330.570	3515.000
1330.708	3711.000
1330.845	3604.000
1330.982	3752.000
1331.120	3529.000
1331.257	3795.000
1331.394	3481.000
1331.531	3715.000
1331.669	3532.000
1331.806	3759.000
1331.943	3525.000
1332.080	3825.000
1332.218	4927.000
1332.355	3751.000
1332.492	3553.000
1332.629	3710.000
1332.767	3565.000
1332.904	3710.000
1333.041	3462.000
1333.178	3684.000
1333.315	3621.000
1333.452	3756.000
1333.589	3583.000
1333.727	3690.000
1333.864	3495.000
1334.001	3724.000
1334.138	3571.000
1334.275	3757.000
1334.412	3504.000
1334.549	3664.000
1334.686	3479.000
1334.823	3741.000
1334.960	3549.000
1335.097	3735.000
1335.234	3539.000
1335.371	3711.000
1335.508	3562.000
1335.645	3720.000
1335.782	3462.000
1335.919	3643.000
1336.056	3454.000
1336.193	3742.000
1336.330	3503.000
1336.467	3707.000
1336.604	3484.000
1336.741	3757.000
1336.878	3506.000
1337.015	3752.000
1337.151	3476.000
1337.288	3705.000
1337.425	3408.000
1337.562	3699.000
1337.699	3430.000
1337.836	3691.000
1337.972	3453.000
1338.109	3709.000
1338.246	3514.000
1338.383	3707.000
1338.520	3481.000
1338.656	3758.000
1338.793	3394.000
1338.930	3709.000
1339.067	3516.000
1339.203	3625.000
1339.340	3459.000
1339.477	3704.000
1339.613	3456.000
1339.750	3647.000
1339.887	3482.000
1340.023	3615.000
1340.160	3497.000
1340.297	3637.000
1340.433	3517.000
1340.570	3644.000
1340.706	3515.000
1340.843	3753.000
1340.980	3439.000
1341.116	3655.000
1341.253	3418.000
1341.389	3637.000
1341.526	3542.000
1341.662	3745.000
1341.799	3477.000
1341.936	3654.000
1342.072	3535.000
1342.209	3721.000
1342.345	3507.000
1342.482	3739.000
1342.618	3504.000
1342.754	3719.000
1342.891	3496.000
1343.027	3651.000
1343.164	3501.000
1343.300	3701.000
1343.437	3482.000
1343.573	3587.000
1343.709	3524.000
1343.846	3713.000
1343.982	3555.000
1344.118	3652.000
1344.255	3480.000
1344.391	3587.000
1344.527	3546.000
1344.664	3730.000
