1199.956	5307.000
1200.103	5274.000
1200.250	5227.000
1200.396	5340.000
1200.543	5214.000
1200.689	5331.000
1200.836	5193.000
1200.982	5309.000
1201.129	5224.000
1201.275	5266.000
1201.422	5135.000
1201.568	5329.000
1201.715	5193.000
1201.861	5237.000
1202.008	5189.000
1202.154	5333.000
1202.301	5138.000
1202.447	5345.000
1202.593	5158.000
1202.740	5332.000
1202.886	5136.000
1203.033	5253.000
1203.179	5297.000
1203.325	5314.000
1203.472	5252.000
1203.618	5295.000
1203.764	5255.000
1203.911	5288.000
1204.057	5209.000
1204.203	5299.000
1204.350	5235.000
1204.496	5345.000
1204.642	5309.000
1204.789	5321.000
1204.935	5207.000
1205.081	5301.000
1205.227	5299.000
1205.374	5255.000
1205.520	5288.000
1205.666	5339.000
1205.812	5248.000
1205.958	5321.000
1206.105	5219.000
1206.251	5363.000
1206.397	5188.000
1206.543	5330.000
1206.689	5268.000
1206.835	5283.000
1206.981	5229.000
1207.127	5314.000
1207.274	5186.000
1207.420	5286.000
1207.566	5249.000
1207.712	5323.000
1207.858	5180.000
1208.004	5303.000
1208.150	5192.000
1208.296	5306.000
1208.442	5180.000
1208.588	5231.000
1208.734	5240.000
1208.880	5235.000
1209.026	5177.000
1209.172	5225.000
1209.318	5146.000
1209.464	5307.000
1209.610	5233.000
1209.756	5258.000
1209.902	5183.000
1210.048	5260.000
1210.193	5207.000
1210.339	5254.000
1210.485	5201.000
1210.631	5263.000
1210.777	5134.000
1210.923	5255.000
1211.069	5150.000
1211.214	5224.000
1211.360	5179.000
1211.506	5299.000
1211.652	5125.000
1211.798	5217.000
1211.943	5174.000
1212.089	5234.000
1212.235	5128.000
1212.381	5203.000
1212.526	5136.000
1212.672	5207.000
1212.818	5171.000
1212.964	5210.000
1213.109	5132.000
1213.255	5223.000
1213.401	5159.000
1213.546	5202.000
1213.692	5128.000
1213.838	5174.000
1213.983	5061.000
1214.129	5167.000
1214.274	5108.000
1214.420	5203.000
1214.566	5061.000
1214.711	5081.000
1214.857	5013.000
1215.002	5083.000
1215.148	5043.000
1215.293	5197.000
1215.439	5011.000
1215.585	5128.000
1215.730	4983.000
1215.876	5066.000
1216.021	5049.000
1216.166	5097.000
1216.312	4878.000
1216.457	5103.000
1216.603	4961.000
1216.748	5002.000
1216.894	4993.000
1217.039	5034.000
1217.185	4964.000
1217.330	5033.000
1217.475	4927.000
1217.621	5029.000
1217.766	4942.000
1217.912	5071.000
1218.057	4853.000
1218.202	5014.000
1218.348	4803.000
1218.493	4864.000
1218.638	4919.000
1218.783	4959.000
1218.929	4827.000
1219.074	4939.000
1219.219	4826.000
1219.365	4860.000
1219.510	4766.000
1219.655	4856.000
1219.800	4776.000
1219.946	4880.000
1220.091	4674.000
1220.236	4855.000
1220.381	4762.000
1220.526	4826.000
1220.672	4683.000
1220.817	4727.000
1220.962	4687.000
1221.107	4817.000
1221.252	4702.000
1221.397	4729.000
1221.542	4606.000
1221.687	4756.000
1221.833	4626.000
1221.978	4707.000
1222.123	4544.000
1222.268	4644.000
1222.413	4505.000
1222.558	4712.000
1222.703	4558.000
1222.848	4658.000
1222.993	4488.000
1223.138	4635.000
1223.283	4503.000
1223.428	4559.000
1223.573	4492.000
1223.718	4589.000
1223.863	4357.000
1224.008	4550.000
1224.153	4423.000
1224.298	4496.000
1224.442	4398.000
1224.587	4528.000
1224.732	4290.000
1224.877	4517.000
1225.022	4341.000
1225.167	4418.000
1225.312	4350.000
1225.457	4472.000
1225.601	4246.000
1225.746	4443.000
1225.891	4181.000
1226.036	4351.000
1226.181	4266.000
1226.325	4428.000
1226.470	4222.000
1226.615	4410.000
1226.760	4119.000
1226.904	4275.000
1227.049	4196.000
1227.194	4304.000
1227.339	4222.000
1227.483	4345.000
1227.628	4152.000
1227.773	4301.000
1227.917	4096.000
1228.062	4309.000
1228.207	4138.000
1228.351	4349.000
1228.496	4067.000
1228.641	4248.000
1228.785	4014.000
1228.930	4303.000
1229.074	4195.000
1229.219	4224.000
1229.363	4115.000
1229.508	4207.000
1229.653	4017.000
1229.797	4210.000
1229.942	4049.000
1230.086	4265.000
1230.231	3996.000
1230.375	4225.000
1230.520	4019.000
1230.664	4198.000
1230.809	3991.000
1230.953	4252.000
1231.098	4021.000
1231.242	4177.000
1231.386	3969.000
1231.531	4127.000
1231.675	3959.000
1231.820	4139.000
1231.964	4014.000
1232.108	4198.000
1232.253	3996.000
1232.397	4170.000
1232.541	3866.000
1232.686	4168.000
1232.830	3932.000
1232.974	4146.000
1233.119	3934.000
1233.263	4201.000
1233.407	3983.000
1233.552	4117.000
1233.696	3949.000
1233.840	4170.000
1233.984	3937.000
1234.129	4097.000
1234.273	3972.000
1234.417	4162.000
1234.561	3896.000
1234.705	4074.000
1234.850	3936.000
1234.994	4100.000
1235.138	3946.000
1235.282	4096.000
1235.426	3901.000
1235.570	4125.000
1235.715	3957.000
1235.859	4117.000
1236.003	4025.000
1236.147	4169.000
1236.291	3992.000
1236.435	4061.000
1236.579	3922.000
1236.723	4129.000
1236.867	3893.000
1237.011	4144.000
1237.155	4035.000
1237.299	4151.000
1237.443	3894.000
1237.587	4175.000
1237.731	4025.000
1237.875	4089.000
1238.019	3913.000
1238.163	4134.000
1238.307	3943.000
1238.451	4118.000
1238.595	3927.000
1238.739	4151.000
1238.883	3923.000
1239.027	4084.000
1239.171	3920.000
1239.315	4101.000
1239.458	3976.000
1239.602	4098.000
1239.746	3930.000
1239.890	4119.000
1240.034	3909.000
1240.178	4181.000
1240.321	3954.000
1240.465	4077.000
1240.609	3950.000
1240.753	4139.000
1240.896	3893.000
1241.040	4126.000
1241.184	4022.000
1241.328	4117.000
1241.471	3929.000
1241.615	4069.000
1241.759	3902.000
1241.903	4097.000
1242.046	3934.000
1242.190	4107.000
1242.334	3943.000
1242.477	4123.000
1242.621	3921.000
1242.765	4106.000
1242.908	3807.000
1243.052	4147.000
1243.195	3932.000
1243.339	4070.000
1243.483	3889.000
1243.626	4142.000
1243.770	3897.000
1243.913	4081.000
1244.057	4002.000
1244.200	4000.000
1244.344	3836.000
1244.487	4126.000
1244.631	3922.000
1244.774	4056.000
1244.918	3886.000
1245.061	4154.000
1245.205	3984.000
1245.348	4110.000
1245.492	3873.000
1245.635	4099.000
1245.779	3961.000
1245.922	4103.000
1246.065	3873.000
1246.209	4127.000
1246.352	3878.000
1246.496	3992.000
1246.639	3942.000
1246.782	4060.000
1246.926	3902.000
1247.069	4182.000
1247.212	3860.000
1247.356	3974.000
1247.499	3905.000
1247.642	4092.000
1247.785	3963.000
1247.929	4033.000
1248.072	3821.000
1248.215	4098.000
1248.358	3852.000
1248.502	4054.000
1248.645	3868.000
1248.788	4055.000
1248.931	3895.000
1249.075	4082.000
1249.218	3932.000
1249.361	4070.000
1249.504	3883.000
1249.647	4096.000
1249.790	3841.000
1249.933	4000.000
1250.077	3919.000
1250.220	4020.000
1250.363	3775.000
1250.506	4045.000
1250.649	3767.000
1250.792	3989.000
1250.935	3822.000
1251.078	4052.000
1251.221	3846.000
1251.364	4018.000
1251.507	3866.000
1251.650	3926.000
1251.793	3844.000
1251.936	4036.000
1252.079	3943.000
1252.222	3954.000
1252.365	3845.000
1252.508	4010.000
1252.651	3875.000
1252.794	4033.000
1252.937	3800.000
1253.080	3961.000
1253.223	3849.000
1253.366	4016.000
1253.509	3836.000
1253.651	4011.000
1253.794	3761.000
1253.937	4027.000
1254.080	3765.000
1254.223	3992.000
1254.366	3783.000
1254.508	4052.000
1254.651	3813.000
1254.794	4100.000
1254.937	3751.000
1255.080	4088.000
1255.222	3791.000
1255.365	4013.000
1255.508	3829.000
1255.651	4023.000
1255.793	3823.000
1255.936	3966.000
1256.079	3809.000
1256.221	4014.000
1256.364	3777.000
1256.507	3987.000
1256.649	3811.000
1256.792	3997.000
1256.935	3888.000
1257.077	4050.000
1257.220	3855.000
1257.362	3993.000
1257.505	3778.000
1257.648	4034.000
1257.790	3709.000
1257.933	4022.000
1258.075	3867.000
1258.218	3993.000
1258.360	3861.000
1258.503	3927.000
1258.646	3723.000
1258.788	3968.000
1258.931	3838.000
1259.073	4059.000
1259.216	3800.000
1259.358	3983.000
1259.500	3767.000
1259.643	4030.000
1259.785	3816.000
1259.928	3951.000
1260.070	3763.000
1260.213	4028.000
1260.355	3853.000
1260.497	3960.000
1260.640	3771.000
1260.782	4003.000
1260.924	3746.000
1261.067	4007.000
1261.209	3836.000
1261.351	3930.000
1261.494	3721.000
1261.636	3966.000
1261.778	3781.000
1261.921	4050.000
1262.063	3743.000
1262.205	3997.000
1262.348	3795.000
1262.490	3967.000
1262.632	3792.000
1262.774	3973.000
1262.916	3760.000
1263.059	3968.000
1263.201	3796.000
1263.343	3973.000
1263.485	3797.000
1263.627	4009.000
1263.770	3804.000
1263.912	4014.000
1264.054	3779.000
1264.196	3922.000
1264.338	3749.000
1264.480	4019.000
1264.622	3739.000
1264.764	3944.000
1264.906	3765.000
1265.048	3897.000
1265.191	3757.000
1265.333	3922.000
1265.475	3789.000
1265.617	3947.000
1265.759	3762.000
1265.901	3953.000
1266.043	3819.000
1266.185	3934.000
1266.327	3759.000
1266.469	3982.000
1266.611	3818.000
1266.753	3935.000
1266.894	3744.000
1267.036	4026.000
1267.178	3736.000
1267.320	3942.000
1267.462	3733.000
1267.604	3951.000
1267.746	3795.000
1267.888	3974.000
1268.030	3721.000
1268.171	3930.000
1268.313	3723.000
1268.455	3911.000
1268.597	3820.000
1268.739	3893.000
1268.881	3743.000
1269.022	3952.000
1269.164	3678.000
1269.306	3964.000
1269.448	3836.000
1269.589	3911.000
1269.731	3756.000
1269.873	3868.000
1270.015	3766.000
1270.156	3967.000
1270.298	3808.000
1270.440	3998.000
1270.581	3758.000
1270.723	3937.000
1270.865	3758.000
1271.006	3971.000
1271.148	3757.000
1271.289	3995.000
1271.431	3791.000
1271.573	3982.000
1271.714	3778.000
1271.856	3849.000
1271.997	3662.000
1272.139	3946.000
1272.281	3683.000
1272.422	3916.000
1272.564	3764.000
1272.705	3951.000
1272.847	3725.000
1272.988	3920.000
1273.130	3757.000
1273.271	3976.000
1273.413	3647.000
1273.554	4004.000
1273.696	3756.000
1273.837	3927.000
1273.978	3784.000
1274.120	3961.000
1274.261	3747.000
1274.403	3911.000
1274.544	3722.000
1274.685	3930.000
1274.827	3767.000
1274.968	3917.000
1275.110	3706.000
1275.251	3910.000
1275.392	3861.000
1275.534	3935.000
1275.675	3772.000
1275.816	3953.000
1275.957	3714.000
1276.099	3929.000
1276.240	3709.000
1276.381	3951.000
1276.523	3697.000
1276.664	4045.000
1276.805	3743.000
1276.946	3985.000
1277.087	3763.000
1277.229	3989.000
1277.370	3776.000
1277.511	3976.000
1277.652	3691.000
1277.793	3921.000
1277.935	3733.000
1278.076	3988.000
1278.217	3784.000
1278.358	3939.000
1278.499	3673.000
1278.640	3983.000
1278.781	3770.000
1278.922	3920.000
1279.063	3766.000
1279.204	3943.000
1279.345	3710.000
1279.487	3947.000
1279.628	3699.000
1279.769	3996.000
1279.910	3794.000
1280.051	4015.000
1280.192	3770.000
1280.333	3938.000
1280.474	3722.000
1280.615	3910.000
1280.755	3771.000
1280.896	4063.000
1281.037	3750.000
1281.178	3975.000
1281.319	3678.000
1281.460	3959.000
1281.601	3770.000
1281.742	3997.000
1281.883	3737.000
1282.024	3946.000
1282.164	3854.000
1282.305	3913.000
1282.446	3750.000
1282.587	3990.000
1282.728	3717.000
1282.869	3947.000
1283.009	3698.000
1283.150	3996.000
1283.291	3806.000
1283.432	3877.000
1283.572	3767.000
1283.713	3959.000
1283.854	3765.000
1283.995	3869.000
1284.135	3665.000
1284.276	3951.000
1284.417	3831.000
1284.557	3980.000
1284.698	3777.000
1284.839	4007.000
1284.979	3762.000
1285.120	3942.000
1285.261	3758.000
1285.401	3929.000
1285.542	3658.000
1285.682	3927.000
1285.823	3818.000
1285.964	3970.000
1286.104	3711.000
1286.245	3983.000
1286.385	3747.000
1286.526	3955.000
1286.666	3671.000
1286.807	3921.000
1286.947	3718.000
1287.088	3893.000
1287.228	3711.000
1287.369	3901.000
1287.509	3822.000
1287.650	3904.000
1287.790	3696.000
1287.931	3925.000
1288.071	3764.000
1288.212	3928.000
1288.352	3725.000
1288.492	3934.000
1288.633	3728.000
1288.773	3875.000
1288.913	3739.000
1289.054	3951.000
1289.194	3732.000
1289.334	3898.000
1289.475	3728.000
1289.615	3859.000
1289.755	3672.000
1289.896	3837.000
1290.036	3641.000
1290.176	3951.000
1290.317	3751.000
1290.457	3877.000
1290.597	3710.000
1290.737	3918.000
1290.878	3715.000
1291.018	3850.000
1291.158	3674.000
1291.298	3869.000
1291.438	3639.000
1291.579	3865.000
1291.719	3709.000
1291.859	3895.000
1291.999	3667.000
1292.139	3863.000
1292.279	3621.000
1292.419	3902.000
1292.560	3703.000
1292.700	3857.000
1292.840	3728.000
1292.980	3873.000
1293.120	3601.000
1293.260	3835.000
1293.400	3761.000
1293.540	3943.000
1293.680	3713.000
1293.820	3848.000
1293.960	3695.000
1294.100	3812.000
1294.240	3606.000
1294.380	3854.000
1294.520	3667.000
1294.660	3837.000
1294.800	3624.000
1294.940	3822.000
1295.080	3611.000
1295.220	3871.000
1295.360	3667.000
1295.499	3870.000
1295.639	3590.000
1295.779	3878.000
1295.919	3624.000
1296.059	3846.000
1296.199	3633.000
1296.339	3877.000
1296.478	3581.000
1296.618	3834.000
1296.758	3650.000
1296.898	3829.000
1297.038	3588.000
1297.177	3877.000
1297.317	3617.000
1297.457	3792.000
1297.597	3642.000
1297.736	3780.000
1297.876	3635.000
1298.016	3846.000
1298.156	3635.000
1298.295	3756.000
1298.435	3613.000
1298.575	3797.000
1298.714	3647.000
1298.854	3798.000
1298.994	3622.000
1299.133	3797.000
1299.273	3630.000
1299.412	3864.000
1299.552	3614.000
1299.692	3771.000
1299.831	3656.000
1299.971	3823.000
1300.110	3572.000
1300.250	3839.000
1300.389	3650.000
1300.529	3831.000
1300.669	3656.000
1300.808	3837.000
1300.948	3639.000
1301.087	3789.000
1301.227	3587.000
1301.366	3817.000
1301.505	3627.000
1301.645	3766.000
1301.784	3662.000
1301.924	3810.000
1302.063	3591.000
1302.203	3748.000
1302.342	3569.000
1302.481	3836.000
1302.621	3584.000
1302.760	3792.000
1302.900	3628.000
1303.039	3864.000
1303.178	3767.000
1303.318	3795.000
1303.457	3620.000
1303.596	3778.000
1303.736	3533.000
1303.875	3839.000
1304.014	3535.000
1304.153	3828.000
1304.293	3556.000
1304.432	3686.000
1304.571	3625.000
1304.710	3754.000
1304.850	3563.000
1304.989	3760.000
1305.128	3577.000
1305.267	3833.000
1305.406	3576.000
1305.546	3747.000
1305.685	3559.000
1305.824	3702.000
1305.963	3562.000
1306.102	3768.000
1306.241	3587.000
1306.380	3736.000
1306.519	3641.000
1306.659	3740.000
1306.798	3541.000
1306.937	3849.000
1307.076	3563.000
1307.215	3763.000
1307.354	3566.000
1307.493	3706.000
1307.632	3587.000
1307.771	3720.000
1307.910	3574.000
1308.049	3687.000
1308.188	3586.000
1308.327	3681.000
1308.466	3582.000
1308.605	3744.000
1308.744	3576.000
1308.883	3759.000
1309.022	3590.000
1309.161	3784.000
1309.299	3546.000
1309.438	3705.000
1309.577	3568.000
1309.716	3721.000
1309.855	3598.000
1309.994	3721.000
1310.133	3585.000
1310.271	3686.000
1310.410	3586.000
1310.549	3759.000
1310.688	3638.000
1310.827	3741.000
1310.965	3555.000
1311.104	3696.000
1311.243	3537.000
1311.382	3704.000
1311.520	3539.000
1311.659	3757.000
1311.798	3579.000
1311.937	3770.000
1312.075	3549.000
1312.214	3731.000
1312.353	3556.000
1312.491	3733.000
1312.630	3487.000
1312.769	3784.000
1312.907	3550.000
1313.046	3778.000
1313.185	3592.000
1313.323	3803.000
1313.462	3537.000
1313.600	3755.000
1313.739	3564.000
1313.878	3718.000
1314.016	3531.000
1314.155	3771.000
1314.293	3511.000
1314.432	3788.000
1314.570	3575.000
1314.709	3781.000
1314.847	3509.000
1314.986	3717.000
1315.124	3563.000
1315.263	3768.000
1315.401	3567.000
1315.540	3777.000
1315.678	3632.000
1315.816	3814.000
1315.955	3628.000
1316.093	3753.000
1316.232	3601.000
1316.370	3803.000
1316.508	3545.000
1316.647	3792.000
1316.785	3526.000
1316.923	3790.000
1317.062	3539.000
1317.200	3795.000
1317.338	3550.000
1317.477	3835.000
1317.615	3640.000
1317.753	3795.000
1317.892	3538.000
1318.030	3749.000
1318.168	3555.000
1318.306	3720.000
1318.445	3583.000
1318.583	3779.000
1318.721	3616.000
1318.859	3750.000
1318.998	3582.000
1319.136	3764.000
1319.274	3608.000
1319.412	3792.000
1319.550	3547.000
1319.688	3776.000
1319.826	3578.000
1319.965	3765.000
1320.103	3544.000
1320.241	3736.000
1320.379	3496.000
1320.517	3781.000
1320.655	3603.000
1320.793	3720.000
1320.931	3615.000
1321.069	3862.000
1321.207	3507.000
1321.345	3758.000
1321.483	3588.000
1321.621	3731.000
1321.759	3534.000
1321.897	3698.000
1322.035	3544.000
1322.173	3698.000
1322.311	3550.000
1322.449	3730.000
1322.587	3559.000
1322.725	3715.000
1322.863	3520.000
1323.001	3797.000
1323.139	3588.000
1323.277	3710.000
1323.415	3628.000
1323.552	3704.000
1323.690	3559.000
1323.828	3724.000
1323.966	3149.000
1324.104	3686.000
1324.242	3528.000
1324.379	3677.000
1324.517	3432.000
1324.655	3677.000
1324.793	3503.000
1324.931	3724.000
1325.068	3596.000
1325.206	3722.000
1325.344	3534.000
1325.481	3708.000
1325.619	3503.000
1325.757	3737.000
1325.895	3554.000
1326.032	3694.000
1326.170	3437.000
1326.308	3704.000
1326.445	3435.000
1326.583	3653.000
1326.721	3507.000
1326.858	3597.000
1326.996	3476.000
1327.133	3692.000
1327.271	3455.000
1327.409	3694.000
1327.546	3419.000
1327.684	3757.000
1327.821	3495.000
1327.959	3612.000
1328.096	3512.000
1328.234	3609.000
1328.371	3445.000
1328.509	3588.000
1328.646	3421.000
1328.784	3580.000
1328.921	3425.000
1329.059	3673.000
1329.196	3459.000
1329.334	3661.000
1329.471	3390.000
1329.609	3562.000
1329.746	3393.000
1329.883	3580.000
1330.021	3314.000
1330.158	3613.000
1330.296	3320.000
1330.433	3575.000
1330.570	3351.000
1330.708	3586.000
1330.845	3463.000
1330.982	3587.000
1331.120	3379.000
1331.257	3672.000
1331.394	3323.000
1331.531	3575.000
1331.669	3430.000
1331.806	3619.000
1331.943	3405.000
1332.080	3671.000
1332.218	4723.000
1332.355	3650.000
1332.492	3436.000
1332.629	3591.000
1332.767	3428.000
1332.904	3590.000
1333.041	3322.000
1333.178	3549.000
1333.315	3523.000
1333.452	3688.000
1333.589	3457.000
1333.727	3555.000
1333.864	3365.000
1334.001	3582.000
1334.138	3461.000
1334.275	3646.000
1334.412	3396.000
1334.549	3570.000
1334.686	3359.000
1334.823	3620.000
1334.960	3437.000
1335.097	3629.000
1335.234	3437.000
1335.371	3596.000
1335.508	3447.000
1335.645	3584.000
1335.782	3367.000
1335.919	3544.000
1336.056	3380.000
1336.193	3663.000
1336.330	3396.000
1336.467	3584.000
1336.604	3362.000
1336.741	3671.000
1336.878	3414.000
1337.015	3670.000
1337.151	3410.000
1337.288	3595.000
1337.425	3332.000
1337.562	3588.000
1337.699	3343.000
1337.836	3643.000
1337.972	3370.000
1338.109	3634.000
1338.246	3420.000
1338.383	3586.000
1338.520	3392.000
1338.656	3665.000
1338.793	3344.000
1338.930	3596.000
1339.067	3436.000
1339.203	3554.000
1339.340	3372.000
1339.477	3620.000
1339.613	3380.000
1339.750	3582.000
1339.887	3418.000
1340.023	3556.000
1340.160	3409.000
1340.297	3595.000
1340.433	3431.000
1340.570	3595.000
1340.706	3445.000
1340.843	3662.000
1340.980	3356.000
1341.116	3603.000
1341.253	3363.000
1341.389	3582.000
1341.526	3479.000
1341.662	3623.000
1341.799	3399.000
1341.936	3601.000
1342.072	3435.000
1342.209	3630.000
1342.345	3415.000
1342.482	3650.000
1342.618	3409.000
1342.754	3640.000
1342.891	3441.000
1343.027	3588.000
1343.164	3426.000
1343.300	3637.000
1343.437	3413.000
1343.573	3520.000
1343.709	3453.000
1343.846	3649.000
1343.982	3488.000
1344.118	3596.000
1344.255	3403.000
1344.391	3507.000
1344.527	3479.000
1344.664	3658.000
