1199.956	4900.000
1200.103	4892.000
1200.250	4859.000
1200.396	4987.000
1200.543	4835.000
1200.689	4991.000
1200.836	4806.000
1200.982	4954.000
1201.129	4821.000
1201.275	4928.000
1201.422	4766.000
1201.568	4955.000
1201.715	4821.000
1201.861	4872.000
1202.008	4792.000
1202.154	4991.000
1202.301	4739.000
1202.447	4955.000
1202.593	4752.000
1202.740	4978.000
1202.886	4714.000
1203.033	4873.000
1203.179	4888.000
1203.325	4911.000
1203.472	4864.000
1203.618	4895.000
1203.764	4825.000
1203.911	4902.000
1204.057	4801.000
1204.203	4871.000
1204.350	4827.000
1204.496	4947.000
1204.642	4816.000
1204.789	4911.000
1204.935	4773.000
1205.081	4918.000
1205.227	4847.000
1205.374	4857.000
1205.520	4828.000
1205.666	4943.000
1205.812	4770.000
1205.958	4939.000
1206.105	4757.000
1206.251	4937.000
1206.397	4759.000
1206.543	4891.000
1206.689	4811.000
1206.835	4836.000
1206.981	4776.000
1207.127	4888.000
1207.274	4766.000
1207.420	4843.000
1207.566	4781.000
1207.712	4893.000
1207.858	4732.000
1208.004	4895.000
1208.150	4723.000
1208.296	4870.000
1208.442	4694.000
1208.588	4805.000
1208.734	4818.000
1208.880	4832.000
1209.026	4730.000
1209.172	4804.000
1209.318	4651.000
1209.464	4883.000
1209.610	4737.000
1209.756	4794.000
1209.902	4667.000
1210.048	4842.000
1210.193	4714.000
1210.339	4779.000
1210.485	4733.000
1210.631	4803.000
1210.777	4646.000
1210.923	4794.000
1211.069	4668.000
1211.214	4806.000
1211.360	4699.000
1211.506	4877.000
1211.652	4658.000
1211.798	4791.000
1211.943	4714.000
1212.089	4799.000
1212.235	4667.000
1212.381	4795.000
1212.526	4644.000
1212.672	4770.000
1212.818	4682.000
1212.964	4770.000
1213.109	4689.000
1213.255	4822.000
1213.401	4732.000
1213.546	4811.000
1213.692	4711.000
1213.838	4790.000
1213.983	4668.000
1214.129	4768.000
1214.274	4662.000
1214.420	4831.000
1214.566	4661.000
1214.711	4749.000
1214.857	4651.000
1215.002	4738.000
1215.148	4654.000
1215.293	4823.000
1215.439	4660.000
1215.585	4799.000
1215.730	4657.000
1215.876	4747.000
1216.021	4678.000
1216.166	4782.000
1216.312	4559.000
1216.457	4805.000
1216.603	4684.000
1216.748	4737.000
1216.894	4684.000
1217.039	4816.000
1217.185	4697.000
1217.330	4791.000
1217.475	4660.000
1217.621	4779.000
1217.766	4692.000
1217.912	4835.000
1218.057	4654.000
1218.202	4832.000
1218.348	4641.000
1218.493	4714.000
1218.638	4766.000
1218.783	4804.000
1218.929	4693.000
1219.074	4823.000
1219.219	4659.000
1219.365	4764.000
1219.510	4688.000
1219.655	4765.000
1219.800	4719.000
1219.946	4831.000
1220.091	4671.000
1220.236	4808.000
1220.381	4736.000
1220.526	4843.000
1220.672	4707.000
1220.817	4734.000
1220.962	4713.000
1221.107	4836.000
1221.252	4745.000
1221.397	4785.000
1221.542	4712.000
1221.687	4877.000
1221.833	4714.000
1221.978	4821.000
1222.123	4683.000
1222.268	4801.000
1222.413	4677.000
1222.558	4844.000
1222.703	4742.000
1222.848	4844.000
1222.993	4740.000
1223.138	4863.000
1223.283	4723.000
1223.428	4806.000
1223.573	4700.000
1223.718	4844.000
1223.863	4673.000
1224.008	4837.000
1224.153	4737.000
1224.298	4808.000
1224.442	4728.000
1224.587	4878.000
1224.732	4649.000
1224.877	4867.000
1225.022	4737.000
1225.167	4784.000
1225.312	4729.000
1225.457	4849.000
1225.601	4677.000
1225.746	4843.000
1225.891	4632.000
1226.036	4772.000
1226.181	4687.000
1226.325	4845.000
1226.470	4765.000
1226.615	4871.000
1226.760	4628.000
1226.904	4773.000
1227.049	4736.000
1227.194	4800.000
1227.339	4731.000
1227.483	4872.000
1227.628	4678.000
1227.773	4824.000
1227.917	4651.000
1228.062	4850.000
1228.207	4729.000
1228.351	4900.000
1228.496	4657.000
1228.641	4827.000
1228.785	4622.000
1228.930	4903.000
1229.074	4783.000
1229.219	4789.000
1229.363	4740.000
1229.508	4806.000
1229.653	4681.000
1229.797	4861.000
1229.942	4718.000
1230.086	4892.000
1230.231	4686.000
1230.375	4844.000
1230.520	4694.000
1230.664	4843.000
1230.809	4659.000
1230.953	4893.000
1231.098	4715.000
1231.242	4827.000
1231.386	4672.000
1231.531	4785.000
1231.675	4652.000
1231.820	4824.000
1231.964	4727.000
1232.108	4870.000
1232.253	4716.000
1232.397	4887.000
1232.541	4582.000
1232.686	4865.000
1232.830	4684.000
1232.974	4853.000
1233.119	4686.000
1233.263	4925.000
1233.407	4770.000
1233.552	4836.000
1233.696	4700.000
1233.840	4894.000
1233.984	4707.000
1234.129	4832.000
1234.273	4717.000
1234.417	4909.000
1234.561	4666.000
1234.705	4824.000
1234.850	4721.000
1234.994	4841.000
1235.138	4744.000
1235.282	4851.000
1235.426	4695.000
1235.570	4944.000
1235.715	4788.000
1235.859	4909.000
1236.003	4828.000
1236.147	4958.000
1236.291	4797.000
1236.435	4839.000
1236.579	4748.000
1236.723	4882.000
1236.867	4712.000
1237.011	4950.000
1237.155	4855.000
1237.299	4944.000
1237.443	4737.000
1237.587	4981.000
1237.731	4860.000
1237.875	4893.000
1238.019	4733.000
1238.163	4962.000
1238.307	4808.000
1238.451	4945.000
1238.595	4779.000
1238.739	4962.000
1238.883	4782.000
1239.027	4911.000
1239.171	4790.000
1239.315	4941.000
1239.458	4817.000
1239.602	4931.000
1239.746	4827.000
1239.890	4966.000
1240.034	4800.000
1240.178	5029.000
1240.321	4836.000
1240.465	4931.000
1240.609	4842.000
1240.753	4971.000
1240.896	4755.000
1241.040	4985.000
1241.184	4910.000
1241.328	4993.000
1241.471	4814.000
1241.615	4925.000
1241.759	4835.000
1241.903	4945.000
1242.046	4861.000
1242.190	4970.000
1242.334	4880.000
1242.477	5021.000
1242.621	4838.000
1242.765	4961.000
1242.908	4714.000
1243.052	5020.000
1243.195	4843.000
1243.339	4982.000
1243.483	4828.000
1243.626	5013.000
1243.770	4832.000
1243.913	4968.000
1244.057	4908.000
1244.200	4901.000
1244.344	4801.000
1244.487	4990.000
1244.631	4820.000
1244.774	4977.000
1244.918	4823.000
1245.061	5042.000
1245.205	4904.000
1245.348	4989.000
1245.492	4817.000
1245.635	4988.000
1245.779	4902.000
1245.922	5017.000
1246.065	4810.000
1246.209	5025.000
1246.352	4849.000
1246.496	4939.000
1246.639	4883.000
1246.782	4966.000
1246.926	4846.000
1247.069	5037.000
1247.212	4817.000
1247.356	4896.000
1247.499	4858.000
1247.642	5015.000
1247.785	4883.000
1247.929	4927.000
1248.072	4747.000
1248.215	5026.000
1248.358	4839.000
1248.502	4997.000
1248.645	4801.000
1248.788	5015.000
1248.931	4873.000
1249.075	4978.000
1249.218	4901.000
1249.361	5003.000
1249.504	4822.000
1249.647	5023.000
1249.790	4782.000
1249.933	4937.000
1250.077	4870.000
1250.220	5007.000
1250.363	4753.000
1250.506	5026.000
1250.649	4759.000
1250.792	4943.000
1250.935	4826.000
1251.078	4989.000
1251.221	4848.000
1251.364	4934.000
1251.507	4839.000
1251.650	4883.000
1251.793	4786.000
1251.936	4963.000
1252.079	4906.000
1252.222	4910.000
1252.365	4820.000
1252.508	4929.000
1252.651	4857.000
1252.794	4975.000
1252.937	4784.000
1253.080	4909.000
1253.223	4837.000
1253.366	4954.000
1253.509	4813.000
1253.651	4982.000
1253.794	4745.000
1253.937	5014.000
1254.080	4766.000
1254.223	4971.000
1254.366	4791.000
1254.508	5027.000
1254.651	4843.000
1254.794	5059.000
1254.937	4773.000
1255.080	5065.000
1255.222	4831.000
1255.365	4962.000
1255.508	4852.000
1255.651	4980.000
1255.793	4855.000
1255.936	4944.000
1256.079	4820.000
1256.221	5032.000
1256.364	4799.000
1256.507	4990.000
1256.649	4836.000
1256.792	4994.000
1256.935	4892.000
1257.077	5026.000
1257.220	4904.000
1257.362	4972.000
1257.505	4803.000
1257.648	5035.000
1257.790	4730.000
1257.933	4983.000
1258.075	4895.000
1258.218	4968.000
1258.360	4917.000
1258.503	4926.000
1258.646	4762.000
1258.788	4947.000
1258.931	4850.000
1259.073	5090.000
1259.216	4842.000
1259.358	4969.000
1259.500	4788.000
1259.643	5007.000
1259.785	4857.000
1259.928	4965.000
1260.070	4783.000
1260.213	5012.000
1260.355	4884.000
1260.497	4993.000
1260.640	4783.000
1260.782	5012.000
1260.924	4816.000
1261.067	5034.000
1261.209	4867.000
1261.351	4927.000
1261.494	4743.000
1261.636	4972.000
1261.778	4833.000
1261.921	5107.000
1262.063	4811.000
1262.205	5011.000
1262.348	4825.000
1262.490	4970.000
1262.632	4825.000
1262.774	4979.000
1262.916	4830.000
1263.059	4995.000
1263.201	4849.000
1263.343	4985.000
1263.485	4837.000
1263.627	5049.000
1263.770	4865.000
1263.912	5033.000
1264.054	4834.000
1264.196	4931.000
1264.338	4769.000
1264.480	5005.000
1264.622	4761.000
1264.764	4948.000
1264.906	4797.000
1265.048	4911.000
1265.191	4803.000
1265.333	4944.000
1265.475	4843.000
1265.617	4971.000
1265.759	4823.000
1265.901	4997.000
1266.043	4862.000
1266.185	4929.000
1266.327	4795.000
1266.469	4986.000
1266.611	4861.000
1266.753	4960.000
1266.894	4778.000
1267.036	5000.000
1267.178	4792.000
1267.320	4926.000
1267.462	4763.000
1267.604	4957.000
1267.746	4789.000
1267.888	4943.000
1268.030	4758.000
1268.171	4941.000
1268.313	4750.000
1268.455	4894.000
1268.597	4820.000
1268.739	4917.000
1268.881	4731.000
1269.022	4916.000
1269.164	4675.000
1269.306	4968.000
1269.448	4834.000
1269.589	4912.000
1269.731	4725.000
1269.873	4857.000
1270.015	4801.000
1270.156	4936.000
1270.298	4808.000
1270.440	4948.000
1270.581	4733.000
1270.723	4917.000
1270.865	4763.000
1271.006	4922.000
1271.148	4760.000
1271.289	4937.000
1271.431	4803.000
1271.573	4936.000
1271.714	4786.000
1271.856	4795.000
1271.997	4672.000
1272.139	4923.000
1272.281	4675.000
1272.422	4867.000
1272.564	4725.000
1272.705	4877.000
1272.847	4709.000
1272.988	4877.000
1273.130	4720.000
1273.271	4903.000
1273.413	4613.000
1273.554	4921.000
1273.696	4698.000
1273.837	4850.000
1273.978	4745.000
1274.120	4898.000
1274.261	4708.000
1274.403	4833.000
1274.544	4675.000
1274.685	4843.000
1274.827	4736.000
1274.968	4855.000
1275.110	4639.000
1275.251	4844.000
1275.392	4836.000
1275.534	4880.000
1275.675	4687.000
1275.816	4874.000
1275.957	4638.000
1276.099	4861.000
1276.240	4639.000
1276.381	4876.000
1276.523	4642.000
1276.664	4951.000
1276.805	4692.000
1276.946	4906.000
1277.087	4673.000
1277.229	4872.000
1277.370	4711.000
1277.511	4861.000
1277.652	4613.000
1277.793	4794.000
1277.935	4649.000
1278.076	4860.000
1278.217	4706.000
1278.358	4848.000
1278.499	4609.000
1278.640	4850.000
1278.781	4687.000
1278.922	4803.000
1279.063	4670.000
1279.204	4828.000
1279.345	4597.000
1279.487	4831.000
1279.628	4610.000
1279.769	4875.000
1279.910	4686.000
1280.051	4935.000
1280.192	4649.000
1280.333	4809.000
1280.474	4618.000
1280.615	4795.000
1280.755	4683.000
1280.896	4903.000
1281.037	4624.000
1281.178	4878.000
1281.319	4573.000
1281.460	4818.000
1281.601	4650.000
1281.742	4834.000
1281.883	4631.000
1282.024	4808.000
1282.164	4714.000
1282.305	4775.000
1282.446	4670.000
1282.587	4844.000
1282.728	4597.000
1282.869	4829.000
1283.009	4614.000
1283.150	4868.000
1283.291	4662.000
1283.432	4763.000
1283.572	4628.000
1283.713	4788.000
1283.854	4630.000
1283.995	4750.000
1284.135	4538.000
1284.276	4812.000
1284.417	4699.000
1284.557	4823.000
1284.698	4670.000
1284.839	4883.000
1284.979	4622.000
1285.120	4826.000
1285.261	4611.000
1285.401	4794.000
1285.542	4546.000
1285.682	4761.000
1285.823	4698.000
1285.964	4820.000
1286.104	4591.000
1286.245	4835.000
1286.385	4618.000
1286.526	4824.000
1286.666	4545.000
1286.807	4786.000
1286.947	4577.000
1287.088	4731.000
1287.228	4529.000
1287.369	4742.000
1287.509	4672.000
1287.650	4767.000
1287.790	4587.000
1287.931	4777.000
1288.071	4615.000
1288.212	4782.000
1288.352	4567.000
1288.492	4805.000
1288.633	4575.000
1288.773	4724.000
1288.913	4562.000
1289.054	4785.000
1289.194	4592.000
1289.334	4703.000
1289.475	4554.000
1289.615	4708.000
1289.755	4518.000
1289.896	4688.000
1290.036	4519.000
1290.176	4775.000
1290.317	4610.000
1290.457	4670.000
1290.597	4511.000
1290.737	4695.000
1290.878	4518.000
1291.018	4679.000
1291.158	4494.000
1291.298	4684.000
1291.438	4465.000
1291.579	4688.000
1291.719	4501.000
1291.859	4701.000
1291.999	4470.000
1292.139	4642.000
1292.279	4441.000
1292.419	4670.000
1292.560	4477.000
1292.700	4653.000
1292.840	4500.000
1292.980	4638.000
1293.120	4379.000
1293.260	4583.000
1293.400	4504.000
1293.540	4684.000
1293.680	4451.000
1293.820	4587.000
1293.960	4504.000
1294.100	4568.000
1294.240	4374.000
1294.380	4598.000
1294.520	4427.000
1294.660	4582.000
1294.800	4378.000
1294.940	4574.000
1295.080	4340.000
1295.220	4615.000
1295.360	4397.000
1295.499	4598.000
1295.639	4325.000
1295.779	4601.000
1295.919	4368.000
1296.059	4573.000
1296.199	4343.000
1296.339	4594.000
1296.478	4330.000
1296.618	4538.000
1296.758	4341.000
1296.898	4517.000
1297.038	4304.000
1297.177	4572.000
1297.317	4335.000
1297.457	4499.000
1297.597	4347.000
1297.736	4482.000
1297.876	4364.000
1298.016	4533.000
1298.156	4317.000
1298.295	4444.000
1298.435	4302.000
1298.575	4474.000
1298.714	4342.000
1298.854	4431.000
1298.994	4326.000
1299.133	4451.000
1299.273	4315.000
1299.412	4520.000
1299.552	4269.000
1299.692	4416.000
1299.831	4326.000
1299.971	4481.000
1300.110	4261.000
1300.250	4529.000
1300.389	4288.000
1300.529	4480.000
1300.669	4323.000
1300.808	4463.000
1300.948	4267.000
1301.087	4388.000
1301.227	4257.000
1301.366	4497.000
1301.505	4272.000
1301.645	4393.000
1301.784	4299.000
1301.924	4446.000
1302.063	4237.000
1302.203	4392.000
1302.342	4210.000
1302.481	4464.000
1302.621	4246.000
1302.760	4401.000
1302.900	4243.000
1303.039	4474.000
1303.178	4418.000
1303.318	4411.000
1303.457	4230.000
1303.596	4405.000
1303.736	4167.000
1303.875	4449.000
1304.014	4184.000
1304.153	4447.000
1304.293	4197.000
1304.432	4339.000
1304.571	4254.000
1304.710	4386.000
1304.850	4177.000
1304.989	4363.000
1305.128	4213.000
1305.267	4407.000
1305.406	4202.000
1305.546	4362.000
1305.685	4149.000
1305.824	4319.000
1305.963	4144.000
1306.102	4372.000
1306.241	4193.000
1306.380	4339.000
1306.519	4250.000
1306.659	4347.000
1306.798	4152.000
1306.937	4451.000
1307.076	4174.000
1307.215	4379.000
1307.354	4170.000
1307.493	4294.000
1307.632	4187.000
1307.771	4331.000
1307.910	4190.000
1308.049	4308.000
1308.188	4179.000
1308.327	4277.000
1308.466	4197.000
1308.605	4338.000
1308.744	4169.000
1308.883	4380.000
1309.022	4189.000
1309.161	4419.000
1309.299	4188.000
1309.438	4335.000
1309.577	4209.000
1309.716	4341.000
1309.855	4184.000
1309.994	4310.000
1310.133	4183.000
1310.271	4274.000
1310.410	4183.000
1310.549	4387.000
1310.688	4248.000
1310.827	4344.000
1310.965	4180.000
1311.104	4306.000
1311.243	4176.000
1311.382	4320.000
1311.520	4185.000
1311.659	4403.000
1311.798	4204.000
1311.937	4362.000
1312.075	4169.000
1312.214	4327.000
1312.353	4166.000
1312.491	4348.000
1312.630	4111.000
1312.769	4380.000
1312.907	4145.000
1313.046	4382.000
1313.185	4225.000
1313.323	4405.000
1313.462	4149.000
1313.600	4389.000
1313.739	4183.000
1313.878	4346.000
1314.016	4158.000
1314.155	4400.000
1314.293	4122.000
1314.432	4403.000
1314.570	4186.000
1314.709	4399.000
1314.847	4126.000
1314.986	4362.000
1315.124	4151.000
1315.263	4386.000
1315.401	4198.000
1315.540	4390.000
1315.678	4213.000
1315.816	4388.000
1315.955	4192.000
1316.093	4324.000
1316.232	4172.000
1316.370	4393.000
1316.508	4135.000
1316.647	4368.000
1316.785	4126.000
1316.923	4409.000
1317.062	4102.000
1317.200	4374.000
1317.338	4156.000
1317.477	4405.000
1317.615	4210.000
1317.753	4361.000
1317.892	4103.000
1318.030	4336.000
1318.168	4119.000
1318.306	4298.000
1318.445	4170.000
1318.583	4316.000
1318.721	4158.000
1318.859	4298.000
1318.998	4141.000
1319.136	4319.000
1319.274	4156.000
1319.412	4301.000
1319.550	4093.000
1319.688	4352.000
1319.826	4105.000
1319.965	4294.000
1320.103	4063.000
1320.241	4249.000
1320.379	4011.000
1320.517	4295.000
1320.655	4125.000
1320.793	4192.000
1320.931	4130.000
1321.069	4329.000
1321.207	4019.000
1321.345	4276.000
1321.483	4102.000
1321.621	4222.000
1321.759	4030.000
1321.897	4175.000
1322.035	4014.000
1322.173	4170.000
1322.311	4042.000
1322.449	4207.000
1322.587	4039.000
1322.725	4200.000
1322.863	3978.000
1323.001	4235.000
1323.139	4025.000
1323.277	4171.000
1323.415	4058.000
1323.552	4167.000
1323.690	3997.000
1323.828	4177.000
1323.966	3569.000
1324.104	4114.000
1324.242	3936.000
1324.379	4080.000
1324.517	3860.000
1324.655	4093.000
1324.793	3881.000
1324.931	4134.000
1325.068	3961.000
1325.206	4092.000
1325.344	3927.000
1325.481	4055.000
1325.619	3888.000
1325.757	4080.000
1325.895	3905.000
1326.032	4047.000
1326.170	3789.000
1326.308	4063.000
1326.445	3800.000
1326.583	3986.000
1326.721	3823.000
1326.858	3959.000
1326.996	3791.000
1327.133	4001.000
1327.271	3781.000
1327.409	4031.000
1327.546	3758.000
1327.684	4072.000
1327.821	3809.000
1327.959	3896.000
1328.096	3808.000
1328.234	3906.000
1328.371	3742.000
1328.509	3865.000
1328.646	3703.000
1328.784	3869.000
1328.921	3693.000
1329.059	3973.000
1329.196	3709.000
1329.334	3931.000
1329.471	3660.000
1329.609	3850.000
1329.746	3662.000
1329.883	3856.000
1330.021	3584.000
1330.158	3838.000
1330.296	3614.000
1330.433	3818.000
1330.570	3584.000
1330.708	3836.000
1330.845	3730.000
1330.982	3829.000
1331.120	3612.000
1331.257	3935.000
1331.394	3600.000
1331.531	3804.000
1331.669	3645.000
1331.806	3863.000
1331.943	3625.000
1332.080	3912.000
1332.218	4962.000
1332.355	3880.000
1332.492	3655.000
1332.629	3811.000
1332.767	3640.000
1332.904	3802.000
1333.041	3538.000
1333.178	3780.000
1333.315	3726.000
1333.452	3858.000
1333.589	3684.000
1333.727	3792.000
1333.864	3595.000
1334.001	3789.000
1334.138	3667.000
1334.275	3887.000
1334.412	3631.000
1334.549	3779.000
1334.686	3603.000
1334.823	3827.000
1334.960	3659.000
1335.097	3831.000
1335.234	3603.000
1335.371	3799.000
1335.508	3631.000
1335.645	3777.000
1335.782	3540.000
1335.919	3748.000
1336.056	3546.000
1336.193	3848.000
1336.330	3603.000
1336.467	3796.000
1336.604	3557.000
1336.741	3833.000
1336.878	3595.000
1337.015	3831.000
1337.151	3581.000
1337.288	3799.000
1337.425	3481.000
1337.562	3784.000
1337.699	3526.000
1337.836	3787.000
1337.972	3557.000
1338.109	3816.000
1338.246	3576.000
1338.383	3772.000
1338.520	3566.000
1338.656	3838.000
1338.793	3508.000
1338.930	3802.000
1339.067	3609.000
1339.203	3726.000
1339.340	3539.000
1339.477	3784.000
1339.613	3537.000
1339.750	3750.000
1339.887	3571.000
1340.023	3734.000
1340.160	3576.000
1340.297	3731.000
1340.433	3574.000
1340.570	3747.000
1340.706	3598.000
1340.843	3807.000
1340.980	3504.000
1341.116	3759.000
1341.253	3504.000
1341.389	3725.000
1341.526	3616.000
1341.662	3787.000
1341.799	3563.000
1341.936	3732.000
1342.072	3623.000
1342.209	3796.000
1342.345	3583.000
1342.482	3818.000
1342.618	3590.000
1342.754	3804.000
1342.891	3570.000
1343.027	3724.000
1343.164	3566.000
1343.300	3776.000
1343.437	3560.000
1343.573	3673.000
1343.709	3610.000
1343.846	3809.000
1343.982	3610.000
1344.118	3728.000
1344.255	3567.000
1344.391	3676.000
1344.527	3620.000
1344.664	3808.000
