1199.956	5051.000
1200.103	5053.000
1200.250	5008.000
1200.396	5149.000
1200.543	4995.000
1200.689	5143.000
1200.836	5002.000
1200.982	5096.000
1201.129	5009.000
1201.275	5083.000
1201.422	4920.000
1201.568	5121.000
1201.715	4985.000
1201.861	5021.000
1202.008	4952.000
1202.154	5132.000
1202.301	4910.000
1202.447	5094.000
1202.593	4924.000
1202.740	5113.000
1202.886	4917.000
1203.033	5050.000
1203.179	5061.000
1203.325	5071.000
1203.472	5041.000
1203.618	5067.000
1203.764	4992.000
1203.911	5052.000
1204.057	4953.000
1204.203	5041.000
1204.350	4991.000
1204.496	5108.000
1204.642	5023.000
1204.789	5048.000
1204.935	4940.000
1205.081	5055.000
1205.227	5034.000
1205.374	5051.000
1205.520	5019.000
1205.666	5095.000
1205.812	4976.000
1205.958	5088.000
1206.105	4948.000
1206.251	5121.000
1206.397	4922.000
1206.543	5062.000
1206.689	4988.000
1206.835	4996.000
1206.981	4966.000
1207.127	5071.000
1207.274	4922.000
1207.420	5018.000
1207.566	4991.000
1207.712	5081.000
1207.858	4945.000
1208.004	5052.000
1208.150	4905.000
1208.296	5049.000
1208.442	4900.000
1208.588	4996.000
1208.734	4994.000
1208.880	5022.000
1209.026	4921.000
1209.172	4983.000
1209.318	4857.000
1209.464	5071.000
1209.610	4952.000
1209.756	4974.000
1209.902	4894.000
1210.048	4998.000
1210.193	4930.000
1210.339	5008.000
1210.485	4926.000
1210.631	5024.000
1210.777	4848.000
1210.923	4984.000
1211.069	4905.000
1211.214	4951.000
1211.360	4920.000
1211.506	5073.000
1211.652	4878.000
1211.798	4978.000
1211.943	4919.000
1212.089	5010.000
1212.235	4887.000
1212.381	4980.000
1212.526	4857.000
1212.672	4987.000
1212.818	4946.000
1212.964	4963.000
1213.109	4900.000
1213.255	5019.000
1213.401	4951.000
1213.546	5002.000
1213.692	4930.000
1213.838	4964.000
1213.983	4857.000
1214.129	5005.000
1214.274	4931.000
1214.420	5034.000
1214.566	4890.000
1214.711	4924.000
1214.857	4874.000
1215.002	4916.000
1215.148	4901.000
1215.293	5047.000
1215.439	4881.000
1215.585	4993.000
1215.730	4872.000
1215.876	4962.000
1216.021	4923.000
1216.166	5017.000
1216.312	4769.000
1216.457	5004.000
1216.603	4867.000
1216.748	4924.000
1216.894	4946.000
1217.039	5016.000
1217.185	4924.000
1217.330	4992.000
1217.475	4923.000
1217.621	4974.000
1217.766	4920.000
1217.912	5057.000
1218.057	4891.000
1218.202	5020.000
1218.348	4862.000
1218.493	4930.000
1218.638	4997.000
1218.783	5046.000
1218.929	4923.000
1219.074	5029.000
1219.219	4929.000
1219.365	4951.000
1219.510	4903.000
1219.655	4998.000
1219.800	4977.000
1219.946	5031.000
1220.091	4918.000
1220.236	5022.000
1220.381	4951.000
1220.526	5041.000
1220.672	4910.000
1220.817	4977.000
1220.962	4947.000
1221.107	5082.000
1221.252	4994.000
1221.397	5011.000
1221.542	4929.000
1221.687	5083.000
1221.833	4960.000
1221.978	5032.000
1222.123	4913.000
1222.268	4995.000
1222.413	4904.000
1222.558	5080.000
1222.703	4954.000
1222.848	5081.000
1222.993	4964.000
1223.138	5071.000
1223.283	4977.000
1223.428	4999.000
1223.573	4971.000
1223.718	5076.000
1223.863	4888.000
1224.008	5037.000
1224.153	4970.000
1224.298	5025.000
1224.442	4968.000
1224.587	5083.000
1224.732	4870.000
1224.877	5062.000
1225.022	4953.000
1225.167	4996.000
1225.312	4998.000
1225.457	5054.000
1225.601	4904.000
1225.746	5068.000
1225.891	4849.000
1226.036	4981.000
1226.181	4941.000
1226.325	5090.000
1226.470	4968.000
1226.615	5063.000
1226.760	4841.000
1226.904	4955.000
1227.049	4929.000
1227.194	5019.000
1227.339	4962.000
1227.483	5089.000
1227.628	4896.000
1227.773	5019.000
1227.917	4896.000
1228.062	5022.000
1228.207	4937.000
1228.351	5099.000
1228.496	4887.000
1228.641	5017.000
1228.785	4835.000
1228.930	5108.000
1229.074	5038.000
1229.219	4999.000
1229.363	4982.000
1229.508	4996.000
1229.653	4905.000
1229.797	5040.000
1229.942	4905.000
1230.086	5107.000
1230.231	4890.000
1230.375	5058.000
1230.520	4904.000
1230.664	5031.000
1230.809	4899.000
1230.953	5095.000
1231.098	4943.000
1231.242	5044.000
1231.386	4886.000
1231.531	5014.000
1231.675	4878.000
1231.820	5026.000
1231.964	4956.000
1232.108	5056.000
1232.253	4908.000
1232.397	5076.000
1232.541	4805.000
1232.686	5083.000
1232.830	4888.000
1232.974	5047.000
1233.119	4911.000
1233.263	5096.000
1233.407	4955.000
1233.552	5040.000
1233.696	4944.000
1233.840	5074.000
1233.984	4932.000
1234.129	5038.000
1234.273	4952.000
1234.417	5085.000
1234.561	4876.000
1234.705	5022.000
1234.850	4941.000
1234.994	5065.000
1235.138	4947.000
1235.282	5069.000
1235.426	4895.000
1235.570	5095.000
1235.715	4979.000
1235.859	5080.000
1236.003	5012.000
1236.147	5156.000
1236.291	5005.000
1236.435	5075.000
1236.579	4947.000
1236.723	5067.000
1236.867	4944.000
1237.011	5134.000
1237.155	5050.000
1237.299	5149.000
1237.443	4959.000
1237.587	5170.000
1237.731	5073.000
1237.875	5082.000
1238.019	4965.000
1238.163	5151.000
1238.307	4979.000
1238.451	5100.000
1238.595	4997.000
1238.739	5146.000
1238.883	4956.000
1239.027	5097.000
1239.171	4961.000
1239.315	5120.000
1239.458	5011.000
1239.602	5115.000
1239.746	5021.000
1239.890	5133.000
1240.034	4948.000
1240.178	5233.000
1240.321	5033.000
1240.465	5095.000
1240.609	5014.000
1240.753	5173.000
1240.896	4966.000
1241.040	5146.000
1241.184	5079.000
1241.328	5180.000
1241.471	5017.000
1241.615	5118.000
1241.759	5024.000
1241.903	5135.000
1242.046	5000.000
1242.190	5156.000
1242.334	5051.000
1242.477	5161.000
1242.621	5015.000
1242.765	5175.000
1242.908	4861.000
1243.052	5207.000
1243.195	5010.000
1243.339	5148.000
1243.483	4994.000
1243.626	5203.000
1243.770	5012.000
1243.913	5111.000
1244.057	5107.000
1244.200	5063.000
1244.344	4955.000
1244.487	5173.000
1244.631	5027.000
1244.774	5146.000
1244.918	4976.000
1245.061	5194.000
1245.205	5088.000
1245.348	5162.000
1245.492	4964.000
1245.635	5128.000
1245.779	5039.000
1245.922	5155.000
1246.065	4977.000
1246.209	5203.000
1246.352	5001.000
1246.496	5087.000
1246.639	5052.000
1246.782	5114.000
1246.926	5002.000
1247.069	5230.000
1247.212	4983.000
1247.356	5022.000
1247.499	4983.000
1247.642	5162.000
1247.785	5020.000
1247.929	5060.000
1248.072	4920.000
1248.215	5160.000
1248.358	4959.000
1248.502	5104.000
1248.645	4945.000
1248.788	5140.000
1248.931	4985.000
1249.075	5121.000
1249.218	5048.000
1249.361	5139.000
1249.504	5000.000
1249.647	5159.000
1249.790	4924.000
1249.933	5056.000
1250.077	5014.000
1250.220	5105.000
1250.363	4894.000
1250.506	5168.000
1250.649	4876.000
1250.792	5032.000
1250.935	4965.000
1251.078	5126.000
1251.221	4988.000
1251.364	5108.000
1251.507	4953.000
1251.650	5011.000
1251.793	4933.000
1251.936	5123.000
1252.079	5046.000
1252.222	5051.000
1252.365	4981.000
1252.508	5078.000
1252.651	4991.000
1252.794	5111.000
1252.937	4943.000
1253.080	5061.000
1253.223	4956.000
1253.366	5091.000
1253.509	4981.000
1253.651	5099.000
1253.794	4888.000
1253.937	5134.000
1254.080	4875.000
1254.223	5110.000
1254.366	4932.000
1254.508	5148.000
1254.651	4963.000
1254.794	5183.000
1254.937	4911.000
1255.080	5204.000
1255.222	4931.000
1255.365	5102.000
1255.508	4983.000
1255.651	5100.000
1255.793	4960.000
1255.936	5066.000
1256.079	4979.000
1256.221	5140.000
1256.364	4940.000
1256.507	5104.000
1256.649	4934.000
1256.792	5123.000
1256.935	5029.000
1257.077	5177.000
1257.220	5047.000
1257.362	5112.000
1257.505	4926.000
1257.648	5144.000
1257.790	4817.000
1257.933	5140.000
1258.075	5018.000
1258.218	5113.000
1258.360	5061.000
1258.503	5055.000
1258.646	4899.000
1258.788	5083.000
1258.931	5009.000
1259.073	5182.000
1259.216	4964.000
1259.358	5076.000
1259.500	4919.000
1259.643	5134.000
1259.785	4975.000
1259.928	5081.000
1260.070	4876.000
1260.213	5134.000
1260.355	4989.000
1260.497	5099.000
1260.640	4921.000
1260.782	5140.000
1260.924	4939.000
1261.067	5120.000
1261.209	4996.000
1261.351	5022.000
1261.494	4871.000
1261.636	5092.000
1261.778	4938.000
1261.921	5186.000
1262.063	4913.000
1262.205	5125.000
1262.348	4951.000
1262.490	5089.000
1262.632	4963.000
1262.774	5133.000
1262.916	4949.000
1263.059	5124.000
1263.201	4954.000
1263.343	5121.000
1263.485	4976.000
1263.627	5128.000
1263.770	4979.000
1263.912	5142.000
1264.054	4950.000
1264.196	5050.000
1264.338	4917.000
1264.480	5142.000
1264.622	4906.000
1264.764	5075.000
1264.906	4902.000
1265.048	5040.000
1265.191	4875.000
1265.333	5026.000
1265.475	4946.000
1265.617	5064.000
1265.759	4917.000
1265.901	5077.000
1266.043	4963.000
1266.185	5086.000
1266.327	4903.000
1266.469	5096.000
1266.611	4971.000
1266.753	5075.000
1266.894	4879.000
1267.036	5124.000
1267.178	4884.000
1267.320	5014.000
1267.462	4872.000
1267.604	5058.000
1267.746	4909.000
1267.888	5066.000
1268.030	4863.000
1268.171	5045.000
1268.313	4873.000
1268.455	5012.000
1268.597	4968.000
1268.739	5000.000
1268.881	4843.000
1269.022	5037.000
1269.164	4788.000
1269.306	5064.000
1269.448	4936.000
1269.589	4977.000
1269.731	4858.000
1269.873	4975.000
1270.015	4899.000
1270.156	5034.000
1270.298	4907.000
1270.440	5052.000
1270.581	4823.000
1270.723	5015.000
1270.865	4837.000
1271.006	5049.000
1271.148	4841.000
1271.289	5051.000
1271.431	4900.000
1271.573	5061.000
1271.714	4849.000
1271.856	4895.000
1271.997	4784.000
1272.139	5027.000
1272.281	4749.000
1272.422	4976.000
1272.564	4826.000
1272.705	4985.000
1272.847	4833.000
1272.988	4969.000
1273.130	4796.000
1273.271	5005.000
1273.413	4698.000
1273.554	5011.000
1273.696	4816.000
1273.837	4949.000
1273.978	4817.000
1274.120	4985.000
1274.261	4777.000
1274.403	4932.000
1274.544	4773.000
1274.685	4948.000
1274.827	4822.000
1274.968	4959.000
1275.110	4707.000
1275.251	4954.000
1275.392	4914.000
1275.534	4985.000
1275.675	4815.000
1275.816	5015.000
1275.957	4756.000
1276.099	4950.000
1276.240	4766.000
1276.381	4957.000
1276.523	4732.000
1276.664	5057.000
1276.805	4814.000
1276.946	5000.000
1277.087	4787.000
1277.229	4951.000
1277.370	4834.000
1277.511	5002.000
1277.652	4715.000
1277.793	4940.000
1277.935	4783.000
1278.076	4978.000
1278.217	4840.000
1278.358	4976.000
1278.499	4709.000
1278.640	4963.000
1278.781	4812.000
1278.922	4921.000
1279.063	4787.000
1279.204	4961.000
1279.345	4749.000
1279.487	4932.000
1279.628	4737.000
1279.769	4960.000
1279.910	4804.000
1280.051	5048.000
1280.192	4800.000
1280.333	4934.000
1280.474	4730.000
1280.615	4911.000
1280.755	4821.000
1280.896	5043.000
1281.037	4762.000
1281.178	4983.000
1281.319	4680.000
1281.460	4961.000
1281.601	4799.000
1281.742	4960.000
1281.883	4783.000
1282.024	4950.000
1282.164	4837.000
1282.305	4921.000
1282.446	4786.000
1282.587	4986.000
1282.728	4731.000
1282.869	4978.000
1283.009	4738.000
1283.150	5003.000
1283.291	4806.000
1283.432	4863.000
1283.572	4763.000
1283.713	4958.000
1283.854	4799.000
1283.995	4890.000
1284.135	4700.000
1284.276	4943.000
1284.417	4855.000
1284.557	4958.000
1284.698	4816.000
1284.839	5024.000
1284.979	4773.000
1285.120	4928.000
1285.261	4773.000
1285.401	4956.000
1285.542	4701.000
1285.682	4907.000
1285.823	4819.000
1285.964	4953.000
1286.104	4748.000
1286.245	4980.000
1286.385	4755.000
1286.526	4968.000
1286.666	4706.000
1286.807	4944.000
1286.947	4728.000
1287.088	4856.000
1287.228	4696.000
1287.369	4881.000
1287.509	4832.000
1287.650	4900.000
1287.790	4772.000
1287.931	4916.000
1288.071	4755.000
1288.212	4927.000
1288.352	4719.000
1288.492	4942.000
1288.633	4716.000
1288.773	4896.000
1288.913	4732.000
1289.054	4925.000
1289.194	4715.000
1289.334	4850.000
1289.475	4707.000
1289.615	4856.000
1289.755	4647.000
1289.896	4834.000
1290.036	4668.000
1290.176	4940.000
1290.317	4764.000
1290.457	4862.000
1290.597	4685.000
1290.737	4857.000
1290.878	4688.000
1291.018	4848.000
1291.158	4617.000
1291.298	4824.000
1291.438	4620.000
1291.579	4817.000
1291.719	4642.000
1291.859	4864.000
1291.999	4649.000
1292.139	4822.000
1292.279	4611.000
1292.419	4851.000
1292.560	4637.000
1292.700	4797.000
1292.840	4627.000
1292.980	4788.000
1293.120	4551.000
1293.260	4763.000
1293.400	4673.000
1293.540	4839.000
1293.680	4575.000
1293.820	4713.000
1293.960	4647.000
1294.100	4719.000
1294.240	4554.000
1294.380	4767.000
1294.520	4569.000
1294.660	4732.000
1294.800	4540.000
1294.940	4715.000
1295.080	4498.000
1295.220	4751.000
1295.360	4558.000
1295.499	4769.000
1295.639	4474.000
1295.779	4764.000
1295.919	4507.000
1296.059	4735.000
1296.199	4492.000
1296.339	4740.000
1296.478	4482.000
1296.618	4680.000
1296.758	4489.000
1296.898	4662.000
1297.038	4466.000
1297.177	4706.000
1297.317	4485.000
1297.457	4645.000
1297.597	4498.000
1297.736	4627.000
1297.876	4471.000
1298.016	4672.000
1298.156	4464.000
1298.295	4598.000
1298.435	4421.000
1298.575	4638.000
1298.714	4503.000
1298.854	4590.000
1298.994	4472.000
1299.133	4584.000
1299.273	4464.000
1299.412	4662.000
1299.552	4402.000
1299.692	4557.000
1299.831	4480.000
1299.971	4618.000
1300.110	4392.000
1300.250	4656.000
1300.389	4454.000
1300.529	4591.000
1300.669	4469.000
1300.808	4630.000
1300.948	4413.000
1301.087	4578.000
1301.227	4363.000
1301.366	4620.000
1301.505	4411.000
1301.645	4512.000
1301.784	4436.000
1301.924	4584.000
1302.063	4367.000
1302.203	4508.000
1302.342	4340.000
1302.481	4600.000
1302.621	4359.000
1302.760	4525.000
1302.900	4373.000
1303.039	4599.000
1303.178	4538.000
1303.318	4542.000
1303.457	4381.000
1303.596	4537.000
1303.736	4310.000
1303.875	4572.000
1304.014	4315.000
1304.153	4551.000
1304.293	4322.000
1304.432	4423.000
1304.571	4350.000
1304.710	4514.000
1304.850	4303.000
1304.989	4521.000
1305.128	4307.000
1305.267	4537.000
1305.406	4311.000
1305.546	4468.000
1305.685	4306.000
1305.824	4440.000
1305.963	4294.000
1306.102	4502.000
1306.241	4344.000
1306.380	4445.000
1306.519	4389.000
1306.659	4457.000
1306.798	4268.000
1306.937	4572.000
1307.076	4307.000
1307.215	4478.000
1307.354	4314.000
1307.493	4430.000
1307.632	4322.000
1307.771	4441.000
1307.910	4331.000
1308.049	4397.000
1308.188	4316.000
1308.327	4425.000
1308.466	4314.000
1308.605	4471.000
1308.744	4313.000
1308.883	4495.000
1309.022	4300.000
1309.161	4515.000
1309.299	4290.000
1309.438	4467.000
1309.577	4338.000
1309.716	4459.000
1309.855	4366.000
1309.994	4448.000
1310.133	4301.000
1310.271	4426.000
1310.410	4335.000
1310.549	4524.000
1310.688	4380.000
1310.827	4482.000
1310.965	4302.000
1311.104	4433.000
1311.243	4280.000
1311.382	4441.000
1311.520	4295.000
1311.659	4529.000
1311.798	4323.000
1311.937	4498.000
1312.075	4325.000
1312.214	4440.000
1312.353	4287.000
1312.491	4431.000
1312.630	4251.000
1312.769	4541.000
1312.907	4290.000
1313.046	4533.000
1313.185	4381.000
1313.323	4553.000
1313.462	4281.000
1313.600	4537.000
1313.739	4287.000
1313.878	4482.000
1314.016	4280.000
1314.155	4514.000
1314.293	4267.000
1314.432	4529.000
1314.570	4313.000
1314.709	4518.000
1314.847	4276.000
1314.986	4493.000
1315.124	4322.000
1315.263	4501.000
1315.401	4291.000
1315.540	4513.000
1315.678	4347.000
1315.816	4525.000
1315.955	4336.000
1316.093	4439.000
1316.232	4311.000
1316.370	4509.000
1316.508	4254.000
1316.647	4490.000
1316.785	4279.000
1316.923	4496.000
1317.062	4238.000
1317.200	4513.000
1317.338	4230.000
1317.477	4531.000
1317.615	4354.000
1317.753	4499.000
1317.892	4231.000
1318.030	4444.000
1318.168	4259.000
1318.306	4428.000
1318.445	4300.000
1318.583	4456.000
1318.721	4287.000
1318.859	4413.000
1318.998	4273.000
1319.136	4445.000
1319.274	4284.000
1319.412	4373.000
1319.550	4215.000
1319.688	4445.000
1319.826	4201.000
1319.965	4388.000
1320.103	4194.000
1320.241	4377.000
1320.379	4149.000
1320.517	4382.000
1320.655	4245.000
1320.793	4307.000
1320.931	4214.000
1321.069	4462.000
1321.207	4134.000
1321.345	4365.000
1321.483	4206.000
1321.621	4319.000
1321.759	4134.000
1321.897	4257.000
1322.035	4103.000
1322.173	4265.000
1322.311	4106.000
1322.449	4286.000
1322.587	4111.000
1322.725	4263.000
1322.863	4069.000
1323.001	4324.000
1323.139	4123.000
1323.277	4264.000
1323.415	4151.000
1323.552	4241.000
1323.690	4074.000
1323.828	4219.000
1323.966	3611.000
1324.104	4177.000
1324.242	4026.000
1324.379	4147.000
1324.517	3947.000
1324.655	4169.000
1324.793	3926.000
1324.931	4183.000
1325.068	4014.000
1325.206	4158.000
1325.344	3989.000
1325.481	4110.000
1325.619	3934.000
1325.757	4143.000
1325.895	3963.000
1326.032	4106.000
1326.170	3834.000
1326.308	4121.000
1326.445	3848.000
1326.583	4040.000
1326.721	3891.000
1326.858	4039.000
1326.996	3842.000
1327.133	4055.000
1327.271	3826.000
1327.409	4073.000
1327.546	3805.000
1327.684	4120.000
1327.821	3863.000
1327.959	3936.000
1328.096	3864.000
1328.234	3945.000
1328.371	3789.000
1328.509	3914.000
1328.646	3733.000
1328.784	3903.000
1328.921	3755.000
1329.059	4024.000
1329.196	3778.000
1329.334	3985.000
1329.471	3729.000
1329.609	3872.000
1329.746	3717.000
1329.883	3858.000
1330.021	3608.000
1330.158	3875.000
1330.296	3643.000
1330.433	3859.000
1330.570	3637.000
1330.708	3865.000
1330.845	3758.000
1330.982	3876.000
1331.120	3651.000
1331.257	3944.000
1331.394	3643.000
1331.531	3848.000
1331.669	3704.000
1331.806	3892.000
1331.943	3654.000
1332.080	3941.000
1332.218	5052.000
1332.355	3906.000
1332.492	3695.000
1332.629	3834.000
1332.767	3686.000
1332.904	3820.000
1333.041	3566.000
1333.178	3784.000
1333.315	3737.000
1333.452	3913.000
1333.589	3714.000
1333.727	3816.000
1333.864	3590.000
1334.001	3799.000
1334.138	3699.000
1334.275	3889.000
1334.412	3634.000
1334.549	3794.000
1334.686	3585.000
1334.823	3837.000
1334.960	3654.000
1335.097	3825.000
1335.234	3655.000
1335.371	3835.000
1335.508	3662.000
1335.645	3808.000
1335.782	3599.000
1335.919	3771.000
1336.056	3573.000
1336.193	3855.000
1336.330	3619.000
1336.467	3805.000
1336.604	3598.000
1336.741	3850.000
1336.878	3621.000
1337.015	3868.000
1337.151	3641.000
1337.288	3808.000
1337.425	3493.000
1337.562	3816.000
1337.699	3555.000
1337.836	3818.000
1337.972	3534.000
1338.109	3848.000
1338.246	3614.000
1338.383	3786.000
1338.520	3589.000
1338.656	3843.000
1338.793	3519.000
1338.930	3813.000
1339.067	3615.000
1339.203	3723.000
1339.340	3532.000
1339.477	3802.000
1339.613	3573.000
1339.750	3755.000
1339.887	3592.000
1340.023	3728.000
1340.160	3588.000
1340.297	3737.000
1340.433	3584.000
1340.570	3757.000
1340.706	3633.000
1340.843	3825.000
1340.980	3536.000
1341.116	3771.000
1341.253	3517.000
1341.389	3744.000
1341.526	3631.000
1341.662	3827.000
1341.799	3580.000
1341.936	3765.000
1342.072	3626.000
1342.209	3807.000
1342.345	3578.000
1342.482	3853.000
1342.618	3622.000
1342.754	3795.000
1342.891	3560.000
1343.027	3750.000
1343.164	3566.000
1343.300	3790.000
1343.437	3589.000
1343.573	3662.000
1343.709	3636.000
1343.846	3815.000
1343.982	3652.000
1344.118	3756.000
1344.255	3523.000
1344.391	3680.000
1344.527	3627.000
1344.664	3822.000
