1199.956	6532.000
1200.103	6416.000
1200.250	6477.000
1200.396	6499.000
1200.543	6479.000
1200.689	6486.000
1200.836	6453.000
1200.982	6439.000
1201.129	6453.000
1201.275	6427.000
1201.422	6409.000
1201.568	6472.000
1201.715	6488.000
1201.861	6428.000
1202.008	6485.000
1202.154	6556.000
1202.301	6450.000
1202.447	6525.000
1202.593	6507.000
1202.740	6593.000
1202.886	6515.000
1203.033	6523.000
1203.179	6699.000
1203.325	6550.000
1203.472	6676.000
1203.618	6578.000
1203.764	6693.000
1203.911	6603.000
1204.057	6677.000
1204.203	6625.000
1204.350	6711.000
1204.496	6707.000
1204.642	6784.000
1204.789	6686.000
1204.935	6721.000
1205.081	6700.000
1205.227	6815.000
1205.374	6675.000
1205.520	6785.000
1205.666	6780.000
1205.812	6803.000
1205.958	6766.000
1206.105	6762.000
1206.251	6830.000
1206.397	6798.000
1206.543	6779.000
1206.689	6846.000
1206.835	6732.000
1206.981	6846.000
1207.127	6787.000
1207.274	6831.000
1207.420	6780.000
1207.566	6902.000
1207.712	6832.000
1207.858	6847.000
1208.004	6859.000
1208.150	6882.000
1208.296	6842.000
1208.442	6846.000
1208.588	6825.000
1208.734	6927.000
1208.880	6839.000
1209.026	6901.000
1209.172	6815.000
1209.318	6886.000
1209.464	6904.000
1209.610	6966.000
1209.756	6820.000
1209.902	6942.000
1210.048	6874.000
1210.193	6940.000
1210.339	6855.000
1210.485	6954.000
1210.631	6893.000
1210.777	6916.000
1210.923	6889.000
1211.069	6949.000
1211.214	6876.000
1211.360	6949.000
1211.506	6982.000
1211.652	6931.000
1211.798	6902.000
1211.943	6976.000
1212.089	6882.000
1212.235	6902.000
1212.381	6863.000
1212.526	6913.000
1212.672	6879.000
1212.818	6985.000
1212.964	6837.000
1213.109	6914.000
1213.255	6895.000
1213.401	6943.000
1213.546	6855.000
1213.692	6947.000
1213.838	6815.000
1213.983	6843.000
1214.129	6811.000
1214.274	6865.000
1214.420	6844.000
1214.566	6817.000
1214.711	6734.000
1214.857	6754.000
1215.002	6694.000
1215.148	6791.000
1215.293	6772.000
1215.439	6743.000
1215.585	6715.000
1215.730	6712.000
1215.876	6627.000
1216.021	6698.000
1216.166	6611.000
1216.312	6527.000
1216.457	6632.000
1216.603	6591.000
1216.748	6528.000
1216.894	6556.000
1217.039	6549.000
1217.185	6538.000
1217.330	6467.000
1217.475	6460.000
1217.621	6398.000
1217.766	6413.000
1217.912	6418.000
1218.057	6342.000
1218.202	6333.000
1218.348	6251.000
1218.493	6200.000
1218.638	6326.000
1218.783	6253.000
1218.929	6198.000
1219.074	6197.000
1219.219	6129.000
1219.365	6074.000
1219.510	6047.000
1219.655	6037.000
1219.800	6054.000
1219.946	6015.000
1220.091	5913.000
1220.236	5960.000
1220.381	5910.000
1220.526	5929.000
1220.672	5820.000
1220.817	5767.000
1220.962	5778.000
1221.107	5803.000
1221.252	5754.000
1221.397	5693.000
1221.542	5631.000
1221.687	5688.000
1221.833	5582.000
1221.978	5580.000
1222.123	5488.000
1222.268	5507.000
1222.413	5396.000
1222.558	5500.000
1222.703	5435.000
1222.848	5439.000
1222.993	5334.000
1223.138	5398.000
1223.283	5296.000
1223.428	5275.000
1223.573	5207.000
1223.718	5274.000
1223.863	5089.000
1224.008	5169.000
1224.153	5117.000
1224.298	5125.000
1224.442	5072.000
1224.587	5095.000
1224.732	4903.000
1224.877	5051.000
1225.022	4901.000
1225.167	4939.000
1225.312	4876.000
1225.457	4957.000
1225.601	4764.000
1225.746	4905.000
1225.891	4658.000
1226.036	4787.000
1226.181	4733.000
1226.325	4839.000
1226.470	4685.000
1226.615	4811.000
1226.760	4538.000
1226.904	4621.000
1227.049	4577.000
1227.194	4650.000
1227.339	4576.000
1227.483	4686.000
1227.628	4481.000
1227.773	4560.000
1227.917	4416.000
1228.062	4583.000
1228.207	4432.000
1228.351	4610.000
1228.496	4355.000
1228.641	4482.000
1228.785	4259.000
1228.930	4539.000
1229.074	4416.000
1229.219	4384.000
1229.363	4343.000
1229.508	4396.000
1229.653	4244.000
1229.797	4407.000
1229.942	4239.000
1230.086	4452.000
1230.231	4174.000
1230.375	4375.000
1230.520	4187.000
1230.664	4338.000
1230.809	4139.000
1230.953	4392.000
1231.098	4151.000
1231.242	4302.000
1231.386	4104.000
1231.531	4277.000
1231.675	4090.000
1231.820	4233.000
1231.964	4120.000
1232.108	4269.000
1232.253	4097.000
1232.397	4282.000
1232.541	3973.000
1232.686	4248.000
1232.830	4047.000
1232.974	4208.000
1233.119	4038.000
1233.263	4277.000
1233.407	4052.000
1233.552	4199.000
1233.696	4002.000
1233.840	4243.000
1233.984	4004.000
1234.129	4173.000
1234.273	4016.000
1234.417	4226.000
1234.561	3967.000
1234.705	4143.000
1234.850	4003.000
1234.994	4155.000
1235.138	3997.000
1235.282	4151.000
1235.426	3954.000
1235.570	4167.000
1235.715	3971.000
1235.859	4175.000
1236.003	4030.000
1236.147	4206.000
1236.291	4012.000
1236.435	4101.000
1236.579	3950.000
1236.723	4142.000
1236.867	3930.000
1237.011	4164.000
1237.155	4050.000
1237.299	4176.000
1237.443	3941.000
1237.587	4190.000
1237.731	4035.000
1237.875	4118.000
1238.019	3939.000
1238.163	4165.000
1238.307	3946.000
1238.451	4134.000
1238.595	3932.000
1238.739	4135.000
1238.883	3949.000
1239.027	4093.000
1239.171	3958.000
1239.315	4118.000
1239.458	3924.000
1239.602	4092.000
1239.746	3934.000
1239.890	4102.000
1240.034	3931.000
1240.178	4181.000
1240.321	3967.000
1240.465	4047.000
1240.609	3954.000
1240.753	4137.000
1240.896	3863.000
1241.040	4091.000
1241.184	4000.000
1241.328	4101.000
1241.471	3924.000
1241.615	4054.000
1241.759	3899.000
1241.903	4070.000
1242.046	3912.000
1242.190	4094.000
1242.334	3928.000
1242.477	4120.000
1242.621	3913.000
1242.765	4103.000
1242.908	3778.000
1243.052	4138.000
1243.195	3913.000
1243.339	4072.000
1243.483	3881.000
1243.626	4089.000
1243.770	3883.000
1243.913	4034.000
1244.057	3978.000
1244.200	3972.000
1244.344	3822.000
1244.487	4079.000
1244.631	3881.000
1244.774	4032.000
1244.918	3859.000
1245.061	4114.000
1245.205	3956.000
1245.348	4044.000
1245.492	3835.000
1245.635	4055.000
1245.779	3936.000
1245.922	4065.000
1246.065	3846.000
1246.209	4087.000
1246.352	3864.000
1246.496	3961.000
1246.639	3903.000
1246.782	4025.000
1246.926	3873.000
1247.069	4142.000
1247.212	3822.000
1247.356	3904.000
1247.499	3875.000
1247.642	4064.000
1247.785	3889.000
1247.929	4002.000
1248.072	3787.000
1248.215	4049.000
1248.358	3821.000
1248.502	4023.000
1248.645	3811.000
1248.788	4039.000
1248.931	3839.000
1249.075	4011.000
1249.218	3895.000
1249.361	4017.000
1249.504	3832.000
1249.647	4060.000
1249.790	3794.000
1249.933	3969.000
1250.077	3849.000
1250.220	3973.000
1250.363	3719.000
1250.506	4014.000
1250.649	3733.000
1250.792	3939.000
1250.935	3801.000
1251.078	3980.000
1251.221	3813.000
1251.364	3963.000
1251.507	3831.000
1251.650	3894.000
1251.793	3780.000
1251.936	3944.000
1252.079	3890.000
1252.222	3919.000
1252.365	3786.000
1252.508	3935.000
1252.651	3822.000
1252.794	3975.000
1252.937	3750.000
1253.080	3850.000
1253.223	3761.000
1253.366	3941.000
1253.509	3757.000
1253.651	3952.000
1253.794	3728.000
1253.937	3989.000
1254.080	3700.000
1254.223	3919.000
1254.366	3709.000
1254.508	3983.000
1254.651	3758.000
1254.794	4023.000
1254.937	3706.000
1255.080	4029.000
1255.222	3734.000
1255.365	3940.000
1255.508	3750.000
1255.651	3947.000
1255.793	3755.000
1255.936	3901.000
1256.079	3746.000
1256.221	3967.000
1256.364	3706.000
1256.507	3910.000
1256.649	3734.000
1256.792	3916.000
1256.935	3832.000
1257.077	3961.000
1257.220	3817.000
1257.362	3938.000
1257.505	3685.000
1257.648	3971.000
1257.790	3660.000
1257.933	3918.000
1258.075	3768.000
1258.218	3901.000
1258.360	3812.000
1258.503	3866.000
1258.646	3647.000
1258.788	3851.000
1258.931	3759.000
1259.073	4002.000
1259.216	3712.000
1259.358	3889.000
1259.500	3677.000
1259.643	3924.000
1259.785	3742.000
1259.928	3904.000
1260.070	3675.000
1260.213	3924.000
1260.355	3771.000
1260.497	3895.000
1260.640	3701.000
1260.782	3914.000
1260.924	3694.000
1261.067	3888.000
1261.209	3757.000
1261.351	3821.000
1261.494	3634.000
1261.636	3878.000
1261.778	3723.000
1261.921	3959.000
1262.063	3684.000
1262.205	3914.000
1262.348	3681.000
1262.490	3885.000
1262.632	3727.000
1262.774	3913.000
1262.916	3700.000
1263.059	3916.000
1263.201	3724.000
1263.343	3871.000
1263.485	3709.000
1263.627	3939.000
1263.770	3770.000
1263.912	3934.000
1264.054	3699.000
1264.196	3849.000
1264.338	3645.000
1264.480	3925.000
1264.622	3651.000
1264.764	3878.000
1264.906	3673.000
1265.048	3855.000
1265.191	3656.000
1265.333	3841.000
1265.475	3712.000
1265.617	3860.000
1265.759	3697.000
1265.901	3917.000
1266.043	3724.000
1266.185	3875.000
1266.327	3685.000
1266.469	3918.000
1266.611	3748.000
1266.753	3846.000
1266.894	3678.000
1267.036	3942.000
1267.178	3665.000
1267.320	3853.000
1267.462	3646.000
1267.604	3867.000
1267.746	3715.000
1267.888	3886.000
1268.030	3682.000
1268.171	3860.000
1268.313	3656.000
1268.455	3850.000
1268.597	3763.000
1268.739	3849.000
1268.881	3660.000
1269.022	3854.000
1269.164	3624.000
1269.306	3901.000
1269.448	3752.000
1269.589	3827.000
1269.731	3673.000
1269.873	3784.000
1270.015	3725.000
1270.156	3890.000
1270.298	3696.000
1270.440	3922.000
1270.581	3687.000
1270.723	3893.000
1270.865	3700.000
1271.006	3894.000
1271.148	3690.000
1271.289	3912.000
1271.431	3732.000
1271.573	3934.000
1271.714	3719.000
1271.856	3779.000
1271.997	3627.000
1272.139	3895.000
1272.281	3628.000
1272.422	3865.000
1272.564	3663.000
1272.705	3843.000
1272.847	3655.000
1272.988	3854.000
1273.130	3679.000
1273.271	3925.000
1273.413	3558.000
1273.554	3926.000
1273.696	3651.000
1273.837	3863.000
1273.978	3699.000
1274.120	3911.000
1274.261	3678.000
1274.403	3837.000
1274.544	3666.000
1274.685	3841.000
1274.827	3720.000
1274.968	3850.000
1275.110	3622.000
1275.251	3881.000
1275.392	3801.000
1275.534	3887.000
1275.675	3683.000
1275.816	3918.000
1275.957	3675.000
1276.099	3868.000
1276.240	3668.000
1276.381	3888.000
1276.523	3647.000
1276.664	4001.000
1276.805	3685.000
1276.946	3934.000
1277.087	3696.000
1277.229	3922.000
1277.370	3723.000
1277.511	3928.000
1277.652	3618.000
1277.793	3864.000
1277.935	3670.000
1278.076	3926.000
1278.217	3737.000
1278.358	3879.000
1278.499	3607.000
1278.640	3902.000
1278.781	3702.000
1278.922	3830.000
1279.063	3712.000
1279.204	3879.000
1279.345	3648.000
1279.487	3898.000
1279.628	3618.000
1279.769	3941.000
1279.910	3720.000
1280.051	3976.000
1280.192	3714.000
1280.333	3886.000
1280.474	3671.000
1280.615	3857.000
1280.755	3722.000
1280.896	3992.000
1281.037	3671.000
1281.178	3939.000
1281.319	3630.000
1281.460	3890.000
1281.601	3715.000
1281.742	3917.000
1281.883	3688.000
1282.024	3891.000
1282.164	3788.000
1282.305	3843.000
1282.446	3684.000
1282.587	3943.000
1282.728	3659.000
1282.869	3903.000
1283.009	3664.000
1283.150	3977.000
1283.291	3738.000
1283.432	3863.000
1283.572	3709.000
1283.713	3914.000
1283.854	3697.000
1283.995	3814.000
1284.135	3624.000
1284.276	3888.000
1284.417	3785.000
1284.557	3919.000
1284.698	3744.000
1284.839	3967.000
1284.979	3712.000
1285.120	3908.000
1285.261	3686.000
1285.401	3882.000
1285.542	3654.000
1285.682	3838.000
1285.823	3775.000
1285.964	3937.000
1286.104	3674.000
1286.245	3906.000
1286.385	3697.000
1286.526	3931.000
1286.666	3630.000
1286.807	3891.000
1286.947	3682.000
1287.088	3848.000
1287.228	3627.000
1287.369	3869.000
1287.509	3776.000
1287.650	3848.000
1287.790	3696.000
1287.931	3890.000
1288.071	3721.000
1288.212	3900.000
1288.352	3683.000
1288.492	3911.000
1288.633	3696.000
1288.773	3844.000
1288.913	3676.000
1289.054	3925.000
1289.194	3711.000
1289.334	3854.000
1289.475	3710.000
1289.615	3860.000
1289.755	3664.000
1289.896	3806.000
1290.036	3634.000
1290.176	3903.000
1290.317	3754.000
1290.457	3863.000
1290.597	3682.000
1290.737	3892.000
1290.878	3664.000
1291.018	3844.000
1291.158	3644.000
1291.298	3864.000
1291.438	3631.000
1291.579	3854.000
1291.719	3672.000
1291.859	3853.000
1291.999	3653.000
1292.139	3816.000
1292.279	3619.000
1292.419	3882.000
1292.560	3677.000
1292.700	3831.000
1292.840	3659.000
1292.980	3840.000
1293.120	3582.000
1293.260	3808.000
1293.400	3712.000
1293.540	3907.000
1293.680	3673.000
1293.820	3823.000
1293.960	3701.000
1294.100	3805.000
1294.240	3615.000
1294.380	3842.000
1294.520	3641.000
1294.660	3803.000
1294.800	3599.000
1294.940	3839.000
1295.080	3588.000
1295.220	3854.000
1295.360	3648.000
1295.499	3876.000
1295.639	3587.000
1295.779	3862.000
1295.919	3610.000
1296.059	3835.000
1296.199	3598.000
1296.339	3885.000
1296.478	3592.000
1296.618	3784.000
1296.758	3590.000
1296.898	3780.000
1297.038	3578.000
1297.177	3843.000
1297.317	3571.000
1297.457	3772.000
1297.597	3610.000
1297.736	3772.000
1297.876	3623.000
1298.016	3801.000
1298.156	3607.000
1298.295	3732.000
1298.435	3558.000
1298.575	3771.000
1298.714	3626.000
1298.854	3743.000
1298.994	3632.000
1299.133	3761.000
1299.273	3617.000
1299.412	3831.000
1299.552	3566.000
1299.692	3739.000
1299.831	3609.000
1299.971	3778.000
1300.110	3554.000
1300.250	3845.000
1300.389	3598.000
1300.529	3775.000
1300.669	3608.000
1300.808	3794.000
1300.948	3592.000
1301.087	3772.000
1301.227	3537.000
1301.366	3802.000
1301.505	3591.000
1301.645	3691.000
1301.784	3606.000
1301.924	3770.000
1302.063	3529.000
1302.203	3695.000
1302.342	3525.000
1302.481	3792.000
1302.621	3542.000
1302.760	3705.000
1302.900	3559.000
1303.039	3789.000
1303.178	3763.000
1303.318	3767.000
1303.457	3555.000
1303.596	3730.000
1303.736	3491.000
1303.875	3768.000
1304.014	3514.000
1304.153	3781.000
1304.293	3497.000
1304.432	3634.000
1304.571	3562.000
1304.710	3696.000
1304.850	3507.000
1304.989	3683.000
1305.128	3522.000
1305.267	3734.000
1305.406	3524.000
1305.546	3677.000
1305.685	3479.000
1305.824	3651.000
1305.963	3479.000
1306.102	3710.000
1306.241	3521.000
1306.380	3676.000
1306.519	3539.000
1306.659	3664.000
1306.798	3486.000
1306.937	3770.000
1307.076	3501.000
1307.215	3694.000
1307.354	3494.000
1307.493	3614.000
1307.632	3500.000
1307.771	3622.000
1307.910	3497.000
1308.049	3577.000
1308.188	3519.000
1308.327	3597.000
1308.466	3508.000
1308.605	3651.000
1308.744	3501.000
1308.883	3661.000
1309.022	3519.000
1309.161	3712.000
1309.299	3468.000
1309.438	3646.000
1309.577	3512.000
1309.716	3647.000
1309.855	3504.000
1309.994	3643.000
1310.133	3481.000
1310.271	3602.000
1310.410	3479.000
1310.549	3643.000
1310.688	3562.000
1310.827	3669.000
1310.965	3447.000
1311.104	3595.000
1311.243	3454.000
1311.382	3619.000
1311.520	3476.000
1311.659	3701.000
1311.798	3484.000
1311.937	3675.000
1312.075	3445.000
1312.214	3597.000
1312.353	3476.000
1312.491	3625.000
1312.630	3377.000
1312.769	3693.000
1312.907	3447.000
1313.046	3681.000
1313.185	3518.000
1313.323	3708.000
1313.462	3448.000
1313.600	3682.000
1313.739	3450.000
1313.878	3652.000
1314.016	3453.000
1314.155	3695.000
1314.293	3424.000
1314.432	3687.000
1314.570	3495.000
1314.709	3684.000
1314.847	3423.000
1314.986	3632.000
1315.124	3455.000
1315.263	3671.000
1315.401	3475.000
1315.540	3666.000
1315.678	3511.000
1315.816	3716.000
1315.955	3528.000
1316.093	3636.000
1316.232	3487.000
1316.370	3704.000
1316.508	3448.000
1316.647	3696.000
1316.785	3466.000
1316.923	3699.000
1317.062	3438.000
1317.200	3705.000
1317.338	3469.000
1317.477	3707.000
1317.615	3535.000
1317.753	3694.000
1317.892	3425.000
1318.030	3659.000
1318.168	3461.000
1318.306	3619.000
1318.445	3487.000
1318.583	3673.000
1318.721	3499.000
1318.859	3655.000
1318.998	3475.000
1319.136	3661.000
1319.274	3516.000
1319.412	3674.000
1319.550	3445.000
1319.688	3718.000
1319.826	3465.000
1319.965	3631.000
1320.103	3458.000
1320.241	3657.000
1320.379	3403.000
1320.517	3669.000
1320.655	3530.000
1320.793	3585.000
1320.931	3498.000
1321.069	3749.000
1321.207	3428.000
1321.345	3671.000
1321.483	3511.000
1321.621	3646.000
1321.759	3448.000
1321.897	3598.000
1322.035	3447.000
1322.173	3604.000
1322.311	3483.000
1322.449	3661.000
1322.587	3455.000
1322.725	3606.000
1322.863	3455.000
1323.001	3689.000
1323.139	3517.000
1323.277	3639.000
1323.415	3540.000
1323.552	3638.000
1323.690	3462.000
1323.828	3643.000
1323.966	3055.000
1324.104	3628.000
1324.242	3441.000
1324.379	3605.000
1324.517	3337.000
1324.655	3622.000
1324.793	3404.000
1324.931	3641.000
1325.068	3488.000
1325.206	3605.000
1325.344	3447.000
1325.481	3596.000
1325.619	3437.000
1325.757	3642.000
1325.895	3453.000
1326.032	3627.000
1326.170	3361.000
1326.308	3647.000
1326.445	3370.000
1326.583	3565.000
1326.721	3426.000
1326.858	3568.000
1326.996	3416.000
1327.133	3618.000
1327.271	3370.000
1327.409	3614.000
1327.546	3391.000
1327.684	3681.000
1327.821	3429.000
1327.959	3558.000
1328.096	3447.000
1328.234	3533.000
1328.371	3368.000
1328.509	3509.000
1328.646	3307.000
1328.784	3514.000
1328.921	3339.000
1329.059	3591.000
1329.196	3381.000
1329.334	3569.000
1329.471	3358.000
1329.609	3494.000
1329.746	3342.000
1329.883	3527.000
1330.021	3273.000
1330.158	3527.000
1330.296	3269.000
1330.433	3519.000
1330.570	3322.000
1330.708	3499.000
1330.845	3404.000
1330.982	3528.000
1331.120	3321.000
1331.257	3626.000
1331.394	3288.000
1331.531	3526.000
1331.669	3347.000
1331.806	3555.000
1331.943	3315.000
1332.080	3606.000
1332.218	4669.000
1332.355	3567.000
1332.492	3375.000
1332.629	3530.000
1332.767	3375.000
1332.904	3517.000
1333.041	3241.000
1333.178	3489.000
1333.315	3429.000
1333.452	3599.000
1333.589	3398.000
1333.727	3520.000
1333.864	3305.000
1334.001	3510.000
1334.138	3420.000
1334.275	3602.000
1334.412	3358.000
1334.549	3499.000
1334.686	3332.000
1334.823	3590.000
1334.960	3387.000
1335.097	3577.000
1335.234	3398.000
1335.371	3587.000
1335.508	3396.000
1335.645	3518.000
1335.782	3346.000
1335.919	3497.000
1336.056	3305.000
1336.193	3603.000
1336.330	3329.000
1336.467	3569.000
1336.604	3330.000
1336.741	3583.000
1336.878	3339.000
1337.015	3571.000
1337.151	3336.000
1337.288	3559.000
1337.425	3264.000
1337.562	3539.000
1337.699	3319.000
1337.836	3561.000
1337.972	3308.000
1338.109	3591.000
1338.246	3364.000
1338.383	3525.000
1338.520	3332.000
1338.656	3616.000
1338.793	3294.000
1338.930	3559.000
1339.067	3386.000
1339.203	3528.000
1339.340	3319.000
1339.477	3562.000
1339.613	3335.000
1339.750	3538.000
1339.887	3341.000
1340.023	3540.000
1340.160	3345.000
1340.297	3541.000
1340.433	3362.000
1340.570	3521.000
1340.706	3375.000
1340.843	3581.000
1340.980	3279.000
1341.116	3535.000
1341.253	3298.000
1341.389	3514.000
1341.526	3392.000
1341.662	3608.000
1341.799	3363.000
1341.936	3543.000
1342.072	3389.000
1342.209	3575.000
1342.345	3380.000
1342.482	3628.000
1342.618	3382.000
1342.754	3627.000
1342.891	3373.000
1343.027	3535.000
1343.164	3354.000
1343.300	3550.000
1343.437	3368.000
1343.573	3455.000
1343.709	3417.000
1343.846	3567.000
1343.982	3441.000
1344.118	3539.000
1344.255	3369.000
1344.391	3477.000
1344.527	3419.000
1344.664	3607.000
