1199.956	5836.000
1200.103	5816.000
1200.250	5786.000
1200.396	5894.000
1200.543	5791.000
1200.689	5871.000
1200.836	5773.000
1200.982	5833.000
1201.129	5765.000
1201.275	5832.000
1201.422	5703.000
1201.568	5877.000
1201.715	5800.000
1201.861	5781.000
1202.008	5747.000
1202.154	5887.000
1202.301	5740.000
1202.447	5892.000
1202.593	5770.000
1202.740	5882.000
1202.886	5807.000
1203.033	5860.000
1203.179	5933.000
1203.325	5910.000
1203.472	5910.000
1203.618	5916.000
1203.764	5918.000
1203.911	5956.000
1204.057	5925.000
1204.203	5937.000
1204.350	5976.000
1204.496	6045.000
1204.642	6036.000
1204.789	5993.000
1204.935	5951.000
1205.081	6023.000
1205.227	6029.000
1205.374	5996.000
1205.520	6026.000
1205.666	6065.000
1205.812	6016.000
1205.958	6050.000
1206.105	5999.000
1206.251	6130.000
1206.397	5964.000
1206.543	6052.000
1206.689	6063.000
1206.835	6008.000
1206.981	6021.000
1207.127	6074.000
1207.274	6021.000
1207.420	6038.000
1207.566	6084.000
1207.712	6116.000
1207.858	6030.000
1208.004	6094.000
1208.150	6040.000
1208.296	6117.000
1208.442	6031.000
1208.588	6083.000
1208.734	6137.000
1208.880	6095.000
1209.026	6085.000
1209.172	6075.000
1209.318	6081.000
1209.464	6166.000
1209.610	6135.000
1209.756	6120.000
1209.902	6139.000
1210.048	6132.000
1210.193	6126.000
1210.339	6147.000
1210.485	6150.000
1210.631	6192.000
1210.777	6100.000
1210.923	6167.000
1211.069	6125.000
1211.214	6166.000
1211.360	6198.000
1211.506	6238.000
1211.652	6149.000
1211.798	6169.000
1211.943	6183.000
1212.089	6184.000
1212.235	6154.000
1212.381	6187.000
1212.526	6166.000
1212.672	6174.000
1212.818	6191.000
1212.964	6161.000
1213.109	6162.000
1213.255	6205.000
1213.401	6210.000
1213.546	6181.000
1213.692	6171.000
1213.838	6162.000
1213.983	6108.000
1214.129	6167.000
1214.274	6163.000
1214.420	6169.000
1214.566	6088.000
1214.711	6091.000
1214.857	6062.000
1215.002	6057.000
1215.148	6071.000
1215.293	6163.000
1215.439	6043.000
1215.585	6072.000
1215.730	6037.000
1215.876	6030.000
1216.021	6027.000
1216.166	6064.000
1216.312	5875.000
1216.457	6046.000
1216.603	5960.000
1216.748	5949.000
1216.894	5965.000
1217.039	5989.000
1217.185	5942.000
1217.330	5924.000
1217.475	5890.000
1217.621	5907.000
1217.766	5837.000
1217.912	5942.000
1218.057	5791.000
1218.202	5863.000
1218.348	5716.000
1218.493	5738.000
1218.638	5823.000
1218.783	5787.000
1218.929	5701.000
1219.074	5733.000
1219.219	5651.000
1219.365	5638.000
1219.510	5595.000
1219.655	5616.000
1219.800	5619.000
1219.946	5644.000
1220.091	5503.000
1220.236	5566.000
1220.381	5520.000
1220.526	5523.000
1220.672	5414.000
1220.817	5427.000
1220.962	5396.000
1221.107	5477.000
1221.252	5376.000
1221.397	5350.000
1221.542	5283.000
1221.687	5375.000
1221.833	5256.000
1221.978	5298.000
1222.123	5165.000
1222.268	5217.000
1222.413	5103.000
1222.558	5231.000
1222.703	5103.000
1222.848	5204.000
1222.993	5028.000
1223.138	5143.000
1223.283	5027.000
1223.428	5043.000
1223.573	4918.000
1223.718	5046.000
1223.863	4833.000
1224.008	4946.000
1224.153	4846.000
1224.298	4907.000
1224.442	4806.000
1224.587	4943.000
1224.732	4669.000
1224.877	4853.000
1225.022	4685.000
1225.167	4759.000
1225.312	4683.000
1225.457	4777.000
1225.601	4578.000
1225.746	4739.000
1225.891	4510.000
1226.036	4622.000
1226.181	4545.000
1226.325	4683.000
1226.470	4500.000
1226.615	4644.000
1226.760	4377.000
1226.904	4503.000
1227.049	4439.000
1227.194	4537.000
1227.339	4429.000
1227.483	4568.000
1227.628	4340.000
1227.773	4472.000
1227.917	4283.000
1228.062	4460.000
1228.207	4305.000
1228.351	4471.000
1228.496	4234.000
1228.641	4380.000
1228.785	4160.000
1228.930	4451.000
1229.074	4321.000
1229.219	4317.000
1229.363	4241.000
1229.508	4324.000
1229.653	4159.000
1229.797	4327.000
1229.942	4139.000
1230.086	4345.000
1230.231	4087.000
1230.375	4295.000
1230.520	4097.000
1230.664	4265.000
1230.809	4051.000
1230.953	4319.000
1231.098	4080.000
1231.242	4231.000
1231.386	4026.000
1231.531	4206.000
1231.675	3989.000
1231.820	4182.000
1231.964	4042.000
1232.108	4224.000
1232.253	4046.000
1232.397	4202.000
1232.541	3913.000
1232.686	4225.000
1232.830	3975.000
1232.974	4158.000
1233.119	3970.000
1233.263	4221.000
1233.407	4002.000
1233.552	4150.000
1233.696	3962.000
1233.840	4178.000
1233.984	3934.000
1234.129	4098.000
1234.273	3939.000
1234.417	4187.000
1234.561	3917.000
1234.705	4091.000
1234.850	3960.000
1234.994	4132.000
1235.138	3955.000
1235.282	4099.000
1235.426	3890.000
1235.570	4133.000
1235.715	3969.000
1235.859	4119.000
1236.003	4023.000
1236.147	4152.000
1236.291	3965.000
1236.435	4050.000
1236.579	3901.000
1236.723	4100.000
1236.867	3904.000
1237.011	4131.000
1237.155	4020.000
1237.299	4152.000
1237.443	3905.000
1237.587	4166.000
1237.731	4011.000
1237.875	4100.000
1238.019	3908.000
1238.163	4137.000
1238.307	3921.000
1238.451	4074.000
1238.595	3927.000
1238.739	4170.000
1238.883	3933.000
1239.027	4090.000
1239.171	3948.000
1239.315	4092.000
1239.458	3933.000
1239.602	4107.000
1239.746	3966.000
1239.890	4119.000
1240.034	3923.000
1240.178	4185.000
1240.321	3957.000
1240.465	4074.000
1240.609	3955.000
1240.753	4145.000
1240.896	3890.000
1241.040	4115.000
1241.184	4017.000
1241.328	4105.000
1241.471	3944.000
1241.615	4055.000
1241.759	3936.000
1241.903	4081.000
1242.046	3905.000
1242.190	4098.000
1242.334	3971.000
1242.477	4136.000
1242.621	3917.000
1242.765	4094.000
1242.908	3799.000
1243.052	4161.000
1243.195	3924.000
1243.339	4074.000
1243.483	3925.000
1243.626	4146.000
1243.770	3915.000
1243.913	4074.000
1244.057	4023.000
1244.200	3984.000
1244.344	3850.000
1244.487	4106.000
1244.631	3929.000
1244.774	4062.000
1244.918	3859.000
1245.061	4126.000
1245.205	3996.000
1245.348	4126.000
1245.492	3878.000
1245.635	4108.000
1245.779	3947.000
1245.922	4066.000
1246.065	3867.000
1246.209	4129.000
1246.352	3893.000
1246.496	4000.000
1246.639	3884.000
1246.782	4043.000
1246.926	3890.000
1247.069	4140.000
1247.212	3864.000
1247.356	3953.000
1247.499	3875.000
1247.642	4073.000
1247.785	3931.000
1247.929	4010.000
1248.072	3811.000
1248.215	4066.000
1248.358	3857.000
1248.502	4023.000
1248.645	3850.000
1248.788	4075.000
1248.931	3863.000
1249.075	4044.000
1249.218	3900.000
1249.361	4052.000
1249.504	3846.000
1249.647	4065.000
1249.790	3807.000
1249.933	3981.000
1250.077	3892.000
1250.220	4042.000
1250.363	3740.000
1250.506	4064.000
1250.649	3740.000
1250.792	3979.000
1250.935	3846.000
1251.078	4015.000
1251.221	3800.000
1251.364	3978.000
1251.507	3828.000
1251.650	3896.000
1251.793	3779.000
1251.936	3985.000
1252.079	3892.000
1252.222	3935.000
1252.365	3828.000
1252.508	3963.000
1252.651	3817.000
1252.794	3956.000
1252.937	3769.000
1253.080	3905.000
1253.223	3798.000
1253.366	3962.000
1253.509	3787.000
1253.651	3974.000
1253.794	3712.000
1253.937	3997.000
1254.080	3725.000
1254.223	3979.000
1254.366	3752.000
1254.508	4005.000
1254.651	3775.000
1254.794	4043.000
1254.937	3693.000
1255.080	4032.000
1255.222	3790.000
1255.365	3939.000
1255.508	3769.000
1255.651	3962.000
1255.793	3783.000
1255.936	3913.000
1256.079	3777.000
1256.221	3983.000
1256.364	3740.000
1256.507	3953.000
1256.649	3748.000
1256.792	3964.000
1256.935	3854.000
1257.077	4014.000
1257.220	3812.000
1257.362	3942.000
1257.505	3699.000
1257.648	3971.000
1257.790	3662.000
1257.933	3987.000
1258.075	3821.000
1258.218	3932.000
1258.360	3843.000
1258.503	3876.000
1258.646	3656.000
1258.788	3888.000
1258.931	3780.000
1259.073	4023.000
1259.216	3770.000
1259.358	3935.000
1259.500	3703.000
1259.643	3961.000
1259.785	3784.000
1259.928	3899.000
1260.070	3697.000
1260.213	3979.000
1260.355	3831.000
1260.497	3920.000
1260.640	3720.000
1260.782	3950.000
1260.924	3694.000
1261.067	3952.000
1261.209	3788.000
1261.351	3873.000
1261.494	3673.000
1261.636	3913.000
1261.778	3729.000
1261.921	4006.000
1262.063	3711.000
1262.205	3955.000
1262.348	3734.000
1262.490	3925.000
1262.632	3758.000
1262.774	3954.000
1262.916	3739.000
1263.059	3931.000
1263.201	3760.000
1263.343	3928.000
1263.485	3743.000
1263.627	3983.000
1263.770	3765.000
1263.912	3954.000
1264.054	3729.000
1264.196	3887.000
1264.338	3713.000
1264.480	3978.000
1264.622	3700.000
1264.764	3889.000
1264.906	3725.000
1265.048	3883.000
1265.191	3706.000
1265.333	3887.000
1265.475	3735.000
1265.617	3923.000
1265.759	3726.000
1265.901	3942.000
1266.043	3768.000
1266.185	3914.000
1266.327	3686.000
1266.469	3958.000
1266.611	3771.000
1266.753	3923.000
1266.894	3716.000
1267.036	3974.000
1267.178	3707.000
1267.320	3877.000
1267.462	3698.000
1267.604	3907.000
1267.746	3742.000
1267.888	3936.000
1268.030	3713.000
1268.171	3905.000
1268.313	3688.000
1268.455	3887.000
1268.597	3789.000
1268.739	3900.000
1268.881	3669.000
1269.022	3905.000
1269.164	3638.000
1269.306	3921.000
1269.448	3797.000
1269.589	3885.000
1269.731	3715.000
1269.873	3843.000
1270.015	3763.000
1270.156	3933.000
1270.298	3786.000
1270.440	3951.000
1270.581	3703.000
1270.723	3912.000
1270.865	3739.000
1271.006	3939.000
1271.148	3691.000
1271.289	3969.000
1271.431	3755.000
1271.573	3964.000
1271.714	3768.000
1271.856	3806.000
1271.997	3663.000
1272.139	3933.000
1272.281	3667.000
1272.422	3911.000
1272.564	3706.000
1272.705	3871.000
1272.847	3709.000
1272.988	3869.000
1273.130	3700.000
1273.271	3965.000
1273.413	3582.000
1273.554	3946.000
1273.696	3705.000
1273.837	3879.000
1273.978	3735.000
1274.120	3923.000
1274.261	3700.000
1274.403	3864.000
1274.544	3687.000
1274.685	3864.000
1274.827	3710.000
1274.968	3898.000
1275.110	3655.000
1275.251	3897.000
1275.392	3834.000
1275.534	3908.000
1275.675	3703.000
1275.816	3937.000
1275.957	3664.000
1276.099	3899.000
1276.240	3669.000
1276.381	3905.000
1276.523	3658.000
1276.664	4007.000
1276.805	3707.000
1276.946	3932.000
1277.087	3674.000
1277.229	3935.000
1277.370	3732.000
1277.511	3928.000
1277.652	3640.000
1277.793	3865.000
1277.935	3669.000
1278.076	3939.000
1278.217	3738.000
1278.358	3896.000
1278.499	3597.000
1278.640	3883.000
1278.781	3722.000
1278.922	3875.000
1279.063	3696.000
1279.204	3900.000
1279.345	3643.000
1279.487	3905.000
1279.628	3639.000
1279.769	3932.000
1279.910	3737.000
1280.051	4006.000
1280.192	3695.000
1280.333	3892.000
1280.474	3665.000
1280.615	3868.000
1280.755	3726.000
1280.896	4006.000
1281.037	3693.000
1281.178	3943.000
1281.319	3612.000
1281.460	3910.000
1281.601	3711.000
1281.742	3921.000
1281.883	3694.000
1282.024	3871.000
1282.164	3816.000
1282.305	3875.000
1282.446	3726.000
1282.587	3951.000
1282.728	3682.000
1282.869	3905.000
1283.009	3666.000
1283.150	3962.000
1283.291	3728.000
1283.432	3824.000
1283.572	3688.000
1283.713	3922.000
1283.854	3704.000
1283.995	3833.000
1284.135	3619.000
1284.276	3885.000
1284.417	3776.000
1284.557	3913.000
1284.698	3767.000
1284.839	3953.000
1284.979	3731.000
1285.120	3896.000
1285.261	3710.000
1285.401	3871.000
1285.542	3625.000
1285.682	3886.000
1285.823	3781.000
1285.964	3944.000
1286.104	3701.000
1286.245	3919.000
1286.385	3702.000
1286.526	3931.000
1286.666	3647.000
1286.807	3887.000
1286.947	3692.000
1287.088	3822.000
1287.228	3652.000
1287.369	3890.000
1287.509	3775.000
1287.650	3848.000
1287.790	3682.000
1287.931	3880.000
1288.071	3703.000
1288.212	3884.000
1288.352	3681.000
1288.492	3947.000
1288.633	3701.000
1288.773	3892.000
1288.913	3709.000
1289.054	3943.000
1289.194	3704.000
1289.334	3893.000
1289.475	3689.000
1289.615	3870.000
1289.755	3660.000
1289.896	3802.000
1290.036	3623.000
1290.176	3917.000
1290.317	3747.000
1290.457	3848.000
1290.597	3689.000
1290.737	3867.000
1290.878	3677.000
1291.018	3824.000
1291.158	3651.000
1291.298	3862.000
1291.438	3653.000
1291.579	3821.000
1291.719	3684.000
1291.859	3877.000
1291.999	3653.000
1292.139	3830.000
1292.279	3618.000
1292.419	3884.000
1292.560	3689.000
1292.700	3853.000
1292.840	3710.000
1292.980	3834.000
1293.120	3573.000
1293.260	3824.000
1293.400	3727.000
1293.540	3916.000
1293.680	3664.000
1293.820	3825.000
1293.960	3706.000
1294.100	3800.000
1294.240	3584.000
1294.380	3850.000
1294.520	3636.000
1294.660	3803.000
1294.800	3619.000
1294.940	3803.000
1295.080	3585.000
1295.220	3856.000
1295.360	3652.000
1295.499	3861.000
1295.639	3568.000
1295.779	3849.000
1295.919	3595.000
1296.059	3862.000
1296.199	3615.000
1296.339	3864.000
1296.478	3601.000
1296.618	3820.000
1296.758	3624.000
1296.898	3785.000
1297.038	3578.000
1297.177	3849.000
1297.317	3603.000
1297.457	3779.000
1297.597	3630.000
1297.736	3779.000
1297.876	3597.000
1298.016	3824.000
1298.156	3609.000
1298.295	3750.000
1298.435	3577.000
1298.575	3783.000
1298.714	3638.000
1298.854	3766.000
1298.994	3607.000
1299.133	3749.000
1299.273	3618.000
1299.412	3859.000
1299.552	3597.000
1299.692	3735.000
1299.831	3624.000
1299.971	3771.000
1300.110	3607.000
1300.250	3824.000
1300.389	3607.000
1300.529	3785.000
1300.669	3605.000
1300.808	3812.000
1300.948	3612.000
1301.087	3778.000
1301.227	3579.000
1301.366	3813.000
1301.505	3604.000
1301.645	3737.000
1301.784	3648.000
1301.924	3788.000
1302.063	3585.000
1302.203	3702.000
1302.342	3530.000
1302.481	3797.000
1302.621	3559.000
1302.760	3733.000
1302.900	3587.000
1303.039	3824.000
1303.178	3752.000
1303.318	3769.000
1303.457	3584.000
1303.596	3754.000
1303.736	3537.000
1303.875	3799.000
1304.014	3521.000
1304.153	3803.000
1304.293	3534.000
1304.432	3659.000
1304.571	3619.000
1304.710	3721.000
1304.850	3536.000
1304.989	3725.000
1305.128	3585.000
1305.267	3769.000
1305.406	3549.000
1305.546	3728.000
1305.685	3504.000
1305.824	3687.000
1305.963	3532.000
1306.102	3744.000
1306.241	3559.000
1306.380	3708.000
1306.519	3619.000
1306.659	3703.000
1306.798	3510.000
1306.937	3831.000
1307.076	3537.000
1307.215	3731.000
1307.354	3531.000
1307.493	3640.000
1307.632	3527.000
1307.771	3698.000
1307.910	3538.000
1308.049	3651.000
1308.188	3533.000
1308.327	3640.000
1308.466	3553.000
1308.605	3688.000
1308.744	3513.000
1308.883	3730.000
1309.022	3514.000
1309.161	3751.000
1309.299	3497.000
1309.438	3663.000
1309.577	3552.000
1309.716	3681.000
1309.855	3537.000
1309.994	3683.000
1310.133	3530.000
1310.271	3661.000
1310.410	3558.000
1310.549	3729.000
1310.688	3605.000
1310.827	3703.000
1310.965	3530.000
1311.104	3656.000
1311.243	3509.000
1311.382	3666.000
1311.520	3532.000
1311.659	3739.000
1311.798	3516.000
1311.937	3731.000
1312.075	3497.000
1312.214	3665.000
1312.353	3504.000
1312.491	3686.000
1312.630	3468.000
1312.769	3746.000
1312.907	3509.000
1313.046	3735.000
1313.185	3565.000
1313.323	3769.000
1313.462	3499.000
1313.600	3773.000
1313.739	3531.000
1313.878	3699.000
1314.016	3510.000
1314.155	3746.000
1314.293	3495.000
1314.432	3777.000
1314.570	3550.000
1314.709	3741.000
1314.847	3468.000
1314.986	3696.000
1315.124	3514.000
1315.263	3743.000
1315.401	3553.000
1315.540	3741.000
1315.678	3590.000
1315.816	3787.000
1315.955	3590.000
1316.093	3723.000
1316.232	3529.000
1316.370	3781.000
1316.508	3536.000
1316.647	3750.000
1316.785	3517.000
1316.923	3761.000
1317.062	3526.000
1317.200	3772.000
1317.338	3514.000
1317.477	3823.000
1317.615	3613.000
1317.753	3771.000
1317.892	3514.000
1318.030	3720.000
1318.168	3549.000
1318.306	3677.000
1318.445	3557.000
1318.583	3755.000
1318.721	3579.000
1318.859	3758.000
1318.998	3590.000
1319.136	3757.000
1319.274	3590.000
1319.412	3724.000
1319.550	3553.000
1319.688	3793.000
1319.826	3545.000
1319.965	3744.000
1320.103	3538.000
1320.241	3718.000
1320.379	3472.000
1320.517	3763.000
1320.655	3579.000
1320.793	3670.000
1320.931	3589.000
1321.069	3846.000
1321.207	3503.000
1321.345	3772.000
1321.483	3570.000
1321.621	3725.000
1321.759	3516.000
1321.897	3678.000
1322.035	3543.000
1322.173	3683.000
1322.311	3555.000
1322.449	3742.000
1322.587	3549.000
1322.725	3706.000
1322.863	3501.000
1323.001	3760.000
1323.139	3563.000
1323.277	3712.000
1323.415	3607.000
1323.552	3724.000
1323.690	3540.000
1323.828	3710.000
1323.966	3128.000
1324.104	3666.000
1324.242	3513.000
1324.379	3653.000
1324.517	3443.000
1324.655	3693.000
1324.793	3460.000
1324.931	3679.000
1325.068	3541.000
1325.206	3676.000
1325.344	3546.000
1325.481	3651.000
1325.619	3468.000
1325.757	3690.000
1325.895	3521.000
1326.032	3667.000
1326.170	3415.000
1326.308	3686.000
1326.445	3424.000
1326.583	3638.000
1326.721	3484.000
1326.858	3605.000
1326.996	3476.000
1327.133	3656.000
1327.271	3400.000
1327.409	3679.000
1327.546	3398.000
1327.684	3724.000
1327.821	3473.000
1327.959	3581.000
1328.096	3472.000
1328.234	3589.000
1328.371	3405.000
1328.509	3545.000
1328.646	3377.000
1328.784	3552.000
1328.921	3391.000
1329.059	3656.000
1329.196	3417.000
1329.334	3627.000
1329.471	3378.000
1329.609	3511.000
1329.746	3379.000
1329.883	3559.000
1330.021	3299.000
1330.158	3541.000
1330.296	3286.000
1330.433	3524.000
1330.570	3327.000
1330.708	3540.000
1330.845	3448.000
1330.982	3554.000
1331.120	3337.000
1331.257	3628.000
1331.394	3308.000
1331.531	3546.000
1331.669	3348.000
1331.806	3593.000
1331.943	3340.000
1332.080	3619.000
1332.218	4768.000
1332.355	3580.000
1332.492	3380.000
1332.629	3550.000
1332.767	3372.000
1332.904	3564.000
1333.041	3277.000
1333.178	3512.000
1333.315	3473.000
1333.452	3625.000
1333.589	3400.000
1333.727	3522.000
1333.864	3336.000
1334.001	3559.000
1334.138	3409.000
1334.275	3634.000
1334.412	3359.000
1334.549	3534.000
1334.686	3330.000
1334.823	3570.000
1334.960	3361.000
1335.097	3593.000
1335.234	3385.000
1335.371	3577.000
1335.508	3379.000
1335.645	3560.000
1335.782	3316.000
1335.919	3489.000
1336.056	3300.000
1336.193	3605.000
1336.330	3356.000
1336.467	3559.000
1336.604	3323.000
1336.741	3602.000
1336.878	3353.000
1337.015	3616.000
1337.151	3362.000
1337.288	3552.000
1337.425	3266.000
1337.562	3578.000
1337.699	3294.000
1337.836	3570.000
1337.972	3308.000
1338.109	3603.000
1338.246	3340.000
1338.383	3557.000
1338.520	3367.000
1338.656	3611.000
1338.793	3291.000
1338.930	3559.000
1339.067	3407.000
1339.203	3507.000
1339.340	3328.000
1339.477	3563.000
1339.613	3341.000
1339.750	3531.000
1339.887	3346.000
1340.023	3507.000
1340.160	3367.000
1340.297	3528.000
1340.433	3372.000
1340.570	3527.000
1340.706	3390.000
1340.843	3597.000
1340.980	3311.000
1341.116	3568.000
1341.253	3292.000
1341.389	3479.000
1341.526	3425.000
1341.662	3557.000
1341.799	3359.000
1341.936	3548.000
1342.072	3399.000
1342.209	3571.000
1342.345	3380.000
1342.482	3608.000
1342.618	3400.000
1342.754	3622.000
1342.891	3368.000
1343.027	3544.000
1343.164	3360.000
1343.300	3560.000
1343.437	3372.000
1343.573	3471.000
1343.709	3422.000
1343.846	3583.000
1343.982	3430.000
1344.118	3538.000
1344.255	3332.000
1344.391	3454.000
1344.527	3426.000
1344.664	3619.000
