1199.956	6202.000
1200.103	6093.000
1200.250	6139.000
1200.396	6205.000
1200.543	6132.000
1200.689	6142.000
1200.836	6100.000
1200.982	6143.000
1201.129	6146.000
1201.275	6133.000
1201.422	6068.000
1201.568	6154.000
1201.715	6145.000
1201.861	6100.000
1202.008	6150.000
1202.154	6221.000
1202.301	6078.000
1202.447	6204.000
1202.593	6138.000
1202.740	6250.000
1202.886	6136.000
1203.033	6168.000
1203.179	6341.000
1203.325	6259.000
1203.472	6319.000
1203.618	6247.000
1203.764	6332.000
1203.911	6278.000
1204.057	6331.000
1204.203	6296.000
1204.350	6352.000
1204.496	6371.000
1204.642	6416.000
1204.789	6359.000
1204.935	6335.000
1205.081	6359.000
1205.227	6464.000
1205.374	6334.000
1205.520	6465.000
1205.666	6455.000
1205.812	6392.000
1205.958	6450.000
1206.105	6408.000
1206.251	6454.000
1206.397	6396.000
1206.543	6438.000
1206.689	6490.000
1206.835	6374.000
1206.981	6465.000
1207.127	6458.000
1207.274	6474.000
1207.420	6434.000
1207.566	6531.000
1207.712	6483.000
1207.858	6476.000
1208.004	6532.000
1208.150	6483.000
1208.296	6520.000
1208.442	6476.000
1208.588	6508.000
1208.734	6588.000
1208.880	6489.000
1209.026	6557.000
1209.172	6471.000
1209.318	6520.000
1209.464	6585.000
1209.610	6610.000
1209.756	6494.000
1209.902	6595.000
1210.048	6536.000
1210.193	6603.000
1210.339	6539.000
1210.485	6640.000
1210.631	6603.000
1210.777	6590.000
1210.923	6602.000
1211.069	6623.000
1211.214	6571.000
1211.360	6637.000
1211.506	6675.000
1211.652	6646.000
1211.798	6571.000
1211.943	6654.000
1212.089	6592.000
1212.235	6627.000
1212.381	6558.000
1212.526	6619.000
1212.672	6605.000
1212.818	6679.000
1212.964	6587.000
1213.109	6674.000
1213.255	6627.000
1213.401	6680.000
1213.546	6605.000
1213.692	6683.000
1213.838	6575.000
1213.983	6596.000
1214.129	6596.000
1214.274	6627.000
1214.420	6628.000
1214.566	6603.000
1214.711	6515.000
1214.857	6557.000
1215.002	6494.000
1215.148	6564.000
1215.293	6566.000
1215.439	6546.000
1215.585	6501.000
1215.730	6525.000
1215.876	6450.000
1216.021	6502.000
1216.166	6464.000
1216.312	6353.000
1216.457	6484.000
1216.603	6432.000
1216.748	6358.000
1216.894	6430.000
1217.039	6374.000
1217.185	6387.000
1217.330	6323.000
1217.475	6318.000
1217.621	6300.000
1217.766	6310.000
1217.912	6320.000
1218.057	6207.000
1218.202	6269.000
1218.348	6154.000
1218.493	6113.000
1218.638	6204.000
1218.783	6160.000
1218.929	6121.000
1219.074	6110.000
1219.219	6058.000
1219.365	5977.000
1219.510	5989.000
1219.655	5983.000
1219.800	5985.000
1219.946	5948.000
1220.091	5871.000
1220.236	5922.000
1220.381	5879.000
1220.526	5873.000
1220.672	5762.000
1220.817	5713.000
1220.962	5719.000
1221.107	5783.000
1221.252	5701.000
1221.397	5646.000
1221.542	5591.000
1221.687	5662.000
1221.833	5572.000
1221.978	5532.000
1222.123	5482.000
1222.268	5485.000
1222.413	5398.000
1222.558	5509.000
1222.703	5412.000
1222.848	5437.000
1222.993	5319.000
1223.138	5361.000
1223.283	5273.000
1223.428	5293.000
1223.573	5200.000
1223.718	5288.000
1223.863	5067.000
1224.008	5159.000
1224.153	5096.000
1224.298	5141.000
1224.442	5064.000
1224.587	5142.000
1224.732	4917.000
1224.877	5081.000
1225.022	4930.000
1225.167	4936.000
1225.312	4898.000
1225.457	4975.000
1225.601	4770.000
1225.746	4932.000
1225.891	4709.000
1226.036	4804.000
1226.181	4739.000
1226.325	4865.000
1226.470	4698.000
1226.615	4819.000
1226.760	4576.000
1226.904	4666.000
1227.049	4617.000
1227.194	4670.000
1227.339	4585.000
1227.483	4705.000
1227.628	4544.000
1227.773	4631.000
1227.917	4450.000
1228.062	4617.000
1228.207	4470.000
1228.351	4656.000
1228.496	4387.000
1228.641	4530.000
1228.785	4313.000
1228.930	4587.000
1229.074	4461.000
1229.219	4455.000
1229.363	4399.000
1229.508	4430.000
1229.653	4291.000
1229.797	4423.000
1229.942	4279.000
1230.086	4491.000
1230.231	4222.000
1230.375	4411.000
1230.520	4254.000
1230.664	4405.000
1230.809	4187.000
1230.953	4457.000
1231.098	4230.000
1231.242	4329.000
1231.386	4149.000
1231.531	4314.000
1231.675	4129.000
1231.820	4317.000
1231.964	4186.000
1232.108	4333.000
1232.253	4162.000
1232.397	4324.000
1232.541	4053.000
1232.686	4339.000
1232.830	4096.000
1232.974	4291.000
1233.119	4093.000
1233.263	4346.000
1233.407	4149.000
1233.552	4273.000
1233.696	4083.000
1233.840	4305.000
1233.984	4095.000
1234.129	4256.000
1234.273	4125.000
1234.417	4311.000
1234.561	4051.000
1234.705	4208.000
1234.850	4079.000
1234.994	4257.000
1235.138	4088.000
1235.282	4219.000
1235.426	4053.000
1235.570	4266.000
1235.715	4106.000
1235.859	4273.000
1236.003	4154.000
1236.147	4313.000
1236.291	4117.000
1236.435	4209.000
1236.579	4045.000
1236.723	4206.000
1236.867	4073.000
1237.011	4264.000
1237.155	4163.000
1237.299	4283.000
1237.443	4050.000
1237.587	4274.000
1237.731	4150.000
1237.875	4205.000
1238.019	4054.000
1238.163	4261.000
1238.307	4103.000
1238.451	4257.000
1238.595	4056.000
1238.739	4288.000
1238.883	4057.000
1239.027	4250.000
1239.171	4093.000
1239.315	4243.000
1239.458	4074.000
1239.602	4225.000
1239.746	4093.000
1239.890	4262.000
1240.034	4113.000
1240.178	4315.000
1240.321	4100.000
1240.465	4211.000
1240.609	4108.000
1240.753	4281.000
1240.896	4040.000
1241.040	4264.000
1241.184	4176.000
1241.328	4261.000
1241.471	4067.000
1241.615	4203.000
1241.759	4066.000
1241.903	4226.000
1242.046	4069.000
1242.190	4227.000
1242.334	4103.000
1242.477	4278.000
1242.621	4086.000
1242.765	4228.000
1242.908	3943.000
1243.052	4314.000
1243.195	4062.000
1243.339	4208.000
1243.483	4019.000
1243.626	4272.000
1243.770	4044.000
1243.913	4193.000
1244.057	4139.000
1244.200	4123.000
1244.344	3988.000
1244.487	4241.000
1244.631	4038.000
1244.774	4181.000
1244.918	3984.000
1245.061	4266.000
1245.205	4109.000
1245.348	4209.000
1245.492	3997.000
1245.635	4216.000
1245.779	4058.000
1245.922	4210.000
1246.065	3971.000
1246.209	4221.000
1246.352	4009.000
1246.496	4110.000
1246.639	4007.000
1246.782	4164.000
1246.926	3989.000
1247.069	4260.000
1247.212	3937.000
1247.356	4045.000
1247.499	3979.000
1247.642	4179.000
1247.785	4053.000
1247.929	4094.000
1248.072	3918.000
1248.215	4163.000
1248.358	3939.000
1248.502	4122.000
1248.645	3930.000
1248.788	4150.000
1248.931	3950.000
1249.075	4098.000
1249.218	3979.000
1249.361	4122.000
1249.504	3966.000
1249.647	4139.000
1249.790	3899.000
1249.933	4071.000
1250.077	3962.000
1250.220	4079.000
1250.363	3849.000
1250.506	4124.000
1250.649	3846.000
1250.792	4040.000
1250.935	3883.000
1251.078	4081.000
1251.221	3894.000
1251.364	4044.000
1251.507	3883.000
1251.650	3969.000
1251.793	3877.000
1251.936	4031.000
1252.079	3960.000
1252.222	3988.000
1252.365	3865.000
1252.508	3991.000
1252.651	3861.000
1252.794	4017.000
1252.937	3829.000
1253.080	3983.000
1253.223	3873.000
1253.366	4042.000
1253.509	3847.000
1253.651	4029.000
1253.794	3771.000
1253.937	4060.000
1254.080	3766.000
1254.223	4022.000
1254.366	3810.000
1254.508	4071.000
1254.651	3819.000
1254.794	4107.000
1254.937	3776.000
1255.080	4118.000
1255.222	3827.000
1255.365	4006.000
1255.508	3860.000
1255.651	4035.000
1255.793	3835.000
1255.936	3959.000
1256.079	3836.000
1256.221	4035.000
1256.364	3783.000
1256.507	3996.000
1256.649	3831.000
1256.792	4026.000
1256.935	3907.000
1257.077	4053.000
1257.220	3887.000
1257.362	3998.000
1257.505	3800.000
1257.648	4057.000
1257.790	3686.000
1257.933	4027.000
1258.075	3866.000
1258.218	3982.000
1258.360	3881.000
1258.503	3947.000
1258.646	3732.000
1258.788	3947.000
1258.931	3849.000
1259.073	4074.000
1259.216	3822.000
1259.358	3991.000
1259.500	3749.000
1259.643	4037.000
1259.785	3828.000
1259.928	3959.000
1260.070	3738.000
1260.213	4044.000
1260.355	3846.000
1260.497	3975.000
1260.640	3801.000
1260.782	4007.000
1260.924	3779.000
1261.067	4017.000
1261.209	3836.000
1261.351	3939.000
1261.494	3724.000
1261.636	3974.000
1261.778	3795.000
1261.921	4044.000
1262.063	3781.000
1262.205	4030.000
1262.348	3781.000
1262.490	3957.000
1262.632	3805.000
1262.774	3988.000
1262.916	3801.000
1263.059	3972.000
1263.201	3826.000
1263.343	3982.000
1263.485	3823.000
1263.627	4039.000
1263.770	3847.000
1263.912	4035.000
1264.054	3786.000
1264.196	3940.000
1264.338	3761.000
1264.480	4023.000
1264.622	3770.000
1264.764	3971.000
1264.906	3750.000
1265.048	3917.000
1265.191	3767.000
1265.333	3951.000
1265.475	3783.000
1265.617	3973.000
1265.759	3781.000
1265.901	4003.000
1266.043	3844.000
1266.185	3970.000
1266.327	3743.000
1266.469	4027.000
1266.611	3847.000
1266.753	3951.000
1266.894	3754.000
1267.036	4040.000
1267.178	3748.000
1267.320	3948.000
1267.462	3752.000
1267.604	3959.000
1267.746	3795.000
1267.888	3961.000
1268.030	3768.000
1268.171	3984.000
1268.313	3745.000
1268.455	3930.000
1268.597	3841.000
1268.739	3946.000
1268.881	3751.000
1269.022	3950.000
1269.164	3700.000
1269.306	4004.000
1269.448	3866.000
1269.589	3891.000
1269.731	3761.000
1269.873	3894.000
1270.015	3795.000
1270.156	3972.000
1270.298	3815.000
1270.440	3992.000
1270.581	3749.000
1270.723	3959.000
1270.865	3771.000
1271.006	3981.000
1271.148	3759.000
1271.289	3986.000
1271.431	3800.000
1271.573	3976.000
1271.714	3780.000
1271.856	3840.000
1271.997	3706.000
1272.139	3992.000
1272.281	3663.000
1272.422	3922.000
1272.564	3729.000
1272.705	3930.000
1272.847	3729.000
1272.988	3934.000
1273.130	3767.000
1273.271	3983.000
1273.413	3632.000
1273.554	3979.000
1273.696	3762.000
1273.837	3929.000
1273.978	3766.000
1274.120	3922.000
1274.261	3744.000
1274.403	3888.000
1274.544	3700.000
1274.685	3927.000
1274.827	3750.000
1274.968	3922.000
1275.110	3662.000
1275.251	3921.000
1275.392	3832.000
1275.534	3937.000
1275.675	3736.000
1275.816	3956.000
1275.957	3722.000
1276.099	3932.000
1276.240	3690.000
1276.381	3947.000
1276.523	3689.000
1276.664	4019.000
1276.805	3721.000
1276.946	3956.000
1277.087	3715.000
1277.229	3938.000
1277.370	3762.000
1277.511	3945.000
1277.652	3669.000
1277.793	3908.000
1277.935	3718.000
1278.076	3932.000
1278.217	3780.000
1278.358	3921.000
1278.499	3650.000
1278.640	3957.000
1278.781	3772.000
1278.922	3876.000
1279.063	3716.000
1279.204	3888.000
1279.345	3665.000
1279.487	3911.000
1279.628	3673.000
1279.769	3963.000
1279.910	3753.000
1280.051	4006.000
1280.192	3719.000
1280.333	3939.000
1280.474	3704.000
1280.615	3883.000
1280.755	3769.000
1280.896	4015.000
1281.037	3708.000
1281.178	3946.000
1281.319	3641.000
1281.460	3950.000
1281.601	3775.000
1281.742	3926.000
1281.883	3714.000
1282.024	3905.000
1282.164	3819.000
1282.305	3872.000
1282.446	3735.000
1282.587	3961.000
1282.728	3710.000
1282.869	3937.000
1283.009	3693.000
1283.150	4004.000
1283.291	3770.000
1283.432	3860.000
1283.572	3746.000
1283.713	3938.000
1283.854	3747.000
1283.995	3862.000
1284.135	3648.000
1284.276	3921.000
1284.417	3799.000
1284.557	3946.000
1284.698	3787.000
1284.839	4008.000
1284.979	3762.000
1285.120	3937.000
1285.261	3735.000
1285.401	3919.000
1285.542	3675.000
1285.682	3908.000
1285.823	3815.000
1285.964	3971.000
1286.104	3735.000
1286.245	3963.000
1286.385	3742.000
1286.526	3950.000
1286.666	3655.000
1286.807	3942.000
1286.947	3730.000
1287.088	3853.000
1287.228	3691.000
1287.369	3883.000
1287.509	3803.000
1287.650	3914.000
1287.790	3716.000
1287.931	3927.000
1288.071	3772.000
1288.212	3928.000
1288.352	3734.000
1288.492	3963.000
1288.633	3763.000
1288.773	3911.000
1288.913	3705.000
1289.054	3954.000
1289.194	3752.000
1289.334	3908.000
1289.475	3724.000
1289.615	3906.000
1289.755	3669.000
1289.896	3874.000
1290.036	3697.000
1290.176	3970.000
1290.317	3774.000
1290.457	3911.000
1290.597	3725.000
1290.737	3956.000
1290.878	3719.000
1291.018	3887.000
1291.158	3691.000
1291.298	3886.000
1291.438	3664.000
1291.579	3901.000
1291.719	3734.000
1291.859	3905.000
1291.999	3675.000
1292.139	3888.000
1292.279	3687.000
1292.419	3940.000
1292.560	3713.000
1292.700	3872.000
1292.840	3761.000
1292.980	3875.000
1293.120	3619.000
1293.260	3873.000
1293.400	3763.000
1293.540	3950.000
1293.680	3738.000
1293.820	3864.000
1293.960	3767.000
1294.100	3845.000
1294.240	3654.000
1294.380	3896.000
1294.520	3713.000
1294.660	3866.000
1294.800	3635.000
1294.940	3873.000
1295.080	3651.000
1295.220	3919.000
1295.360	3725.000
1295.499	3933.000
1295.639	3631.000
1295.779	3910.000
1295.919	3663.000
1296.059	3893.000
1296.199	3673.000
1296.339	3936.000
1296.478	3650.000
1296.618	3876.000
1296.758	3673.000
1296.898	3831.000
1297.038	3629.000
1297.177	3921.000
1297.317	3666.000
1297.457	3825.000
1297.597	3668.000
1297.736	3838.000
1297.876	3682.000
1298.016	3895.000
1298.156	3677.000
1298.295	3788.000
1298.435	3638.000
1298.575	3875.000
1298.714	3703.000
1298.854	3820.000
1298.994	3680.000
1299.133	3821.000
1299.273	3694.000
1299.412	3911.000
1299.552	3630.000
1299.692	3818.000
1299.831	3684.000
1299.971	3822.000
1300.110	3646.000
1300.250	3917.000
1300.389	3658.000
1300.529	3849.000
1300.669	3697.000
1300.808	3864.000
1300.948	3667.000
1301.087	3834.000
1301.227	3643.000
1301.366	3859.000
1301.505	3652.000
1301.645	3773.000
1301.784	3703.000
1301.924	3848.000
1302.063	3625.000
1302.203	3789.000
1302.342	3614.000
1302.481	3892.000
1302.621	3629.000
1302.760	3802.000
1302.900	3640.000
1303.039	3916.000
1303.178	3817.000
1303.318	3850.000
1303.457	3634.000
1303.596	3825.000
1303.736	3607.000
1303.875	3875.000
1304.014	3591.000
1304.153	3877.000
1304.293	3598.000
1304.432	3765.000
1304.571	3680.000
1304.710	3813.000
1304.850	3599.000
1304.989	3802.000
1305.128	3608.000
1305.267	3886.000
1305.406	3619.000
1305.546	3782.000
1305.685	3596.000
1305.824	3736.000
1305.963	3622.000
1306.102	3810.000
1306.241	3627.000
1306.380	3771.000
1306.519	3690.000
1306.659	3807.000
1306.798	3603.000
1306.937	3892.000
1307.076	3609.000
1307.215	3818.000
1307.354	3599.000
1307.493	3741.000
1307.632	3662.000
1307.771	3744.000
1307.910	3619.000
1308.049	3739.000
1308.188	3636.000
1308.327	3727.000
1308.466	3657.000
1308.605	3812.000
1308.744	3623.000
1308.883	3833.000
1309.022	3626.000
1309.161	3884.000
1309.299	3623.000
1309.438	3776.000
1309.577	3651.000
1309.716	3793.000
1309.855	3690.000
1309.994	3794.000
1310.133	3651.000
1310.271	3768.000
1310.410	3668.000
1310.549	3824.000
1310.688	3716.000
1310.827	3834.000
1310.965	3640.000
1311.104	3796.000
1311.243	3648.000
1311.382	3806.000
1311.520	3634.000
1311.659	3869.000
1311.798	3655.000
1311.937	3845.000
1312.075	3643.000
1312.214	3804.000
1312.353	3659.000
1312.491	3793.000
1312.630	3610.000
1312.769	3869.000
1312.907	3650.000
1313.046	3873.000
1313.185	3702.000
1313.323	3897.000
1313.462	3629.000
1313.600	3902.000
1313.739	3668.000
1313.878	3846.000
1314.016	3642.000
1314.155	3920.000
1314.293	3644.000
1314.432	3922.000
1314.570	3730.000
1314.709	3920.000
1314.847	3644.000
1314.986	3881.000
1315.124	3680.000
1315.263	3900.000
1315.401	3713.000
1315.540	3898.000
1315.678	3748.000
1315.816	3951.000
1315.955	3742.000
1316.093	3879.000
1316.232	3716.000
1316.370	3940.000
1316.508	3688.000
1316.647	3918.000
1316.785	3703.000
1316.923	3951.000
1317.062	3700.000
1317.200	3938.000
1317.338	3668.000
1317.477	3968.000
1317.615	3786.000
1317.753	3948.000
1317.892	3681.000
1318.030	3919.000
1318.168	3737.000
1318.306	3894.000
1318.445	3735.000
1318.583	3952.000
1318.721	3762.000
1318.859	3909.000
1318.998	3760.000
1319.136	3949.000
1319.274	3772.000
1319.412	3902.000
1319.550	3694.000
1319.688	3985.000
1319.826	3732.000
1319.965	3928.000
1320.103	3715.000
1320.241	3876.000
1320.379	3641.000
1320.517	3930.000
1320.655	3738.000
1320.793	3857.000
1320.931	3775.000
1321.069	3975.000
1321.207	3695.000
1321.345	3930.000
1321.483	3759.000
1321.621	3859.000
1321.759	3692.000
1321.897	3834.000
1322.035	3690.000
1322.173	3821.000
1322.311	3699.000
1322.449	3879.000
1322.587	3696.000
1322.725	3846.000
1322.863	3681.000
1323.001	3912.000
1323.139	3719.000
1323.277	3866.000
1323.415	3733.000
1323.552	3862.000
1323.690	3672.000
1323.828	3861.000
1323.966	3234.000
1324.104	3808.000
1324.242	3653.000
1324.379	3775.000
1324.517	3559.000
1324.655	3797.000
1324.793	3584.000
1324.931	3798.000
1325.068	3681.000
1325.206	3796.000
1325.344	3640.000
1325.481	3759.000
1325.619	3573.000
1325.757	3803.000
1325.895	3595.000
1326.032	3768.000
1326.170	3498.000
1326.308	3770.000
1326.445	3526.000
1326.583	3730.000
1326.721	3556.000
1326.858	3676.000
1326.996	3536.000
1327.133	3747.000
1327.271	3519.000
1327.409	3743.000
1327.546	3489.000
1327.684	3781.000
1327.821	3526.000
1327.959	3683.000
1328.096	3539.000
1328.234	3638.000
1328.371	3469.000
1328.509	3620.000
1328.646	3415.000
1328.784	3601.000
1328.921	3443.000
1329.059	3710.000
1329.196	3471.000
1329.334	3659.000
1329.471	3456.000
1329.609	3585.000
1329.746	3406.000
1329.883	3611.000
1330.021	3348.000
1330.158	3614.000
1330.296	3332.000
1330.433	3576.000
1330.570	3375.000
1330.708	3561.000
1330.845	3471.000
1330.982	3583.000
1331.120	3390.000
1331.257	3664.000
1331.394	3347.000
1331.531	3584.000
1331.669	3403.000
1331.806	3630.000
1331.943	3386.000
1332.080	3695.000
1332.218	4788.000
1332.355	3618.000
1332.492	3426.000
1332.629	3603.000
1332.767	3419.000
1332.904	3568.000
1333.041	3313.000
1333.178	3561.000
1333.315	3478.000
1333.452	3632.000
1333.589	3436.000
1333.727	3574.000
1333.864	3395.000
1334.001	3575.000
1334.138	3432.000
1334.275	3663.000
1334.412	3379.000
1334.549	3542.000
1334.686	3368.000
1334.823	3604.000
1334.960	3396.000
1335.097	3596.000
1335.234	3425.000
1335.371	3585.000
1335.508	3446.000
1335.645	3577.000
1335.782	3363.000
1335.919	3517.000
1336.056	3329.000
1336.193	3616.000
1336.330	3372.000
1336.467	3572.000
1336.604	3350.000
1336.741	3613.000
1336.878	3370.000
1337.015	3630.000
1337.151	3372.000
1337.288	3578.000
1337.425	3286.000
1337.562	3575.000
1337.699	3323.000
1337.836	3599.000
1337.972	3332.000
1338.109	3609.000
1338.246	3388.000
1338.383	3581.000
1338.520	3353.000
1338.656	3621.000
1338.793	3290.000
1338.930	3614.000
1339.067	3399.000
1339.203	3503.000
1339.340	3345.000
1339.477	3571.000
1339.613	3347.000
1339.750	3529.000
1339.887	3351.000
1340.023	3551.000
1340.160	3390.000
1340.297	3533.000
1340.433	3383.000
1340.570	3539.000
1340.706	3397.000
1340.843	3611.000
1340.980	3330.000
1341.116	3531.000
1341.253	3312.000
1341.389	3539.000
1341.526	3439.000
1341.662	3608.000
1341.799	3376.000
1341.936	3536.000
1342.072	3378.000
1342.209	3609.000
1342.345	3394.000
1342.482	3634.000
1342.618	3403.000
1342.754	3614.000
1342.891	3363.000
1343.027	3525.000
1343.164	3387.000
1343.300	3596.000
1343.437	3376.000
1343.573	3475.000
1343.709	3435.000
1343.846	3615.000
1343.982	3453.000
1344.118	3557.000
1344.255	3365.000
1344.391	3489.000
1344.527	3419.000
1344.664	3602.000
